"STATION","DATE","LATITUDE","LONGITUDE","ELEVATION","NAME","TEMP","TEMP_ATTRIBUTES","DEWP","DEWP_ATTRIBUTES","SLP","SLP_ATTRIBUTES","STP","STP_ATTRIBUTES","VISIB","VISIB_ATTRIBUTES","WDSP","WDSP_ATTRIBUTES","MXSPD","GUST","MAX","MAX_ATTRIBUTES","MIN","MIN_ATTRIBUTES","PRCP","PRCP_ATTRIBUTES","SNDP","FRSHTT"
"74718823158","2018-01-01","33.61876","-114.71451","120.4","BLYTHE ASOS, CA US","  51.3","24","  15.8","24","1020.4","24","006.2","24"," 10.0","24","  2.8","24","  8.0","999.9","  72.0"," ","  35.1"," "," 0.00","G","999.9","000000"
"74718823158","2018-01-02","33.61876","-114.71451","120.4","BLYTHE ASOS, CA US","  60.5","24","  16.8","24","1020.3","23","006.2","24"," 10.0","24","  4.4","24"," 15.0","999.9","  79.0"," ","  35.1"," "," 0.00","G","999.9","000000"
"74718823158","2018-01-03","33.61876","-114.71451","120.4","BLYTHE ASOS, CA US","  58.2","24","  17.6","24","1019.4","24","005.5","24"," 10.0","24","  3.3","24","  9.9","999.9","  79.0"," ","  45.0"," "," 0.00","G","999.9","000000"
"74718823158","2018-01-04","33.61876","-114.71451","120.4","BLYTHE ASOS, CA US","  60.0","24","  14.7","24","1018.8","24","004.9","24"," 10.0","24","  3.4","24","  6.0","999.9","  75.0"," ","  45.0"," "," 0.00","G","999.9","000000"
"74718823158","2018-01-05","33.61876","-114.71451","120.4","BLYTHE ASOS, CA US","  57.1","24","  14.8","24","1020.2","24","006.2","24"," 10.0","24","  3.1","24","  8.0","999.9","  75.0"," ","  44.1"," "," 0.00","G","999.9","000000"
"74718823158","2018-01-06","33.61876","-114.71451","120.4","BLYTHE ASOS, CA US","  58.6","24","  17.6","24","1019.1","24","005.1","24"," 10.0","24","  2.7","24","  6.0","999.9","  75.0"," ","  44.1"," "," 0.00","G","999.9","000000"
"74718823158","2018-01-07","33.61876","-114.71451","120.4","BLYTHE ASOS, CA US","  64.3","24","  36.6","24","1016.8","24","002.9","24"," 10.0","24","  4.8","24"," 11.1","999.9","  75.9"," ","  48.9"," "," 0.00","G","999.9","000000"
"74718823158","2018-01-08","33.61876","-114.71451","120.4","BLYTHE ASOS, CA US","  61.6","24","  36.3","24","1016.0","24","002.1","24"," 10.0","24","  2.3","24","  7.0","999.9","  75.9"," ","  55.9"," "," 0.00","G","999.9","000000"
"74718823158","2018-01-09","33.61876","-114.71451","120.4","BLYTHE ASOS, CA US","  61.3","24","  43.0","24","1009.4","24","995.7","24","  9.8","24","  5.7","24"," 25.1"," 29.9","  73.0"," ","  55.0"," "," 0.00","G","999.9","010000"
"74718823158","2018-01-10","33.61876","-114.71451","120.4","BLYTHE ASOS, CA US","  55.7","24","  46.9","24","1011.5","24","997.6","24"," 10.0","24","  4.2","24"," 11.1","999.9","  73.0"," ","  44.1"," "," 0.14","G","999.9","010000"
"74718823158","2018-01-11","33.61876","-114.71451","120.4","BLYTHE ASOS, CA US","  56.3","24","  47.3","24","1020.5","24","006.5","24"," 10.0","24","  3.0","24","  7.0","999.9","  71.1"," ","  44.1"," "," 0.00","G","999.9","000000"
"74718823158","2018-01-12","33.61876","-114.71451","120.4","BLYTHE ASOS, CA US","  56.5","24","  46.2","24","1022.1","24","008.0","24"," 10.0","24","  3.6","24"," 11.1","999.9","  73.0"," ","  44.1"," "," 0.00","G","999.9","000000"
"74718823158","2018-01-13","33.61876","-114.71451","120.4","BLYTHE ASOS, CA US","  61.7","24","  42.7","24","1022.4","24","008.4","24"," 10.0","24","  6.0","24"," 14.0","999.9","  75.9"," ","  44.1"," "," 0.00","G","999.9","000000"
"74718823158","2018-01-14","33.61876","-114.71451","120.4","BLYTHE ASOS, CA US","  59.7","24","  37.2","24","1021.9","24","007.9","24"," 10.0","24","  3.7","24","  8.9","999.9","  75.9"," ","  46.9"," "," 0.00","G","999.9","000000"
"74718823158","2018-01-15","33.61876","-114.71451","120.4","BLYTHE ASOS, CA US","  57.9","24","  36.7","24","1019.1","24","005.1","24"," 10.0","24","  2.0","24","  6.0","999.9","  75.9"," ","  45.0"," "," 0.00","G","999.9","000000"
"74718823158","2018-01-16","33.61876","-114.71451","120.4","BLYTHE ASOS, CA US","  59.3","24","  38.8","24","1018.7","24","004.8","24"," 10.0","24","  2.8","24","  5.1","999.9","  73.9"," ","  45.0"," "," 0.00","G","999.9","000000"
"74718823158","2018-01-17","33.61876","-114.71451","120.4","BLYTHE ASOS, CA US","  59.5","24","  37.3","24","1021.2","24","007.2","24"," 10.0","24","  3.4","24","  6.0","999.9","  75.9"," ","  45.0"," "," 0.00","G","999.9","000000"
"74718823158","2018-01-18","33.61876","-114.71451","120.4","BLYTHE ASOS, CA US","  60.0","24","  35.7","24","1020.1","24","006.2","24"," 10.0","24","  2.5","24","  7.0","999.9","  75.9"," ","  45.0"," "," 0.00","G","999.9","000000"
"74718823158","2018-01-19","33.61876","-114.71451","120.4","BLYTHE ASOS, CA US","  58.9","24","  33.1","24","1014.4","24","000.4","24"," 10.0","24","  4.2","24"," 12.0","999.9","  78.1"," ","  44.1"," "," 0.00","G","999.9","000000"
"74718823158","2018-01-20","33.61876","-114.71451","120.4","BLYTHE ASOS, CA US","  61.9","24","  35.2","24","1010.8","24","997.1","24"," 10.0","24"," 10.6","24"," 17.1","999.9","  78.1"," ","  44.1"," "," 0.00","G","999.9","000000"
"74718823158","2018-01-21","33.61876","-114.71451","120.4","BLYTHE ASOS, CA US","  52.7","24","  20.8","24","1021.1","24","007.1","24"," 10.0","24","  7.5","24"," 13.0"," 20.0","  64.0"," ","  39.9"," "," 0.00","G","999.9","000000"
"74718823158","2018-01-22","33.61876","-114.71451","120.4","BLYTHE ASOS, CA US","  49.4","24","  15.2","24","1024.8","24","010.7","24"," 10.0","24","  4.6","24"," 12.0"," 18.1","  64.0"," ","  36.0"," "," 0.00","G","999.9","000000"
"74718823158","2018-01-23","33.61876","-114.71451","120.4","BLYTHE ASOS, CA US","  54.0","24","  18.9","24","1021.8","24","007.8","24"," 10.0","24","  4.2","24"," 13.0","999.9","  72.0"," ","  36.0"," "," 0.00","G","999.9","000000"
"74718823158","2018-01-24","33.61876","-114.71451","120.4","BLYTHE ASOS, CA US","  54.6","24","  20.2","24","1021.6","24","007.6","24"," 10.0","24","  4.0","24","  8.0","999.9","  73.0"," ","  36.0"," "," 0.00","G","999.9","000000"
"74718823158","2018-01-25","33.61876","-114.71451","120.4","BLYTHE ASOS, CA US","  52.0","24","  15.7","24","1015.3","24","001.3","24"," 10.0","24","  5.7","24"," 19.0"," 22.9","  75.9"," ","  36.0"," "," 0.00","G","999.9","000000"
"74718823158","2018-01-26","33.61876","-114.71451","120.4","BLYTHE ASOS, CA US","  57.5","24","  26.5","24","1018.2","24","004.3","24"," 10.0","24","  9.4","24"," 15.9"," 20.0","  75.9"," ","  36.0"," "," 0.00","G","999.9","000000"
"74718823158","2018-01-27","33.61876","-114.71451","120.4","BLYTHE ASOS, CA US","  54.1","24","  12.1","24","1022.9","24","008.9","24"," 10.0","24","  6.2","24"," 14.0","999.9","  71.1"," ","  39.9"," "," 0.00","G","999.9","000000"
"74718823158","2018-01-28","33.61876","-114.71451","120.4","BLYTHE ASOS, CA US","  63.6","24","  14.8","24","1023.2","22","009.4","24"," 10.0","24"," 10.2","24"," 18.1"," 24.1","  81.0"," ","  39.9"," "," 0.00","G","999.9","000000"
"74718823158","2018-01-29","33.61876","-114.71451","120.4","BLYTHE ASOS, CA US","  69.4","24","  25.5","24","1022.0","24","008.2","24"," 10.0","24","  9.6","24"," 20.0"," 26.0","  82.9"," ","  46.9"," "," 0.00","G","999.9","000000"
"74718823158","2018-01-30","33.61876","-114.71451","120.4","BLYTHE ASOS, CA US","  64.6","24","  22.3","24","1019.0","24","005.2","24"," 10.0","24","  4.0","24","  9.9","999.9","  82.9"," ","  48.0"," "," 0.00","G","999.9","000000"
"74718823158","2018-01-31","33.61876","-114.71451","120.4","BLYTHE ASOS, CA US","  60.4","23","  21.3","23","1015.0","23","001.2","23"," 10.0","23","  2.7","23","  8.0","999.9","  80.1"," ","  43.0"," "," 0.00","G","999.9","000000"
"74718823158","2018-02-01","33.61876","-114.71451","120.4","BLYTHE ASOS, CA US","  60.6","24","  23.1","24","1015.5","24","001.6","24"," 10.0","24","  3.6","24","  7.0","999.9","  80.1"," ","  42.1"," "," 0.00","G","999.9","000000"
"74718823158","2018-02-02","33.61876","-114.71451","120.4","BLYTHE ASOS, CA US","  60.2","24","  23.3","24","1019.0","24","005.0","24"," 10.0","24","  2.3","24","  8.0","999.9","  80.1"," ","  44.1"," "," 0.00","G","999.9","000000"
"74718823158","2018-02-03","33.61876","-114.71451","120.4","BLYTHE ASOS, CA US","  61.7","24","  25.5","24","1017.7","24","003.9","24"," 10.0","24","  3.4","24"," 12.0","999.9","  84.0"," ","  44.1"," "," 0.00","G","999.9","000000"
"74718823158","2018-02-04","33.61876","-114.71451","120.4","BLYTHE ASOS, CA US","  66.7","24","  29.0","24","1016.0","24","002.2","24"," 10.0","24","  4.7","24","  8.9","999.9","  84.0"," ","  45.0"," "," 0.00","G","999.9","000000"
"74718823158","2018-02-05","33.61876","-114.71451","120.4","BLYTHE ASOS, CA US","  65.1","24","  30.2","24","1014.0","24","000.2","24"," 10.0","24","  3.6","24","  8.0","999.9","  82.9"," ","  48.9"," "," 0.00","G","999.9","000000"
"74718823158","2018-02-06","33.61876","-114.71451","120.4","BLYTHE ASOS, CA US","  63.5","24","  28.3","24","1012.4","24","998.6","24"," 10.0","24","  4.1","24"," 13.0"," 18.1","  84.9"," ","  48.0"," "," 0.00","G","999.9","000000"
"74718823158","2018-02-07","33.61876","-114.71451","120.4","BLYTHE ASOS, CA US","  68.5","24","  16.3","24","1021.1","24","007.3","24"," 10.0","24","  9.5","24"," 15.0","999.9","  84.9"," ","  48.0"," "," 0.00","G","999.9","000000"
"74718823158","2018-02-08","33.61876","-114.71451","120.4","BLYTHE ASOS, CA US","  63.0","24","  17.2","24","1020.5","24","006.7","24"," 10.0","24","  3.4","24","  7.0","999.9","  81.0"," ","  45.0"," "," 0.00","G","999.9","000000"
"74718823158","2018-02-09","33.61876","-114.71451","120.4","BLYTHE ASOS, CA US","  64.1","24","  23.0","24","1014.5","24","000.7","24"," 10.0","24","  4.0","24","  7.0","999.9","  82.0"," ","  45.0"," "," 0.00","G","999.9","000000"
"74718823158","2018-02-10","33.61876","-114.71451","120.4","BLYTHE ASOS, CA US","  64.8","24","  25.5","24","1007.9","24","994.2","24"," 10.0","24","  5.3","24"," 15.0","999.9","  82.9"," ","  48.0"," "," 0.00","G","999.9","000000"
"74718823158","2018-02-11","33.61876","-114.71451","120.4","BLYTHE ASOS, CA US","  64.9","24","  13.9","24","1010.7","24","997.0","24","  9.5","24"," 13.5","23"," 28.9"," 35.9","  82.9"," ","  48.9"," "," 0.00","G","999.9","000000"
"74718823158","2018-02-12","33.61876","-114.71451","120.4","BLYTHE ASOS, CA US","  62.3","24","  30.1","24","1008.3","24","994.6","24"," 10.0","24"," 11.0","24"," 21.0"," 28.9","  73.0"," ","  53.1"," "," 0.00","G","999.9","000000"
"74718823158","2018-02-13","33.61876","-114.71451","120.4","BLYTHE ASOS, CA US","  60.0","24","  36.9","24","1015.9","24","002.0","24","  9.9","24","  6.0","24"," 19.0","999.9","  73.0"," ","  48.0"," "," 0.00","G","999.9","000000"
"74718823158","2018-02-14","33.61876","-114.71451","120.4","BLYTHE ASOS, CA US","  61.0","24","  40.8","24","1019.2","24","005.2","24"," 10.0","24","  4.3","22"," 11.1","999.9","  70.0"," ","  48.0"," "," 0.00","G","999.9","000000"
"74718823158","2018-02-15","33.61876","-114.71451","120.4","BLYTHE ASOS, CA US","  61.0","24","  49.2","24","1018.6","22","004.7","24"," 10.0","24","  5.3","24"," 13.0","999.9","  71.1"," ","  51.1"," "," 0.00","G","999.9","010000"
"74718823158","2018-02-16","33.61876","-114.71451","120.4","BLYTHE ASOS, CA US","  61.2","24","  24.6","24","1020.2","24","006.3","24"," 10.0","24","  7.9","24"," 15.0"," 15.9","  73.0"," ","  48.9"," "," 0.00","G","999.9","000000"
"74718823158","2018-02-17","33.61876","-114.71451","120.4","BLYTHE ASOS, CA US","  55.9","24","  14.6","24","1020.0","24","006.0","24"," 10.0","24","  2.6","24","  7.0","999.9","  73.0"," ","  37.9"," "," 0.00","G","999.9","000000"
"74718823158","2018-02-18","33.61876","-114.71451","120.4","BLYTHE ASOS, CA US","  59.0","24","  28.3","24","1013.4","23","999.4","24"," 10.0","24","  6.3","24"," 19.0"," 28.0","  78.1"," ","  37.9"," "," 0.00","G","999.9","000000"
"74718823158","2018-02-19","33.61876","-114.71451","120.4","BLYTHE ASOS, CA US","  60.7","24","  28.7","24","1006.7","23","993.0","24","  9.4","24"," 15.5","24"," 21.0"," 27.0","  73.9","*","  55.0","*"," 0.00","G","999.9","000000"
"74718823158","2018-02-20","33.61876","-114.71451","120.4","BLYTHE ASOS, CA US","  49.1","24","   6.4","24","1016.6","24","002.6","24"," 10.0","24","  7.6","24"," 14.0","999.9","  64.0"," ","  36.0"," "," 0.00","G","999.9","000000"
"74718823158","2018-02-21","33.61876","-114.71451","120.4","BLYTHE ASOS, CA US","  45.1","24","  -0.1","24","1019.6","24","005.5","24"," 10.0","24","  2.7","24","  7.0","999.9","  61.0"," ","  28.0"," "," 0.00","G","999.9","000000"
"74718823158","2018-02-22","33.61876","-114.71451","120.4","BLYTHE ASOS, CA US","  48.1","24","  12.4","24","1020.3","24","006.1","24"," 10.0","24","  6.8","24"," 22.9"," 25.1","  64.9"," ","  28.0"," "," 0.00","G","999.9","000000"
"74718823158","2018-02-23","33.61876","-114.71451","120.4","BLYTHE ASOS, CA US","  54.1","24","  30.1","24","1018.8","24","004.7","24"," 10.0","24","  9.3","24"," 18.1"," 25.1","  62.1","*","  46.9","*"," 0.00","G","999.9","000000"
"74718823158","2018-02-24","33.61876","-114.71451","120.4","BLYTHE ASOS, CA US","  50.4","24","  10.9","24","1023.9","24","009.7","24"," 10.0","24","  8.5","24"," 14.0","999.9","  62.1"," ","  39.0"," "," 0.00","G","999.9","000000"
"74718823158","2018-02-25","33.61876","-114.71451","120.4","BLYTHE ASOS, CA US","  51.5","24","   8.3","24","1021.7","24","007.6","24"," 10.0","24","  5.1","24"," 11.1"," 20.0","  66.0"," ","  37.9"," "," 0.00","G","999.9","000000"
"74718823158","2018-02-26","33.61876","-114.71451","120.4","BLYTHE ASOS, CA US","  49.2","24","   6.0","24","1018.1","23","003.7","24"," 10.0","24","  4.1","24"," 12.0","999.9","  72.0"," ","  28.9"," "," 0.00","G","999.9","000000"
"74718823158","2018-02-27","33.61876","-114.71451","120.4","BLYTHE ASOS, CA US","  55.0","24","  29.0","24","1011.0","23","997.2","24"," 10.0","24","  8.0","24"," 17.1","999.9","  69.1","*","  44.1","*"," 0.00","G","999.9","010000"
"74718823158","2018-02-28","33.61876","-114.71451","120.4","BLYTHE ASOS, CA US","  49.7","24","  28.5","24","1017.5","24","003.5","24"," 10.0","24","  4.0","24"," 13.0","999.9","  64.9"," ","  35.1"," "," 0.00","G","999.9","000000"
"74718823158","2018-03-01","33.61876","-114.71451","120.4","BLYTHE ASOS, CA US","  53.4","23","  27.3","23","1020.7","23","006.7","23"," 10.0","23","  5.1","23","  9.9","999.9","  70.0"," ","  35.1"," "," 0.00","G","999.9","000000"
"74718823158","2018-03-02","33.61876","-114.71451","120.4","BLYTHE ASOS, CA US","  58.5","24","  26.2","24","1016.3","24","002.4","24"," 10.0","24","  6.4","24"," 15.0"," 20.0","  75.9"," ","  36.0"," "," 0.00","G","999.9","000000"
"74718823158","2018-03-03","33.61876","-114.71451","120.4","BLYTHE ASOS, CA US","  63.4","24","  37.5","24","1013.6","24","999.9","24","  9.9","24"," 11.7","24"," 22.9"," 32.1","  75.9"," ","  39.0"," "," 0.00","G","999.9","000000"
"74718823158","2018-03-04","33.61876","-114.71451","120.4","BLYTHE ASOS, CA US","  58.3","24","  29.0","24","1017.0","24","003.1","24"," 10.0","24","  9.8","24"," 20.0"," 27.0","  73.9"," ","  46.9"," "," 0.00","G","999.9","000000"
"74718823158","2018-03-05","33.61876","-114.71451","120.4","BLYTHE ASOS, CA US","  58.3","24","  11.3","24","1020.7","24","006.7","24"," 10.0","24","  9.8","23"," 17.1","999.9","  72.0"," ","  46.9"," "," 0.00","G","999.9","000000"
"74718823158","2018-03-06","33.61876","-114.71451","120.4","BLYTHE ASOS, CA US","  60.5","24","   1.0","24","1018.8","24","004.9","24"," 10.0","24","  6.6","24"," 13.0"," 14.0","  78.1"," ","  46.9"," "," 0.00","G","999.9","000000"
"74718823158","2018-03-07","33.61876","-114.71451","120.4","BLYTHE ASOS, CA US","  61.3","24","   1.5","24","1016.6","24","002.7","24"," 10.0","24","  5.2","24","  8.9","999.9","  78.1"," ","  45.0"," "," 0.00","G","999.9","000000"
"74718823158","2018-03-08","33.61876","-114.71451","120.4","BLYTHE ASOS, CA US","  65.2","24","   5.9","24","1015.4","24","001.7","24"," 10.0","24","  2.5","24","  8.0","999.9","  81.0"," ","  45.0"," "," 0.00","G","999.9","000000"
"74718823158","2018-03-09","33.61876","-114.71451","120.4","BLYTHE ASOS, CA US","  65.3","24","  15.2","24","1011.8","24","998.0","24"," 10.0","24","  3.5","24","  8.0","999.9","  84.9"," ","  48.9"," "," 0.00","G","999.9","000000"
"74718823158","2018-03-10","33.61876","-114.71451","120.4","BLYTHE ASOS, CA US","  70.8","24","  46.3","24","1010.7","24","997.0","24"," 10.0","24","  5.8","24"," 12.0","999.9","  84.0","*","  64.0","*"," 0.00","G","999.9","010000"
"74718823158","2018-03-11","33.61876","-114.71451","120.4","BLYTHE ASOS, CA US","  64.7","23","  55.0","23","1014.9","22","001.1","23"," 10.0","23","  3.2","22","  8.0","999.9","  78.1"," ","  54.0"," "," 0.03","G","999.9","010000"
"74718823158","2018-03-12","33.61876","-114.71451","120.4","BLYTHE ASOS, CA US","  68.9","24","  49.3","24","1016.6","24","002.8","24"," 10.0","24","  3.7","24","  7.0","999.9","  84.0"," ","  54.0"," "," 0.01","G","999.9","000000"
"74718823158","2018-03-13","33.61876","-114.71451","120.4","BLYTHE ASOS, CA US","  71.4","24","  42.7","24","1013.5","24","999.8","24"," 10.0","24","  3.3","24","  7.0","999.9","  84.0"," ","  54.0"," "," 0.00","G","999.9","000000"
"74718823158","2018-03-14","33.61876","-114.71451","120.4","BLYTHE ASOS, CA US","  73.7","24","  46.0","24","1010.6","23","996.9","24","  9.7","24"," 10.3","24"," 26.0"," 33.0","  82.9"," ","  57.9"," "," 0.00","G","999.9","000000"
"74718823158","2018-03-15","33.61876","-114.71451","120.4","BLYTHE ASOS, CA US","  64.0","23","  38.6","23","1011.1","22","997.4","23","  9.9","23"," 11.4","23"," 28.0"," 32.1","  82.0"," ","  55.0"," "," 0.00","G","999.9","000000"
"74718823158","2018-03-16","33.61876","-114.71451","120.4","BLYTHE ASOS, CA US","  60.0","24","  31.2","24","1012.2","24","998.4","24"," 10.0","24","  7.3","24"," 15.9"," 22.0","  75.0"," ","  44.1"," "," 0.00","G","999.9","000000"
"74718823158","2018-03-17","33.61876","-114.71451","120.4","BLYTHE ASOS, CA US","  60.0","24","  35.5","24","1012.0","24","998.1","24"," 10.0","24","  9.0","24"," 21.0"," 27.0","  73.9"," ","  44.1"," "," 0.00","G","999.9","000000"
"74718823158","2018-03-18","33.61876","-114.71451","120.4","BLYTHE ASOS, CA US","  58.7","24","  28.9","24","1015.7","24","001.8","24"," 10.0","24","  8.6","24"," 18.1","999.9","  73.0"," ","  44.1"," "," 0.00","G","999.9","000000"
"74718823158","2018-03-19","33.61876","-114.71451","120.4","BLYTHE ASOS, CA US","  61.6","24","  17.5","24","1017.7","24","003.8","24"," 10.0","24","  4.6","24","  9.9","999.9","  75.9"," ","  44.1"," "," 0.00","G","999.9","000000"
"74718823158","2018-03-20","33.61876","-114.71451","120.4","BLYTHE ASOS, CA US","  63.4","24","  11.4","24","1015.6","24","001.8","24"," 10.0","24","  4.1","24","  8.0","999.9","  80.1"," ","  44.1"," "," 0.00","G","999.9","000000"
"74718823158","2018-03-21","33.61876","-114.71451","120.4","BLYTHE ASOS, CA US","  69.5","24","  19.6","24","1013.0","24","999.3","24"," 10.0","24","  3.3","24","  7.0","999.9","  86.0"," ","  44.1"," "," 0.00","G","999.9","000000"
"74718823158","2018-03-22","33.61876","-114.71451","120.4","BLYTHE ASOS, CA US","  74.2","24","  33.9","24","1013.7","24","000.1","24"," 10.0","24","  5.6","24"," 17.1"," 22.9","  86.0"," ","  52.0"," "," 0.00","G","999.9","000000"
"74718823158","2018-03-23","33.61876","-114.71451","120.4","BLYTHE ASOS, CA US","  71.3","24","  47.1","24","1015.0","24","001.3","24"," 10.0","24","  5.4","23"," 15.0","999.9","  84.0"," ","  59.0"," "," 0.00","G","999.9","000000"
"74718823158","2018-03-24","33.61876","-114.71451","120.4","BLYTHE ASOS, CA US","  69.8","24","  31.7","24","1011.1","24","997.4","24"," 10.0","24","  7.2","24"," 20.0"," 26.0","  82.0"," ","  55.9"," "," 0.00","G","999.9","000000"
"74718823158","2018-03-25","33.61876","-114.71451","120.4","BLYTHE ASOS, CA US","  60.9","24","  33.9","24","1011.5","23","997.7","24","  9.9","24","  6.8","23"," 21.0"," 27.0","  82.0"," ","  46.0"," "," 0.00","G","999.9","000000"
"74718823158","2018-03-26","33.61876","-114.71451","120.4","BLYTHE ASOS, CA US","  63.2","24","  25.8","24","1010.7","24","997.0","24"," 10.0","24"," 10.1","24"," 19.0"," 25.1","  75.9"," ","  48.9"," "," 0.00","G","999.9","000000"
"74718823158","2018-03-27","33.61876","-114.71451","120.4","BLYTHE ASOS, CA US","  66.8","24","  11.6","24","1014.5","24","000.7","24"," 10.0","24"," 14.8","24"," 21.0"," 27.0","  78.1"," ","  48.9"," "," 0.00","G","999.9","000000"
"74718823158","2018-03-28","33.61876","-114.71451","120.4","BLYTHE ASOS, CA US","  66.1","24","  15.3","24","1016.3","24","002.5","24"," 10.0","24","  6.6","24"," 15.0"," 25.1","  86.0"," ","  48.0"," "," 0.00","G","999.9","000000"
"74718823158","2018-03-29","33.61876","-114.71451","120.4","BLYTHE ASOS, CA US","  72.5","24","  27.5","24","1013.9","24","000.2","24"," 10.0","24","  3.6","24","  8.0","999.9","  90.0"," ","  48.0"," "," 0.00","G","999.9","000000"
"74718823158","2018-03-30","33.61876","-114.71451","120.4","BLYTHE ASOS, CA US","  76.7","24","  24.8","24","1014.5","24","000.8","24"," 10.0","24","  3.0","24","  8.9","999.9","  93.0"," ","  52.0"," "," 0.00","G","999.9","000000"
"74718823158","2018-03-31","33.61876","-114.71451","120.4","BLYTHE ASOS, CA US","  77.7","24","  26.2","24","1013.0","24","999.3","24"," 10.0","24","  5.3","24"," 14.0","999.9","  95.0","*","  60.1","*"," 0.00","G","999.9","000000"
"74718823158","2018-04-01","33.61876","-114.71451","120.4","BLYTHE ASOS, CA US","  79.1","24","  29.2","24","1008.6","24","995.0","24"," 10.0","24","  5.3","23"," 15.0","999.9","  96.1"," ","  59.0"," "," 0.00","G","999.9","000000"
"74718823158","2018-04-02","33.61876","-114.71451","120.4","BLYTHE ASOS, CA US","  76.7","24","  29.9","24","1004.9","24","991.4","24"," 10.0","24","  8.5","24"," 14.0"," 21.0","  91.0"," ","  55.9"," "," 0.00","G","999.9","000000"
"74718823158","2018-04-03","33.61876","-114.71451","120.4","BLYTHE ASOS, CA US","  74.4","24","  38.4","24","1007.4","24","993.8","24"," 10.0","24","  7.2","23"," 15.0","999.9","  90.0"," ","  55.9"," "," 0.00","G","999.9","000000"
"74718823158","2018-04-04","33.61876","-114.71451","120.4","BLYTHE ASOS, CA US","  74.6","24","  31.2","24","1012.1","24","998.5","24"," 10.0","24","  4.0","24","  7.0","999.9","  91.9"," ","  57.0"," "," 0.00","G","999.9","000000"
"74718823158","2018-04-05","33.61876","-114.71451","120.4","BLYTHE ASOS, CA US","  78.8","24","  35.0","24","1010.9","24","997.3","24"," 10.0","24","  4.2","24","  8.9","999.9","  93.9"," ","  57.0"," "," 0.00","G","999.9","000000"
"74718823158","2018-04-06","33.61876","-114.71451","120.4","BLYTHE ASOS, CA US","  79.8","24","  39.5","24","1007.5","24","994.0","24"," 10.0","24","  6.1","24"," 14.0"," 17.1","  93.9"," ","  62.1"," "," 0.00","G","999.9","000000"
"74718823158","2018-04-07","33.61876","-114.71451","120.4","BLYTHE ASOS, CA US","  83.7","24","  51.0","24","1006.6","24","993.1","24"," 10.0","24","  9.4","24"," 17.1"," 24.1","  98.1"," ","  62.1"," "," 0.00","G","999.9","000000"
"74718823158","2018-04-08","33.61876","-114.71451","120.4","BLYTHE ASOS, CA US","  83.3","24","  39.1","24","1007.8","24","994.3","24"," 10.0","24","  9.3","24"," 20.0"," 21.0","  98.1"," ","  66.9"," "," 0.00","G","999.9","000000"
"74718823158","2018-04-09","33.61876","-114.71451","120.4","BLYTHE ASOS, CA US","  80.9","24","  15.3","24","1011.5","24","997.9","24"," 10.0","24","  7.7","24"," 15.0"," 22.0","  96.1"," ","  62.1"," "," 0.00","G","999.9","000000"
"74718823158","2018-04-10","33.61876","-114.71451","120.4","BLYTHE ASOS, CA US","  79.7","24","  16.8","24","1014.0","24","000.4","24"," 10.0","24","  4.7","24"," 12.0","999.9","  97.0"," ","  61.0"," "," 0.00","G","999.9","000000"
"74718823158","2018-04-11","33.61876","-114.71451","120.4","BLYTHE ASOS, CA US","  83.3","24","  24.5","24","1009.4","23","996.0","24"," 10.0","24","  7.1","24"," 20.0"," 27.0"," 100.0"," ","  61.0"," "," 0.00","G","999.9","000000"
"74718823158","2018-04-12","33.61876","-114.71451","120.4","BLYTHE ASOS, CA US","  78.9","24","  30.6","24","1007.3","23","993.9","24","  9.4","24"," 12.8","24"," 21.0"," 28.9"," 100.0"," ","  63.0"," "," 0.00","G","999.9","000000"
"74718823158","2018-04-13","33.61876","-114.71451","120.4","BLYTHE ASOS, CA US","  68.6","24","  11.5","24","1018.8","22","004.2","24","  9.5","24"," 15.2","24"," 25.1"," 32.1","  84.0"," ","  53.1"," "," 0.00","G","999.9","000000"
"74718823158","2018-04-14","33.61876","-114.71451","120.4","BLYTHE ASOS, CA US","  71.0","24","  10.8","24","1021.8","24","008.0","24"," 10.0","24","  7.1","24"," 17.1"," 31.1","  87.1"," ","  53.1"," "," 0.00","G","999.9","000000"
"74718823158","2018-04-15","33.61876","-114.71451","120.4","BLYTHE ASOS, CA US","  72.9","24","  12.8","24","1014.1","24","000.5","24"," 10.0","24","  5.9","24"," 17.1"," 21.0","  93.0"," ","  51.1"," "," 0.00","G","999.9","000000"
"74718823158","2018-04-16","33.61876","-114.71451","120.4","BLYTHE ASOS, CA US","  78.0","24","  21.8","24","1009.4","24","995.9","24"," 10.0","24"," 13.2","24"," 25.1"," 31.1","  90.0","*","  70.0","*"," 0.00","G","999.9","000000"
"74718823158","2018-04-17","33.61876","-114.71451","120.4","BLYTHE ASOS, CA US","  66.3","24","  25.1","24","1015.2","22","001.2","24","  8.9","24"," 12.7","24"," 26.0"," 32.1","  84.9"," ","  52.0"," "," 0.00","G","999.9","000000"
"74718823158","2018-04-18","33.61876","-114.71451","120.4","BLYTHE ASOS, CA US","  66.3","24","  14.3","24","1015.4","24","001.6","24"," 10.0","24","  5.3","24"," 13.0"," 18.1","  84.0"," ","  48.0"," "," 0.00","G","999.9","000000"
"74718823158","2018-04-19","33.61876","-114.71451","120.4","BLYTHE ASOS, CA US","  70.7","23","  24.2","23","1010.4","22","996.8","23"," 10.0","23"," 12.8","23"," 19.0"," 31.1","  84.9"," ","  48.0"," "," 0.00","G","999.9","000000"
"74718823158","2018-04-20","33.61876","-114.71451","120.4","BLYTHE ASOS, CA US","  68.2","24","  26.9","24","1013.2","24","999.5","24"," 10.0","24","  7.8","24"," 17.1"," 18.1","  87.1"," ","  54.0"," "," 0.00","G","999.9","000000"
"74718823158","2018-04-21","33.61876","-114.71451","120.4","BLYTHE ASOS, CA US","  75.2","24","  28.3","24","1014.7","24","001.0","24"," 10.0","24","  4.3","22","  9.9","999.9","  93.0"," ","  54.0"," "," 0.00","G","999.9","000000"
"74718823158","2018-04-22","33.61876","-114.71451","120.4","BLYTHE ASOS, CA US","  79.5","24","  28.5","24","1010.7","24","997.1","24"," 10.0","24","  4.3","24","  8.0","999.9","  97.0"," ","  55.9"," "," 0.00","G","999.9","000000"
"74718823158","2018-04-23","33.61876","-114.71451","120.4","BLYTHE ASOS, CA US","  81.8","24","  31.4","24","1010.2","24","996.6","24"," 10.0","24","  5.4","22","  8.0","999.9","  98.1"," ","  60.1"," "," 0.00","G","999.9","000000"
"74718823158","2018-04-24","33.61876","-114.71451","120.4","BLYTHE ASOS, CA US","  84.2","24","  33.2","24","1010.4","24","996.8","24"," 10.0","24","  5.9","23"," 14.0"," 20.0"," 100.0"," ","  63.0"," "," 0.00","G","999.9","000000"
"74718823158","2018-04-25","33.61876","-114.71451","120.4","BLYTHE ASOS, CA US","  84.6","24","  32.5","24","1010.8","24","997.3","24"," 10.0","24","  5.9","24"," 11.1","999.9"," 100.0"," ","  64.9"," "," 0.00","G","999.9","000000"
"74718823158","2018-04-26","33.61876","-114.71451","120.4","BLYTHE ASOS, CA US","  85.6","24","  33.3","24","1008.9","24","995.4","24"," 10.0","24","  7.0","24"," 15.9"," 21.0"," 100.9"," ","  64.9"," "," 0.00","G","999.9","000000"
"74718823158","2018-04-27","33.61876","-114.71451","120.4","BLYTHE ASOS, CA US","  85.3","24","  33.6","24","1007.5","24","994.0","24"," 10.0","24","  6.8","24"," 14.0"," 19.0"," 100.9"," ","  64.9"," "," 0.00","G","999.9","000000"
"74718823158","2018-04-28","33.61876","-114.71451","120.4","BLYTHE ASOS, CA US","  81.6","24","  30.7","24","1006.3","24","992.9","24"," 10.0","24","  8.2","24"," 17.1"," 24.1"," 100.9"," ","  62.1"," "," 0.00","G","999.9","000000"
"74718823158","2018-04-29","33.61876","-114.71451","120.4","BLYTHE ASOS, CA US","  76.8","24","  38.0","24","1006.5","24","993.0","24"," 10.0","24","  8.5","24"," 22.0"," 26.0","  97.0"," ","  59.0"," "," 0.00","G","999.9","000000"
"74718823158","2018-04-30","33.61876","-114.71451","120.4","BLYTHE ASOS, CA US","  71.2","23","  41.8","23","1007.6","23","994.0","23","  8.7","23","  8.9","22"," 22.9"," 28.9","  90.0"," ","  55.9"," "," 0.00","G","999.9","000000"
"74718823158","2018-05-01","33.61876","-114.71451","120.4","BLYTHE ASOS, CA US","  67.6","24","  40.7","24","1006.4","24","992.8","24","  9.5","24"," 11.7","24"," 24.1"," 28.9","  84.0"," ","  55.0"," "," 0.00","G","999.9","000000"
"74718823158","2018-05-02","33.61876","-114.71451","120.4","BLYTHE ASOS, CA US","  62.8","24","  38.5","24","1010.3","24","996.6","24"," 10.0","24","  7.3","24"," 21.0"," 27.0","  77.0"," ","  52.0"," "," 0.00","G","999.9","000000"
"74718823158","2018-05-03","33.61876","-114.71451","120.4","BLYTHE ASOS, CA US","  69.5","24","  41.2","24","1016.8","24","003.1","24"," 10.0","24","  4.1","23","  9.9","999.9","  87.1"," ","  52.0"," "," 0.00","G","999.9","000000"
"74718823158","2018-05-04","33.61876","-114.71451","120.4","BLYTHE ASOS, CA US","  78.6","24","  33.3","24","1017.4","24","003.6","24"," 10.0","24","  4.7","24"," 12.0"," 15.9","  96.1"," ","  54.0"," "," 0.00","G","999.9","000000"
"74718823158","2018-05-05","33.61876","-114.71451","120.4","BLYTHE ASOS, CA US","  84.8","24","  26.4","24","1012.8","24","999.3","24"," 10.0","24","  4.1","23","  8.0","999.9"," 102.9"," ","  57.9"," "," 0.00","G","999.9","000000"
"74718823158","2018-05-06","33.61876","-114.71451","120.4","BLYTHE ASOS, CA US","  88.1","24","  19.9","24","1009.7","24","996.3","24"," 10.0","24","  4.1","24","  8.9","999.9"," 106.0"," ","  63.0"," "," 0.00","G","999.9","000000"
"74718823158","2018-05-07","33.61876","-114.71451","120.4","BLYTHE ASOS, CA US","  90.1","24","  28.1","24","1010.1","24","996.7","24"," 10.0","24","  6.7","24"," 14.0"," 19.0"," 106.0"," ","  66.9"," "," 0.00","G","999.9","000000"
"74718823158","2018-05-08","33.61876","-114.71451","120.4","BLYTHE ASOS, CA US","  86.6","24","  21.7","24","1009.5","24","996.0","24"," 10.0","24","  5.2","24"," 13.0","999.9"," 105.1"," ","  64.9"," "," 0.00","G","999.9","000000"
"74718823158","2018-05-09","33.61876","-114.71451","120.4","BLYTHE ASOS, CA US","  90.3","24","  29.6","24","1007.8","24","994.4","24"," 10.0","24","  6.9","24"," 14.0"," 19.0"," 106.0"," ","  64.9"," "," 0.00","G","999.9","000000"
"74718823158","2018-05-10","33.61876","-114.71451","120.4","BLYTHE ASOS, CA US","  92.3","24","  30.9","24","1004.8","23","991.5","24"," 10.0","24"," 11.0","24"," 20.0"," 28.9"," 106.0"," ","  70.0"," "," 0.00","G","999.9","000000"
"74718823158","2018-05-11","33.61876","-114.71451","120.4","BLYTHE ASOS, CA US","  87.0","24","  35.1","24","1002.7","24","989.3","24","  9.5","24"," 15.0","24"," 22.9"," 31.1"," 106.0"," ","  71.1"," "," 0.00","G","999.9","000000"
"74718823158","2018-05-12","33.61876","-114.71451","120.4","BLYTHE ASOS, CA US","  75.8","24","  41.4","24","1005.3","24","991.8","24","  9.6","24","  9.6","24"," 22.0"," 28.0","  98.1"," ","  61.0"," "," 0.00","G","999.9","000000"
"74718823158","2018-05-13","33.61876","-114.71451","120.4","BLYTHE ASOS, CA US","  75.2","24","  41.2","24","1009.5","24","995.8","24"," 10.0","24"," 10.1","24"," 15.9"," 21.0","  88.0"," ","  61.0"," "," 0.00","G","999.9","000000"
"74718823158","2018-05-14","33.61876","-114.71451","120.4","BLYTHE ASOS, CA US","  77.0","24","  35.8","24","1009.5","24","995.9","24"," 10.0","24","  5.8","24"," 13.0","999.9","  93.0"," ","  59.0"," "," 0.00","G","999.9","000000"
"74718823158","2018-05-15","33.61876","-114.71451","120.4","BLYTHE ASOS, CA US","  80.0","24","  35.5","24","1009.6","24","996.0","24"," 10.0","24","  6.8","23"," 14.0"," 19.0","  96.1"," ","  59.0"," "," 0.00","G","999.9","000000"
"74718823158","2018-05-16","33.61876","-114.71451","120.4","BLYTHE ASOS, CA US","  84.0","24","  27.5","24","1009.2","23","995.6","24"," 10.0","24","  7.0","24"," 17.1"," 26.0"," 100.9"," ","  60.1"," "," 0.00","G","999.9","000000"
"74718823158","2018-05-17","33.61876","-114.71451","120.4","BLYTHE ASOS, CA US","  83.6","24","  30.4","24","1006.7","24","993.2","24"," 10.0","24","  7.0","23"," 14.0"," 17.1"," 100.9"," ","  64.0"," "," 0.00","G","999.9","000000"
"74718823158","2018-05-18","33.61876","-114.71451","120.4","BLYTHE ASOS, CA US","  79.6","24","  36.6","24","1005.8","24","992.4","24"," 10.0","24","  6.7","24"," 18.1","999.9","  97.0"," ","  62.1"," "," 0.00","G","999.9","000000"
"74718823158","2018-05-19","33.61876","-114.71451","120.4","BLYTHE ASOS, CA US","  83.2","24","  40.0","24","1005.9","24","992.4","24"," 10.0","24","  7.6","24"," 13.0"," 17.1","  96.1","*","  66.0","*"," 0.00","G","999.9","000000"
"74718823158","2018-05-20","33.61876","-114.71451","120.4","BLYTHE ASOS, CA US","  83.9","24","  38.8","24","1006.3","24","992.8","24"," 10.0","24","  8.6","24"," 15.9"," 22.0","  96.1"," ","  66.0"," "," 0.00","G","999.9","000000"
"74718823158","2018-05-21","33.61876","-114.71451","120.4","BLYTHE ASOS, CA US","  82.6","24","  42.1","24","1004.4","24","991.0","24"," 10.0","24"," 11.8","24"," 15.9"," 20.0","  96.1"," ","  66.9"," "," 0.00","G","999.9","000000"
"74718823158","2018-05-22","33.61876","-114.71451","120.4","BLYTHE ASOS, CA US","  79.0","24","  42.1","24","1005.3","24","991.8","24"," 10.0","24","  7.2","23"," 17.1"," 20.0","  93.0"," ","  64.0"," "," 0.00","G","999.9","000000"
"74718823158","2018-05-23","33.61876","-114.71451","120.4","BLYTHE ASOS, CA US","  80.0","24","  40.8","24","1008.3","24","994.7","24"," 10.0","24","  6.8","21"," 11.1","999.9","  91.9"," ","  64.0"," "," 0.00","G","999.9","000000"
"74718823158","2018-05-24","33.61876","-114.71451","120.4","BLYTHE ASOS, CA US","  82.8","24","  40.6","24","1011.1","24","997.6","24"," 10.0","24","  7.8","24"," 13.0"," 21.0","  96.1"," ","  64.0"," "," 0.00","G","999.9","000000"
"74718823158","2018-05-25","33.61876","-114.71451","120.4","BLYTHE ASOS, CA US","  84.2","24","  35.1","24","1011.1","24","997.5","24","  9.5","24"," 11.7","24"," 20.0"," 25.1","  96.1"," ","  66.0"," "," 0.00","G","999.9","000000"
"74718823158","2018-05-26","33.61876","-114.71451","120.4","BLYTHE ASOS, CA US","  76.3","24","  42.6","24","1009.1","24","995.6","24","  9.8","24","  7.7","24"," 17.1"," 28.9","  96.1"," ","  61.0"," "," 0.00","G","999.9","000000"
"74718823158","2018-05-27","33.61876","-114.71451","120.4","BLYTHE ASOS, CA US","  78.2","24","  42.3","24","1007.7","24","994.2","24"," 10.0","24","  7.8","24"," 20.0","999.9","  93.9"," ","  61.0"," "," 0.00","G","999.9","000000"
"74718823158","2018-05-28","33.61876","-114.71451","120.4","BLYTHE ASOS, CA US","  85.4","24","  39.5","24","1007.4","24","993.9","24"," 10.0","24","  4.9","23","  9.9"," 21.0"," 100.9"," ","  63.0"," "," 0.00","G","999.9","000000"
"74718823158","2018-05-29","33.61876","-114.71451","120.4","BLYTHE ASOS, CA US","  89.6","24","  39.8","24","1005.2","24","991.9","24"," 10.0","24","  5.0","24","  8.9","999.9"," 105.1"," ","  68.0"," "," 0.00","G","999.9","000000"
"74718823158","2018-05-30","33.61876","-114.71451","120.4","BLYTHE ASOS, CA US","  90.3","24","  39.9","24","1003.4","24","990.1","24"," 10.0","24"," 11.3","24"," 17.1","999.9"," 105.1"," ","  72.0"," "," 0.00","G","999.9","000000"
"74718823158","2018-05-31","33.61876","-114.71451","120.4","BLYTHE ASOS, CA US","  86.5","24","  41.8","24","1004.5","24","991.1","24"," 10.0","24"," 12.6","24"," 18.1"," 25.1"," 100.0"," ","  71.1"," "," 0.00","G","999.9","000000"
"74718823158","2018-06-01","33.61876","-114.71451","120.4","BLYTHE ASOS, CA US","  84.8","24","  35.9","24","1008.0","24","994.5","24"," 10.0","24","  6.4","24"," 18.1","999.9","  99.0"," ","  64.9"," "," 0.00","G","999.9","000000"
"74718823158","2018-06-02","33.61876","-114.71451","120.4","BLYTHE ASOS, CA US","  87.2","24","  25.1","24","1009.0","24","995.5","24"," 10.0","24","  4.1","24","  8.9"," 15.0"," 105.1"," ","  64.9"," "," 0.00","G","999.9","000000"
"74718823158","2018-06-03","33.61876","-114.71451","120.4","BLYTHE ASOS, CA US","  92.0","24","  28.7","24","1007.3","24","993.9","24"," 10.0","24","  4.1","24","  8.9","999.9"," 109.9"," ","  66.0"," "," 0.00","G","999.9","000000"
"74718823158","2018-06-04","33.61876","-114.71451","120.4","BLYTHE ASOS, CA US","  95.1","24","  29.7","24","1006.0","24","992.7","24"," 10.0","24","  8.5","24"," 17.1"," 21.0"," 109.9"," ","  70.0"," "," 0.00","G","999.9","000000"
"74718823158","2018-06-05","33.61876","-114.71451","120.4","BLYTHE ASOS, CA US","  90.5","24","  41.5","24","1006.1","24","992.7","24"," 10.0","24","  9.2","24"," 15.9"," 19.0"," 109.0"," ","  73.0"," "," 0.00","G","999.9","000000"
"74718823158","2018-06-06","33.61876","-114.71451","120.4","BLYTHE ASOS, CA US","  89.8","24","  41.9","24","1005.2","24","991.9","24"," 10.0","24","  9.9","24"," 15.0"," 18.1"," 104.0"," ","  73.0"," "," 0.00","G","999.9","000000"
"74718823158","2018-06-07","33.61876","-114.71451","120.4","BLYTHE ASOS, CA US","  89.5","24","  34.3","24","1005.8","24","992.5","24"," 10.0","24","  8.9","24"," 15.9"," 20.0"," 104.0"," ","  72.0"," "," 0.00","G","999.9","000000"
"74718823158","2018-06-08","33.61876","-114.71451","120.4","BLYTHE ASOS, CA US","  90.6","24","  28.7","24","1007.8","24","994.4","24"," 10.0","24","  5.5","24"," 12.0"," 19.0"," 106.0"," ","  71.1"," "," 0.00","G","999.9","000000"
"74718823158","2018-06-09","33.61876","-114.71451","120.4","BLYTHE ASOS, CA US","  93.6","24","  30.7","24","1006.5","24","993.2","24"," 10.0","24","  9.3","24"," 19.0"," 24.1"," 108.0"," ","  71.1"," "," 0.00","G","999.9","000000"
"74718823158","2018-06-10","33.61876","-114.71451","120.4","BLYTHE ASOS, CA US","  90.4","24","  40.4","24","1005.0","24","991.6","24"," 10.0","24","  6.7","24"," 15.9"," 24.1"," 108.0"," ","  73.0"," "," 0.00","G","999.9","000000"
"74718823158","2018-06-11","33.61876","-114.71451","120.4","BLYTHE ASOS, CA US","  92.3","24","  34.1","24","1004.6","24","991.3","24"," 10.0","24","  5.1","24","  9.9","999.9"," 108.0"," ","  73.0"," "," 0.00","G","999.9","000000"
"74718823158","2018-06-12","33.61876","-114.71451","120.4","BLYTHE ASOS, CA US","  94.4","24","  34.8","24","1004.6","24","991.3","24"," 10.0","24","  6.5","24"," 11.1","999.9"," 109.0"," ","  73.0"," "," 0.00","G","999.9","000000"
"74718823158","2018-06-13","33.61876","-114.71451","120.4","BLYTHE ASOS, CA US","  94.4","24","  36.9","24","1004.5","24","991.2","24"," 10.0","24","  7.3","24"," 15.9","999.9"," 109.0"," ","  72.0"," "," 0.00","G","999.9","000000"
"74718823158","2018-06-14","33.61876","-114.71451","120.4","BLYTHE ASOS, CA US","  97.4","24","  35.8","24","1003.8","24","990.5","24"," 10.0","24","  8.9","24"," 18.1"," 25.1"," 109.9"," ","  72.0"," "," 0.00","G","999.9","000000"
"74718823158","2018-06-15","33.61876","-114.71451","120.4","BLYTHE ASOS, CA US","  92.7","24","  53.4","24","1004.0","24","990.7","24"," 10.0","24"," 14.9","24"," 24.1"," 29.9"," 109.9"," ","  82.9"," "," 0.00","G","999.9","000000"
"74718823158","2018-06-16","33.61876","-114.71451","120.4","BLYTHE ASOS, CA US","  86.1","24","  64.0","24","1003.5","24","990.1","24"," 10.0","24"," 12.8","24"," 19.0"," 24.1"," 100.0"," ","  80.1"," "," 0.00","G","999.9","000000"
"74718823158","2018-06-17","33.61876","-114.71451","120.4","BLYTHE ASOS, CA US","  84.7","24","  40.5","24","1004.9","24","991.5","24","  9.8","24"," 12.2","24"," 19.0"," 28.0","  97.0"," ","  71.1"," "," 0.00","G","999.9","000000"
"74718823158","2018-06-18","33.61876","-114.71451","120.4","BLYTHE ASOS, CA US","  82.5","24","  41.7","24","1008.3","24","994.8","24"," 10.0","24","  6.6","24"," 19.0"," 25.1","  98.1"," ","  66.0"," "," 0.00","G","999.9","000000"
"74718823158","2018-06-19","33.61876","-114.71451","120.4","BLYTHE ASOS, CA US","  86.4","24","  30.0","24","1008.4","24","994.9","24"," 10.0","24","  4.0","24","  8.0","999.9"," 102.9"," ","  66.0"," "," 0.00","G","999.9","000000"
"74718823158","2018-06-20","33.61876","-114.71451","120.4","BLYTHE ASOS, CA US","  92.3","24","  38.3","24","1007.7","24","994.3","24"," 10.0","24","  6.5","24"," 15.0","999.9"," 109.9"," ","  68.0"," "," 0.00","G","999.9","000000"
"74718823158","2018-06-21","33.61876","-114.71451","120.4","BLYTHE ASOS, CA US","  94.9","24","  40.8","24","1007.8","24","994.4","24"," 10.0","24"," 10.0","24"," 13.0","999.9"," 109.9"," ","  72.0"," "," 0.00","G","999.9","000000"
"74718823158","2018-06-22","33.61876","-114.71451","120.4","BLYTHE ASOS, CA US","  96.7","24","  39.1","23","1005.3","24","992.0","24"," 10.0","24","  7.1","24"," 13.0","999.9"," 115.0"," ","  77.0"," "," 0.00","G","999.9","000000"
"74718823158","2018-06-23","33.61876","-114.71451","120.4","BLYTHE ASOS, CA US","  96.4","24","  48.5","24","1003.3","23","990.1","24","  9.0","24"," 14.7","24"," 21.0"," 28.0"," 115.0"," ","  77.0"," "," 0.00","G","999.9","000000"
"74718823158","2018-06-24","33.61876","-114.71451","120.4","BLYTHE ASOS, CA US","  90.4","24","  53.0","24","1005.9","24","992.6","24","  9.8","24"," 11.2","24"," 18.1"," 21.0"," 104.0"," ","  77.0"," "," 0.00","G","999.9","000000"
"74718823158","2018-06-25","33.61876","-114.71451","120.4","BLYTHE ASOS, CA US","  93.3","24","  42.6","24","1007.5","24","994.1","24"," 10.0","24","  8.9","24"," 12.0"," 22.0"," 109.0"," ","  77.0"," "," 0.00","G","999.9","000000"
"74718823158","2018-06-26","33.61876","-114.71451","120.4","BLYTHE ASOS, CA US","  95.9","24","  34.8","24","1007.2","24","993.9","24"," 10.0","24","  8.4","24"," 17.1"," 22.9"," 111.0"," ","  75.9"," "," 0.00","G","999.9","000000"
"74718823158","2018-06-27","33.61876","-114.71451","120.4","BLYTHE ASOS, CA US","  95.2","24","  31.0","24","1007.0","24","993.6","24"," 10.0","24","  9.2","24"," 15.0"," 21.0"," 111.0"," ","  73.0"," "," 0.00","G","999.9","000000"
"74718823158","2018-06-28","33.61876","-114.71451","120.4","BLYTHE ASOS, CA US","  95.8","24","  37.6","24","1005.6","24","992.4","24"," 10.0","24"," 11.4","24"," 18.1"," 25.1"," 111.0"," ","  73.0"," "," 0.00","G","999.9","000000"
"74718823158","2018-06-29","33.61876","-114.71451","120.4","BLYTHE ASOS, CA US","  91.2","24","  39.8","24","1005.6","24","992.2","24","  9.8","24"," 12.0","24"," 18.1"," 19.0"," 109.9"," ","  75.0"," "," 0.00","G","999.9","000000"
"74718823158","2018-06-30","33.61876","-114.71451","120.4","BLYTHE ASOS, CA US","  90.0","24","  40.2","24","1007.2","24","993.8","24"," 10.0","24","  6.0","23"," 13.0"," 20.0"," 105.1"," ","  73.0"," "," 0.00","G","999.9","000000"
"74718823158","2018-07-01","33.61876","-114.71451","120.4","BLYTHE ASOS, CA US","  92.0","24","  41.2","24","1009.2","24","995.8","24"," 10.0","24","  5.2","24"," 14.0"," 17.1"," 106.0"," ","  73.0"," "," 0.00","G","999.9","000000"
"74718823158","2018-07-02","33.61876","-114.71451","120.4","BLYTHE ASOS, CA US","  94.7","24","  38.5","24","1008.1","24","994.8","24"," 10.0","24","  7.2","24"," 14.0"," 22.0"," 109.0","*","  75.0","*"," 0.00","G","999.9","000000"
"74718823158","2018-07-03","33.61876","-114.71451","120.4","BLYTHE ASOS, CA US","  94.8","24","  36.0","24","1006.3","24","993.0","24"," 10.0","24"," 10.1","24"," 15.9"," 25.1"," 108.0"," ","  75.0"," "," 0.00","G","999.9","000000"
"74718823158","2018-07-04","33.61876","-114.71451","120.4","BLYTHE ASOS, CA US","  93.0","23","  47.3","22","1009.0","22","995.7","23"," 10.0","23","  9.0","23"," 17.1","999.9"," 107.1"," ","  75.0"," "," 0.00","G","999.9","000000"
"74718823158","2018-07-05","33.61876","-114.71451","120.4","BLYTHE ASOS, CA US","  96.1","24","  39.2","24","1011.4","24","998.0","24"," 10.0","24","  4.7","23","  9.9","999.9"," 114.1"," ","  75.0"," "," 0.00","G","999.9","000000"
"74718823158","2018-07-06","33.61876","-114.71451","120.4","BLYTHE ASOS, CA US"," 102.7","24","  31.9","24","1010.4","24","997.1","24"," 10.0","24","  5.7","22"," 11.1"," 18.1"," 116.1"," ","  77.0"," "," 0.00","G","999.9","000000"
"74718823158","2018-07-07","33.61876","-114.71451","120.4","BLYTHE ASOS, CA US"," 102.1","24","  55.9","24","1008.9","23","995.6","24","  9.6","24","  8.0","24"," 26.0"," 32.1"," 116.1"," ","  86.0"," "," 0.01","G","999.9","000000"
"74718823158","2018-07-08","33.61876","-114.71451","120.4","BLYTHE ASOS, CA US"," 102.6","24","  60.5","24","1007.7","24","994.4","24"," 10.0","24"," 10.0","24"," 17.1"," 21.0"," 114.1"," ","  88.0"," "," 0.00","G","999.9","000000"
"74718823158","2018-07-09","33.61876","-114.71451","120.4","BLYTHE ASOS, CA US","  95.8","24","  64.5","24","1009.8","21","996.7","24","  9.5","24","  9.4","24"," 29.9"," 38.1"," 111.9"," ","  80.1"," "," 0.03","G","999.9","010010"
"74718823158","2018-07-10","33.61876","-114.71451","120.4","BLYTHE ASOS, CA US","  91.1","24","  65.8","24","1012.1","24","998.7","24"," 10.0","24","  6.3","23"," 13.0"," 21.0"," 104.0"," ","  80.1"," "," 0.00","A","999.9","000000"
"74718823158","2018-07-11","33.61876","-114.71451","120.4","BLYTHE ASOS, CA US","  91.6","24","  68.1","24","1009.7","22","996.3","24"," 10.0","24","  7.4","24"," 18.1"," 22.0"," 100.9"," ","  81.0"," "," 0.00","G","999.9","010010"
"74718823158","2018-07-12","33.61876","-114.71451","120.4","BLYTHE ASOS, CA US","  92.0","24","  67.0","24","1010.0","24","996.6","24"," 10.0","24","  6.2","24"," 11.1"," 18.1"," 106.0"," ","  82.0"," "," 0.00","G","999.9","000000"
"74718823158","2018-07-13","33.61876","-114.71451","120.4","BLYTHE ASOS, CA US","  94.9","24","  65.8","24","1011.3","23","997.8","24"," 10.0","24","  5.5","24"," 18.1"," 22.9"," 108.0"," ","  82.0"," "," 0.00","G","999.9","000000"
"74718823158","2018-07-14","33.61876","-114.71451","120.4","BLYTHE ASOS, CA US"," 100.1","24","  58.6","24","1009.3","24","996.0","24"," 10.0","24","  7.3","24"," 12.0"," 15.0"," 111.9"," ","  84.0"," "," 0.00","G","999.9","000000"
"74718823158","2018-07-15","33.61876","-114.71451","120.4","BLYTHE ASOS, CA US","  99.1","24","  60.8","24","1008.7","24","995.4","24"," 10.0","24","  7.1","24"," 13.0"," 15.9"," 111.9"," ","  88.0"," "," 0.00","G","999.9","000000"
"74718823158","2018-07-16","33.61876","-114.71451","120.4","BLYTHE ASOS, CA US","  99.0","24","  56.5","24","1008.6","24","995.3","24"," 10.0","24","  9.1","24"," 13.0","999.9"," 109.0"," ","  89.1"," "," 0.00","G","999.9","000000"
"74718823158","2018-07-17","33.61876","-114.71451","120.4","BLYTHE ASOS, CA US","  98.4","24","  62.8","24","1009.2","24","995.9","24"," 10.0","24"," 11.1","24"," 17.1"," 21.0"," 109.0"," ","  89.1"," "," 0.00","G","999.9","000000"
"74718823158","2018-07-18","33.61876","-114.71451","120.4","BLYTHE ASOS, CA US","  93.4","24","  69.2","24","1011.7","22","998.5","24","  9.6","24"," 11.2","24"," 28.9"," 40.0"," 106.0"," ","  80.1"," "," 0.05","G","999.9","010010"
"74718823158","2018-07-19","33.61876","-114.71451","120.4","BLYTHE ASOS, CA US","  95.4","24","  66.7","24","1011.1","24","997.7","24"," 10.0","24","  9.8","24"," 13.0"," 19.0"," 107.1"," ","  80.1"," "," 0.00","I","999.9","000000"
"74718823158","2018-07-20","33.61876","-114.71451","120.4","BLYTHE ASOS, CA US","  98.3","24","  64.0","24","1008.5","24","995.2","24"," 10.0","24","  9.6","24"," 15.0"," 20.0"," 109.0"," ","  84.0"," "," 0.00","G","999.9","000000"
"74718823158","2018-07-21","33.61876","-114.71451","120.4","BLYTHE ASOS, CA US","  94.9","24","  58.8","24","1009.6","23","996.4","24","  9.5","24","  8.9","24"," 26.0"," 34.0"," 109.0"," ","  84.0"," "," 0.00","G","999.9","000000"
"74718823158","2018-07-22","33.61876","-114.71451","120.4","BLYTHE ASOS, CA US","  94.6","24","  61.0","24","1011.4","24","998.0","24"," 10.0","24","  5.0","23"," 12.0"," 18.1"," 111.9"," ","  81.0"," "," 0.00","G","999.9","000000"
"74718823158","2018-07-23","33.61876","-114.71451","120.4","BLYTHE ASOS, CA US"," 102.9","24","  53.1","24","1008.4","24","995.1","24"," 10.0","24","  4.6","23","  8.9"," 15.0"," 117.0"," ","  81.0"," "," 0.00","G","999.9","000000"
"74718823158","2018-07-24","33.61876","-114.71451","120.4","BLYTHE ASOS, CA US"," 106.1","24","  52.0","24","1007.0","24","993.8","24"," 10.0","24","  5.9","23"," 18.1"," 22.0"," 120.0"," ","  89.1"," "," 0.00","G","999.9","000000"
"74718823158","2018-07-25","33.61876","-114.71451","120.4","BLYTHE ASOS, CA US"," 105.6","24","  55.6","24","1008.7","24","995.5","24"," 10.0","24","  8.8","23"," 15.9","999.9"," 120.0"," ","  89.1"," "," 0.00","G","999.9","000000"
"74718823158","2018-07-26","33.61876","-114.71451","120.4","BLYTHE ASOS, CA US"," 103.0","24","  62.4","24","1008.4","24","995.1","24"," 10.0","24"," 12.2","24"," 19.0"," 27.0"," 118.9"," ","  91.0"," "," 0.00","G","999.9","000000"
"74718823158","2018-07-27","33.61876","-114.71451","120.4","BLYTHE ASOS, CA US"," 100.4","24","  63.5","24","1006.5","24","993.2","24"," 10.0","24"," 12.5","24"," 18.1"," 22.9"," 114.1"," ","  87.1"," "," 0.00","G","999.9","000000"
"74718823158","2018-07-28","33.61876","-114.71451","120.4","BLYTHE ASOS, CA US","  98.9","24","  67.3","24","1008.4","24","995.2","24"," 10.0","24"," 13.1","24"," 17.1"," 22.9"," 111.9"," ","  87.1"," "," 0.00","G","999.9","000000"
"74718823158","2018-07-29","33.61876","-114.71451","120.4","BLYTHE ASOS, CA US","  97.2","24","  65.8","24","1010.9","23","997.6","24","  9.6","24","  9.2","23"," 19.0"," 26.0"," 109.0"," ","  88.0"," "," 0.00","G","999.9","000000"
"74718823158","2018-07-30","33.61876","-114.71451","120.4","BLYTHE ASOS, CA US","  99.4","24","  65.3","24","1009.3","24","995.9","24"," 10.0","24","  9.3","24"," 12.0"," 17.1"," 111.0"," ","  88.0"," "," 0.00","G","999.9","000000"
"74718823158","2018-07-31","33.61876","-114.71451","120.4","BLYTHE ASOS, CA US","  99.5","24","  64.9","24","1008.9","22","995.7","24"," 10.0","24","  7.4","24"," 25.1"," 28.9"," 111.9"," ","  87.1"," "," 0.01","G","999.9","010010"
"74718823158","2018-08-01","33.61876","-114.71451","120.4","BLYTHE ASOS, CA US"," 100.4","24","  66.8","24","1008.3","24","994.9","24"," 10.0","24"," 10.9","24"," 15.9"," 20.0"," 113.0"," ","  87.1"," "," 0.00","G","999.9","000000"
"74718823158","2018-08-02","33.61876","-114.71451","120.4","BLYTHE ASOS, CA US"," 102.2","24","  64.5","24","1007.1","24","993.8","24"," 10.0","24","  9.3","24"," 15.9"," 19.0"," 113.0"," ","  88.0"," "," 0.00","G","999.9","000000"
"74718823158","2018-08-03","33.61876","-114.71451","120.4","BLYTHE ASOS, CA US"," 100.4","24","  61.6","24","1007.0","24","993.7","24"," 10.0","24","  6.5","23"," 12.0"," 19.0"," 114.1"," ","  88.0"," "," 0.00","G","999.9","000000"
"74718823158","2018-08-04","33.61876","-114.71451","120.4","BLYTHE ASOS, CA US"," 102.6","23","  55.5","23","1005.4","23","992.1","23"," 10.0","23","  9.1","23"," 15.9"," 19.0"," 115.0","*","  91.9","*"," 0.00","G","999.9","000000"
"74718823158","2018-08-05","33.61876","-114.71451","120.4","BLYTHE ASOS, CA US"," 101.6","24","  45.7","24","1004.7","24","991.5","24"," 10.0","24","  5.2","24"," 12.0","999.9"," 116.1"," ","  84.9"," "," 0.00","G","999.9","000000"
"74718823158","2018-08-06","33.61876","-114.71451","120.4","BLYTHE ASOS, CA US"," 100.6","24","  42.3","24","1005.6","24","992.4","24"," 10.0","24","  4.7","22"," 11.1","999.9"," 115.0"," ","  82.9"," "," 0.00","G","999.9","000000"
"74718823158","2018-08-07","33.61876","-114.71451","120.4","BLYTHE ASOS, CA US"," 102.0","23","  64.4","23","1005.3","22","992.2","23","  9.4","23"," 11.0","23"," 22.0"," 28.9"," 115.0"," ","  82.9"," "," 0.00","G","999.9","000000"
"74718823158","2018-08-08","33.61876","-114.71451","120.4","BLYTHE ASOS, CA US","  96.9","24","  67.4","24","1008.7","24","995.4","24","  9.8","24"," 12.0","24"," 21.0"," 22.0"," 111.9"," ","  88.0"," "," 0.00","G","999.9","000000"
"74718823158","2018-08-09","33.61876","-114.71451","120.4","BLYTHE ASOS, CA US","  96.2","24","  67.6","24","1010.0","24","996.7","24","  9.8","24","  9.2","24"," 13.0"," 21.0"," 107.1"," ","  87.1"," "," 0.00","G","999.9","000000"
"74718823158","2018-08-10","33.61876","-114.71451","120.4","BLYTHE ASOS, CA US","  96.9","12","  67.2","12","1010.0"," 6","997.0","12","  9.2","11"," 11.9","11"," 33.0"," 47.0"," 104.0","*","  73.9","*"," 0.70","G","999.9","010010"
"74718823158","2018-08-11","33.61876","-114.71451","120.4","BLYTHE ASOS, CA US","  99.9"," 7","  64.3"," 7","9999.9"," 0","995.1"," 7"," 10.0"," 6","  9.1"," 6"," 12.0","999.9"," 104.0","*","  95.0","*"," 0.00","G","999.9","010010"
"74718823158","2018-08-15","33.61876","-114.71451","120.4","BLYTHE ASOS, CA US"," 102.5"," 4","  64.0"," 4","9999.9"," 0","994.0"," 4"," 10.0"," 4","  7.4"," 4","  9.9"," 15.0"," 104.0","*"," 100.9","*"," 0.00","G","999.9","000000"
"74718823158","2018-08-16","33.61876","-114.71451","120.4","BLYTHE ASOS, CA US","  92.4","24","  69.2","24","1012.7","16","997.8","24"," 10.0","24","  8.2","24"," 17.1"," 21.0"," 104.0"," ","  79.0"," "," 0.00","G","999.9","000000"
"74718823158","2018-08-17","33.61876","-114.71451","120.4","BLYTHE ASOS, CA US","  92.2","24","  69.0","24","1013.3","23","999.9","24"," 10.0","24","  6.7","23"," 13.0"," 15.0"," 106.0"," ","  79.0"," "," 0.00","G","999.9","000000"
"74718823158","2018-08-18","33.61876","-114.71451","120.4","BLYTHE ASOS, CA US","  98.1","24","  65.0","24","1011.3","24","998.0","24"," 10.0","24","  7.7","24"," 11.1","999.9"," 109.0"," ","  84.0"," "," 0.00","G","999.9","000000"
"74718823158","2018-08-19","33.61876","-114.71451","120.4","BLYTHE ASOS, CA US","  99.2","24","  66.1","24","1007.7","24","994.4","24"," 10.0","24","  8.4","24"," 12.0"," 17.1"," 113.0"," ","  86.0"," "," 0.00","G","999.9","000000"
"74718823158","2018-08-20","33.61876","-114.71451","120.4","BLYTHE ASOS, CA US"," 100.5","24","  63.8","24","1006.7","24","993.5","24"," 10.0","24"," 11.5","24"," 19.0"," 22.0"," 113.0"," ","  86.0"," "," 0.00","G","999.9","000000"
"74718823158","2018-08-21","33.61876","-114.71451","120.4","BLYTHE ASOS, CA US","  97.0","22","  66.3","22","1008.4","22","995.2","22"," 10.0","21"," 12.3","22"," 15.9"," 18.1"," 108.0","*","  86.0","*"," 0.00","G","999.9","000000"
"74718823158","2018-08-22","33.61876","-114.71451","120.4","BLYTHE ASOS, CA US","  95.0","24","  65.1","24","1010.5","22","997.1","24"," 10.0","24","  8.3","24"," 15.9"," 19.0"," 107.1"," ","  84.0"," "," 0.00","G","999.9","000000"
"74718823158","2018-08-23","33.61876","-114.71451","120.4","BLYTHE ASOS, CA US","  96.5","24","  60.5","24","1010.2","24","996.9","24"," 10.0","23","  8.9","24"," 13.0"," 18.1"," 106.0"," ","  84.0"," "," 0.00","G","999.9","000000"
"74718823158","2018-08-24","33.61876","-114.71451","120.4","BLYTHE ASOS, CA US","  95.5","24","  62.1","24","1008.0","24","994.7","24"," 10.0","23"," 10.6","24"," 15.0"," 19.0"," 105.1","*","  86.0","*"," 0.00","G","999.9","000000"
"74718823158","2018-08-25","33.61876","-114.71451","120.4","BLYTHE ASOS, CA US","  94.8","24","  60.8","24","1007.8","24","994.4","24"," 10.0","24","  8.8","24"," 15.0"," 20.0"," 106.0"," ","  81.0"," "," 0.00","G","999.9","000000"
"74718823158","2018-08-26","33.61876","-114.71451","120.4","BLYTHE ASOS, CA US","  95.8","23","  57.5","23","1008.8","23","995.5","23"," 10.0","23","  8.9","23"," 15.0"," 20.0"," 106.0"," ","  82.9"," "," 0.00","G","999.9","000000"
"74718823158","2018-08-27","33.61876","-114.71451","120.4","BLYTHE ASOS, CA US","  93.8","24","  45.4","24","1007.1","24","993.8","24"," 10.0","24"," 11.2","24"," 17.1"," 21.0"," 109.0"," ","  77.0"," "," 0.00","G","999.9","000000"
"74718823158","2018-08-28","33.61876","-114.71451","120.4","BLYTHE ASOS, CA US","  93.2","24","  41.8","24","1006.8","24","993.5","24"," 10.0","24"," 10.6","24"," 21.0"," 25.1"," 107.1"," ","  78.1"," "," 0.00","G","999.9","000000"
"74718823158","2018-08-29","33.61876","-114.71451","120.4","BLYTHE ASOS, CA US","  92.4","24","  45.4","24","1008.5","24","995.1","24"," 10.0","24","  6.2","24"," 13.0"," 15.9"," 107.1"," ","  75.9"," "," 0.00","G","999.9","000000"
"74718823158","2018-08-30","33.61876","-114.71451","120.4","BLYTHE ASOS, CA US","  93.4","24","  54.4","24","1009.6","24","996.2","24","  9.8","24","  7.9","24"," 15.0"," 18.1"," 106.0"," ","  75.9"," "," 0.00","G","999.9","000000"
"74718823158","2018-08-31","33.61876","-114.71451","120.4","BLYTHE ASOS, CA US","  94.9","23","  60.9","23","1007.0","23","993.6","23"," 10.0","23","  9.8","22"," 13.0"," 19.0"," 107.1","*","  82.0","*"," 0.00","G","999.9","000000"
"74718823158","2018-09-01","33.61876","-114.71451","120.4","BLYTHE ASOS, CA US","  94.3","24","  57.1","22","1003.5","24","990.2","24"," 10.0","24","  7.7","24"," 15.0"," 22.0"," 106.0","*","  81.0","*"," 0.00","G","999.9","000000"
"74718823158","2018-09-02","33.61876","-114.71451","120.4","BLYTHE ASOS, CA US","  90.7","23","  58.2","22","1005.4","23","992.0","23"," 10.0","23","  7.9","23"," 15.0"," 21.0"," 102.9","*","  78.1","*"," 0.00","G","999.9","000000"
"74718823158","2018-09-03","33.61876","-114.71451","120.4","BLYTHE ASOS, CA US","  90.0","24","  53.1","24","1007.7","24","994.4","24"," 10.0","24","  5.4","24"," 13.0","999.9"," 100.0","*","  77.0","*"," 0.00","G","999.9","000000"
"74718823158","2018-09-04","33.61876","-114.71451","120.4","BLYTHE ASOS, CA US","  90.9","24","  49.2","24","1007.7","24","994.3","24"," 10.0","24","  5.4","24"," 11.1"," 15.0"," 102.9"," ","  78.1"," "," 0.00","G","999.9","000000"
"74718823158","2018-09-05","33.61876","-114.71451","120.4","BLYTHE ASOS, CA US","  91.4","24","  45.9","24","1009.2","24","995.8","24"," 10.0","24","  6.0","24"," 14.0","999.9"," 104.0"," ","  75.9"," "," 0.00","G","999.9","000000"
"74718823158","2018-09-06","33.61876","-114.71451","120.4","BLYTHE ASOS, CA US","  93.2","23","  50.9","23","1011.0","23","997.6","23"," 10.0","23","  4.8","23"," 11.1"," 15.9"," 107.1"," ","  75.9"," "," 0.00","G","999.9","000000"
"74718823158","2018-09-07","33.61876","-114.71451","120.4","BLYTHE ASOS, CA US","  96.1","24","  51.9","24","1010.0","24","996.6","24"," 10.0","24","  4.2","24","  8.0","999.9"," 109.9"," ","  78.1"," "," 0.00","G","999.9","000000"
"74718823158","2018-09-08","33.61876","-114.71451","120.4","BLYTHE ASOS, CA US","  98.1","24","  43.5","24","1007.4","24","994.1","24"," 10.0","24","  3.2","24","  7.0","999.9"," 113.0"," ","  81.0"," "," 0.00","G","999.9","000000"
"74718823158","2018-09-09","33.61876","-114.71451","120.4","BLYTHE ASOS, CA US","  96.6","24","  59.7","24","1005.7","24","992.4","24"," 10.0","24"," 11.2","24"," 19.0"," 24.1"," 113.0"," ","  82.0"," "," 0.00","G","999.9","000000"
"74718823158","2018-09-10","33.61876","-114.71451","120.4","BLYTHE ASOS, CA US","  94.8","24","  60.4","22","1006.0","23","992.6","24"," 10.0","24"," 10.0","24"," 15.9"," 27.0"," 109.9"," ","  82.0"," "," 0.00","G","999.9","000000"
"74718823158","2018-09-11","33.61876","-114.71451","120.4","BLYTHE ASOS, CA US","  93.0","24","  41.4","23","1004.9","24","991.6","24"," 10.0","24","  8.1","24"," 14.0"," 20.0"," 109.0"," ","  73.0"," "," 0.00","G","999.9","000000"
"74718823158","2018-09-12","33.61876","-114.71451","120.4","BLYTHE ASOS, CA US","  90.4","24","  36.2","24","1005.1","24","991.8","24"," 10.0","24","  6.2","24"," 15.9"," 20.0"," 109.0"," ","  70.0"," "," 0.00","G","999.9","000000"
"74718823158","2018-09-13","33.61876","-114.71451","120.4","BLYTHE ASOS, CA US","  90.2","24","  33.0","24","1007.2","23","993.5","24","  9.3","24","  6.3","24"," 17.1"," 22.9"," 107.1"," ","  70.0"," "," 0.00","G","999.9","000000"
"74718823158","2018-09-14","33.61876","-114.71451","120.4","BLYTHE ASOS, CA US","  90.4","24","  27.2","24","1006.9","24","993.5","24"," 10.0","24","  4.5","24","  8.9","999.9"," 107.1"," ","  71.1"," "," 0.00","G","999.9","000000"
"74718823158","2018-09-15","33.61876","-114.71451","120.4","BLYTHE ASOS, CA US","  92.7","24","  38.0","24","1005.0","24","991.7","24"," 10.0","24","  5.5","24"," 14.0"," 15.9"," 111.0","*","  75.9","*"," 0.00","G","999.9","000000"
"74718823158","2018-09-16","33.61876","-114.71451","120.4","BLYTHE ASOS, CA US","  94.6","24","  63.0","24","1007.0","23","993.5","24"," 10.0","24","  8.5","24"," 14.0"," 15.0"," 111.0"," ","  75.0"," "," 0.00","G","999.9","000000"
"74718823158","2018-09-17","33.61876","-114.71451","120.4","BLYTHE ASOS, CA US","  95.3","24","  47.7","24","1006.6","24","993.3","24"," 10.0","24","  6.1","24"," 11.1"," 19.0"," 108.0","*","  80.1","*"," 0.00","G","999.9","000000"
"74718823158","2018-09-18","33.61876","-114.71451","120.4","BLYTHE ASOS, CA US","  94.6","24","  42.7","24","1005.9","24","992.6","24"," 10.0","24","  8.5","24"," 17.1"," 24.1"," 106.0","*","  81.0","*"," 0.00","G","999.9","000000"
"74718823158","2018-09-19","33.61876","-114.71451","120.4","BLYTHE ASOS, CA US","  91.7","24","  67.2","24","1004.1","24","990.7","24"," 10.0","24"," 10.2","24"," 15.9"," 22.0"," 105.1"," ","  80.1"," "," 0.00","G","999.9","000000"
"74718823158","2018-09-20","33.61876","-114.71451","120.4","BLYTHE ASOS, CA US","  87.9","24","  67.3","24","1006.3","24","992.9","24"," 10.0","24","  5.0","23"," 15.0","999.9"," 100.0"," ","  78.1"," "," 0.00","G","999.9","000000"
"74718823158","2018-09-21","33.61876","-114.71451","120.4","BLYTHE ASOS, CA US","  92.1","24","  63.9","24","1009.8","24","996.5","24"," 10.0","24","  7.0","24"," 11.1"," 15.0"," 102.9"," ","  78.1"," "," 0.00","G","999.9","000000"
"74718823158","2018-09-22","33.61876","-114.71451","120.4","BLYTHE ASOS, CA US","  92.5","24","  56.1","24","1010.0","24","996.6","24"," 10.0","24","  4.8","24","  8.9","999.9"," 106.0"," ","  78.1"," "," 0.00","G","999.9","000000"
"74718823158","2018-09-23","33.61876","-114.71451","120.4","BLYTHE ASOS, CA US","  94.4","24","  48.0","24","1006.4","24","993.1","24"," 10.0","24","  5.3","24"," 11.1","999.9"," 106.0"," ","  78.1"," "," 0.00","G","999.9","000000"
"74718823158","2018-09-24","33.61876","-114.71451","120.4","BLYTHE ASOS, CA US","  92.1","24","  47.5","24","1005.0","24","991.7","24"," 10.0","24","  6.6","24"," 14.0"," 18.1"," 102.9"," ","  77.0"," "," 0.00","G","999.9","000000"
"74718823158","2018-09-25","33.61876","-114.71451","120.4","BLYTHE ASOS, CA US","  87.6","24","  41.2","24","1007.7","23","994.3","24","  9.8","24","  5.6","24"," 15.9","999.9"," 102.9"," ","  73.0"," "," 0.00","G","999.9","000000"
"74718823158","2018-09-26","33.61876","-114.71451","120.4","BLYTHE ASOS, CA US","  89.0","24","  49.5","24","1010.4","24","997.0","24"," 10.0","24","  3.4","24","  8.0","999.9"," 105.1"," ","  72.0"," "," 0.00","G","999.9","000000"
"74718823158","2018-09-27","33.61876","-114.71451","120.4","BLYTHE ASOS, CA US","  90.3","24","  44.6","24","1009.2","24","995.8","24"," 10.0","24","  4.5","24"," 12.0","999.9"," 105.1","*","  71.1","*"," 0.00","G","999.9","000000"
"74718823158","2018-09-28","33.61876","-114.71451","120.4","BLYTHE ASOS, CA US","  92.5","24","  41.7","24","1007.1","24","993.7","24"," 10.0","24","  5.6","24"," 19.0"," 24.1"," 118.9","*","  73.0","*"," 0.00","G","999.9","000000"
"74718823158","2018-09-29","33.61876","-114.71451","120.4","BLYTHE ASOS, CA US"," 102.8","24","  52.2","24","1007.3","23","994.2","24"," 10.0","24","  9.2","24"," 15.0"," 22.0"," 116.1","*","  88.0","*"," 0.00","G","999.9","000000"
"74718823158","2018-09-30","33.61876","-114.71451","120.4","BLYTHE ASOS, CA US","  96.7","24","  57.6","24","1008.0","23","994.8","24","  9.7","24","  7.6","24"," 34.0"," 44.1"," 116.1"," ","  73.9"," "," 0.00","G","999.9","010010"
"74718823158","2018-10-01","33.61876","-114.71451","120.4","BLYTHE ASOS, CA US","  87.9","19","  68.9","19","1010.5","19","997.0","19"," 10.0","19","  4.8","19"," 11.1","999.9"," 111.0"," ","  73.9"," "," 0.02","G","999.9","010000"
"74718823158","2018-10-02","33.61876","-114.71451","120.4","BLYTHE ASOS, CA US","  89.0","24","  68.6","24","1008.9","22","995.5","24"," 10.0","24","  4.9","24"," 11.1","999.9"," 105.1"," ","  73.9"," "," 0.00","G","999.9","010000"
"74718823158","2018-10-03","33.61876","-114.71451","120.4","BLYTHE ASOS, CA US","  89.0","24","  67.4","24","1009.7","24","996.3","24"," 10.0","24","  7.9","24"," 13.0"," 17.1"," 105.1"," ","  75.0"," "," 0.00","G","999.9","000000"
"74718823158","2018-10-04","33.61876","-114.71451","120.4","BLYTHE ASOS, CA US","  78.6","24","  57.9","24","1010.3","22","996.6","24"," 10.0","24","  7.8","23"," 22.9"," 29.9","  93.9"," ","  66.9"," "," 0.06","G","999.9","010010"
"74718823158","2018-10-05","33.61876","-114.71451","120.4","BLYTHE ASOS, CA US","  78.7","24","  52.9","24","1010.1","24","996.5","24"," 10.0","24","  5.5","24","  9.9","999.9","  89.1"," ","  66.0"," "," 0.00","G","999.9","000000"
"74718823158","2018-10-06","33.61876","-114.71451","120.4","BLYTHE ASOS, CA US","  78.4","24","  48.9","24","1006.0","24","992.4","24"," 10.0","24","  7.6","24"," 18.1"," 27.0","  91.0"," ","  64.0"," "," 0.00","G","999.9","000000"
"74718823158","2018-10-07","33.61876","-114.71451","120.4","BLYTHE ASOS, CA US","  76.3","24","  45.7","24","1003.5","23","989.9","24","  9.7","24"," 10.0","24"," 19.0"," 24.1","  91.0"," ","  64.0"," "," 0.00","G","999.9","000000"
"74718823158","2018-10-08","33.61876","-114.71451","120.4","BLYTHE ASOS, CA US","  71.9","24","  40.7","24","1006.6","24","993.0","24"," 10.0","24","  4.5","24"," 14.0"," 15.0","  84.0"," ","  62.1"," "," 0.00","G","999.9","000000"
"74718823158","2018-10-09","33.61876","-114.71451","120.4","BLYTHE ASOS, CA US","  72.5","23","  34.2","23","1007.0","23","993.5","23"," 10.0","23","  4.8","23"," 13.0","999.9","  88.0","*","  57.9","*"," 0.00","G","999.9","000000"
"74718823158","2018-10-10","33.61876","-114.71451","120.4","BLYTHE ASOS, CA US","  76.5","24","  46.5","24","1006.5","23","993.0","24"," 10.0","24","  9.7","23"," 14.0"," 20.0","  88.0"," ","  57.0"," "," 0.00","G","999.9","000000"
"74718823158","2018-10-11","33.61876","-114.71451","120.4","BLYTHE ASOS, CA US","  75.2","24","  56.1","24","1006.6","24","993.0","22"," 10.0","24","  6.5","24"," 13.0"," 14.0","  87.1"," ","  64.9"," "," 0.00","G","999.9","000000"
"74718823158","2018-10-12","33.61876","-114.71451","120.4","BLYTHE ASOS, CA US","  74.1","24","  55.7","24","1008.5","24","994.9","24"," 10.0","24","  5.3","24","  8.9","999.9","  84.0"," ","  63.0"," "," 0.00","G","999.9","000000"
"74718823158","2018-10-13","33.61876","-114.71451","120.4","BLYTHE ASOS, CA US","  73.2","24","  60.1","24","1007.3","22","993.7","24","  9.4","24","  5.9","24"," 22.0"," 33.0","  82.9"," ","  63.0"," "," 0.56","G","999.9","010010"
"74718823158","2018-10-14","33.61876","-114.71451","120.4","BLYTHE ASOS, CA US","  70.7","24","  60.9","24","1009.7","24","996.1","24"," 10.0","24","  3.6","24"," 14.0","999.9","  82.0"," ","  63.0"," "," 0.23","G","999.9","000000"
"74718823158","2018-10-15","33.61876","-114.71451","120.4","BLYTHE ASOS, CA US","  68.8","24","  25.6","24","1015.9","24","002.1","24","  9.7","24"," 16.0","24"," 26.0"," 35.0","  82.0"," ","  57.9"," "," 0.00","G","999.9","000000"
"74718823158","2018-10-16","33.61876","-114.71451","120.4","BLYTHE ASOS, CA US","  68.6","24","  20.5","24","1015.6","24","001.9","24"," 10.0","24"," 12.0","24"," 18.1"," 21.0","  78.1"," ","  57.0"," "," 0.00","G","999.9","000000"
"74718823158","2018-10-17","33.61876","-114.71451","120.4","BLYTHE ASOS, CA US","  66.9","24","  41.2","24","1017.7","24","003.8","24"," 10.0","24","  6.0","24","  9.9","999.9","  79.0"," ","  57.0"," "," 0.00","G","999.9","000000"
"74718823158","2018-10-18","33.61876","-114.71451","120.4","BLYTHE ASOS, CA US","  70.3","24","  42.7","24","1017.0","24","003.2","24"," 10.0","24","  5.3","24","  8.9","999.9","  84.0"," ","  57.0"," "," 0.00","G","999.9","000000"
"74718823158","2018-10-19","33.61876","-114.71451","120.4","BLYTHE ASOS, CA US","  74.4","24","  39.1","24","1015.7","24","002.1","24"," 10.0","24","  7.8","24"," 12.0"," 15.9","  87.1"," ","  57.0"," "," 0.00","G","999.9","000000"
"74718823158","2018-10-20","33.61876","-114.71451","120.4","BLYTHE ASOS, CA US","  75.8","24","  42.0","24","1013.3","24","999.7","24"," 10.0","24","  5.4","24"," 11.1","999.9","  91.0"," ","  63.0"," "," 0.00","G","999.9","000000"
"74718823158","2018-10-21","33.61876","-114.71451","120.4","BLYTHE ASOS, CA US","  77.8","24","  50.6","24","1010.5","24","996.9","24"," 10.0","24","  2.9","24","  8.0","999.9","  91.0"," ","  63.0"," "," 0.00","G","999.9","000000"
"74718823158","2018-10-22","33.61876","-114.71451","120.4","BLYTHE ASOS, CA US","  75.7","24","  51.2","24","1009.1","24","995.5","24"," 10.0","24","  1.9","24","  5.1","999.9","  90.0"," ","  63.0"," "," 0.00","G","999.9","000000"
"74718823158","2018-10-23","33.61876","-114.71451","120.4","BLYTHE ASOS, CA US","  78.0","24","  51.1","24","1009.1","24","995.5","24"," 10.0","24","  4.4","23"," 11.1","999.9","  90.0"," ","  63.0"," "," 0.00","G","999.9","000000"
"74718823158","2018-10-24","33.61876","-114.71451","120.4","BLYTHE ASOS, CA US","  75.5","24","  46.2","24","1010.4","24","996.8","24"," 10.0","24","  4.1","24","  8.0","999.9","  90.0"," ","  62.1"," "," 0.00","G","999.9","000000"
"74718823158","2018-10-25","33.61876","-114.71451","120.4","BLYTHE ASOS, CA US","  74.5","24","  47.5","24","1013.1","24","999.4","24"," 10.0","24","  2.4","24","  6.0","999.9","  90.0"," ","  60.1"," "," 0.00","G","999.9","000000"
"74718823158","2018-10-26","33.61876","-114.71451","120.4","BLYTHE ASOS, CA US","  76.2","23","  43.0","23","1014.2","23","000.6","23"," 10.0","23","  3.5","23","  8.0"," 20.0","  93.0"," ","  60.1"," "," 0.00","G","999.9","000000"
"74718823158","2018-10-27","33.61876","-114.71451","120.4","BLYTHE ASOS, CA US","  74.3","24","  39.4","24","1014.4","24","000.7","24"," 10.0","24","  1.7","24","  7.0","999.9","  93.0"," ","  57.9"," "," 0.00","G","999.9","000000"
"74718823158","2018-10-28","33.61876","-114.71451","120.4","BLYTHE ASOS, CA US","  72.3","24","  39.3","24","1014.4","24","000.7","24"," 10.0","24","  3.5","24","  7.0","999.9","  91.0"," ","  57.9"," "," 0.00","G","999.9","000000"
"74718823158","2018-10-29","33.61876","-114.71451","120.4","BLYTHE ASOS, CA US","  72.9","24","  44.9","24","1012.7","24","999.0","24"," 10.0","24","  4.8","24"," 12.0","999.9","  90.0"," ","  59.0"," "," 0.00","G","999.9","000000"
"74718823158","2018-10-30","33.61876","-114.71451","120.4","BLYTHE ASOS, CA US","  75.5","24","  46.6","24","1009.0","24","995.4","24"," 10.0","24","  7.2","24"," 15.0"," 20.0","  90.0"," ","  60.1"," "," 0.00","G","999.9","000000"
"74718823158","2018-10-31","33.61876","-114.71451","120.4","BLYTHE ASOS, CA US","  71.7","24","  20.7","24","1014.4","22","000.9","24","  9.5","24"," 15.1","24"," 25.1"," 36.9","  87.1"," ","  62.1"," "," 0.00","G","999.9","000000"
"74718823158","2018-11-01","33.61876","-114.71451","120.4","BLYTHE ASOS, CA US","  68.1","24","  19.1","24","1016.9","24","003.1","24"," 10.0","24","  7.0","24"," 15.9"," 17.1","  84.9"," ","  54.0"," "," 0.00","G","999.9","000000"
"74718823158","2018-11-02","33.61876","-114.71451","120.4","BLYTHE ASOS, CA US","  71.4","24","  33.8","24","1016.9","24","003.1","24"," 10.0","24","  3.7","24","  7.0","999.9","  87.1"," ","  54.0"," "," 0.00","G","999.9","000000"
"74718823158","2018-11-03","33.61876","-114.71451","120.4","BLYTHE ASOS, CA US","  69.8","24","  38.2","24","1013.4","24","999.8","24"," 10.0","24","  5.7","24"," 19.0"," 26.0","  91.0"," ","  53.1"," "," 0.00","G","999.9","000000"
"74718823158","2018-11-04","33.61876","-114.71451","120.4","BLYTHE ASOS, CA US","  73.4","24","  27.5","24","1013.6","24","999.9","24"," 10.0","24","  6.1","24"," 15.0","999.9","  91.0"," ","  53.1"," "," 0.00","G","999.9","000000"
"74718823158","2018-11-05","33.61876","-114.71451","120.4","BLYTHE ASOS, CA US","  68.1","24","  34.0","24","1009.5","24","995.8","24"," 10.0","24","  3.2","24","  7.0","999.9","  86.0"," ","  53.1"," "," 0.00","G","999.9","000000"
"74718823158","2018-11-06","33.61876","-114.71451","120.4","BLYTHE ASOS, CA US","  69.5","24","  39.6","24","1010.1","24","996.5","24"," 10.0","24","  2.1","24","  7.0","999.9","  86.0"," ","  53.1"," "," 0.00","G","999.9","000000"
"74718823158","2018-11-07","33.61876","-114.71451","120.4","BLYTHE ASOS, CA US","  68.4","24","  41.5","24","1011.8","24","998.1","24"," 10.0","24","  2.3","24","  6.0","999.9","  84.0"," ","  55.0"," "," 0.00","G","999.9","000000"
"74718823158","2018-11-08","33.61876","-114.71451","120.4","BLYTHE ASOS, CA US","  68.8","24","  34.0","24","1012.1","23","998.5","24","  9.5","24"," 10.8","24"," 27.0"," 33.0","  84.0"," ","  55.0"," "," 0.00","G","999.9","000000"
"74718823158","2018-11-09","33.61876","-114.71451","120.4","BLYTHE ASOS, CA US","  65.3","24","  10.0","24","1018.0","24","004.2","24"," 10.0","24"," 13.4","24"," 18.1"," 22.9","  79.0"," ","  55.9"," "," 0.00","G","999.9","000000"
"74718823158","2018-11-10","33.61876","-114.71451","120.4","BLYTHE ASOS, CA US","  60.4","24","   9.8","24","1015.4","24","001.6","24"," 10.0","24","  3.4","24","  8.0","999.9","  77.0"," ","  46.0"," "," 0.00","G","999.9","000000"
"74718823158","2018-11-11","33.61876","-114.71451","120.4","BLYTHE ASOS, CA US","  59.3","24","  15.3","24","1015.2","24","001.3","24"," 10.0","24","  9.5","24"," 26.0"," 32.1","  77.0"," ","  44.1"," "," 0.00","G","999.9","000000"
"74718823158","2018-11-12","33.61876","-114.71451","120.4","BLYTHE ASOS, CA US","  60.9","24","   8.8","24","1024.8","24","010.8","24"," 10.0","24"," 11.4","24"," 22.0","999.9","  73.0"," ","  44.1"," "," 0.00","G","999.9","000000"
"74718823158","2018-11-13","33.61876","-114.71451","120.4","BLYTHE ASOS, CA US","  57.6","24","  10.0","24","1030.5","24","016.4","24"," 10.0","24","  8.2","24"," 15.0","999.9","  71.1"," ","  44.1"," "," 0.00","G","999.9","000000"
"74718823158","2018-11-14","33.61876","-114.71451","120.4","BLYTHE ASOS, CA US","  55.1","24","  13.9","24","1027.0","24","012.9","24"," 10.0","24","  2.0","24","  7.0","999.9","  71.1"," ","  43.0"," "," 0.00","G","999.9","000000"
"74718823158","2018-11-15","33.61876","-114.71451","120.4","BLYTHE ASOS, CA US","  56.7","24","  18.0","24","1020.3","24","006.4","24"," 10.0","24","  2.5","24","  7.0","999.9","  75.9"," ","  37.9"," "," 0.00","G","999.9","000000"
"74718823158","2018-11-16","33.61876","-114.71451","120.4","BLYTHE ASOS, CA US","  58.1","24","  20.8","24","1016.3","24","002.4","24"," 10.0","24","  2.3","24","  6.0","999.9","  77.0"," ","  37.9"," "," 0.00","G","999.9","000000"
"74718823158","2018-11-17","33.61876","-114.71451","120.4","BLYTHE ASOS, CA US","  56.6","24","  24.2","24","1015.5","24","001.5","24"," 10.0","24","  3.3","24","  6.0","999.9","  77.0"," ","  39.9"," "," 0.00","G","999.9","000000"
"74718823158","2018-11-18","33.61876","-114.71451","120.4","BLYTHE ASOS, CA US","  58.5","24","  26.8","24","1017.2","24","003.3","24"," 10.0","24","  3.0","24","  7.0","999.9","  75.0"," ","  39.9"," "," 0.00","G","999.9","000000"
"74718823158","2018-11-19","33.61876","-114.71451","120.4","BLYTHE ASOS, CA US","  59.9","24","  25.1","24","1018.4","24","004.4","24"," 10.0","24","  3.4","24","  8.0","999.9","  73.9"," ","  46.0"," "," 0.00","G","999.9","000000"
"74718823158","2018-11-20","33.61876","-114.71451","120.4","BLYTHE ASOS, CA US","  63.1","24","  22.1","24","1016.0","24","002.1","24"," 10.0","24","  4.6","24","  8.9","999.9","  77.0"," ","  46.0"," "," 0.00","G","999.9","000000"
"74718823158","2018-11-21","33.61876","-114.71451","120.4","BLYTHE ASOS, CA US","  59.0","24","  19.9","24","1017.5","24","003.7","24"," 10.0","24","  2.6","24","  8.0","999.9","  77.0"," ","  44.1"," "," 0.00","G","999.9","000000"
"74718823158","2018-11-22","33.61876","-114.71451","120.4","BLYTHE ASOS, CA US","  64.3","24","  41.3","24","1017.3","24","003.4","24"," 10.0","24","  6.3","24"," 15.0","999.9","  75.0"," ","  44.1"," "," 0.00","G","999.9","000000"
"74718823158","2018-11-23","33.61876","-114.71451","120.4","BLYTHE ASOS, CA US","  59.1","24","  39.7","24","1018.4","24","004.5","24"," 10.0","24","  3.7","24","  9.9","999.9","  75.0"," ","  43.0"," "," 0.00","G","999.9","000000"
"74718823158","2018-11-24","33.61876","-114.71451","120.4","BLYTHE ASOS, CA US","  58.7","24","  38.7","24","1012.6","24","998.8","24"," 10.0","24","  2.8","24","  7.0","999.9","  73.9"," ","  43.0"," "," 0.00","G","999.9","000000"
"74718823158","2018-11-25","33.61876","-114.71451","120.4","BLYTHE ASOS, CA US","  61.6","24","  36.0","24","1014.4","24","000.5","24"," 10.0","24","  5.2","24"," 14.0"," 20.0","  73.9"," ","  46.0"," "," 0.00","G","999.9","000000"
"74718823158","2018-11-26","33.61876","-114.71451","120.4","BLYTHE ASOS, CA US","  61.0","24","  16.0","24","1019.7","24","005.7","24"," 10.0","24","  7.7","24"," 13.0"," 20.0","  73.0","*","  48.9","*"," 0.00","G","999.9","000000"
"74718823158","2018-11-27","33.61876","-114.71451","120.4","BLYTHE ASOS, CA US","  57.4","24","  15.7","24","1019.1","24","005.1","24"," 10.0","24","  4.6","21","  8.9","999.9","  73.0"," ","  44.1"," "," 0.00","G","999.9","000000"
"74718823158","2018-11-28","33.61876","-114.71451","120.4","BLYTHE ASOS, CA US","  58.3","24","  25.1","24","1012.6","24","998.7","24"," 10.0","24","  4.1","24"," 13.0","999.9","  77.0","*","  46.0","*"," 0.00","G","999.9","000000"
"74718823158","2018-11-29","33.61876","-114.71451","120.4","BLYTHE ASOS, CA US","  61.6","24","  41.2","24","1008.3","23","994.5","24","  9.8","24","  8.0","24"," 20.0"," 27.0","  72.0","*","  51.1","*"," 0.00","G","999.9","000000"
"74718823158","2018-11-30","33.61876","-114.71451","120.4","BLYTHE ASOS, CA US","  61.1","23","  42.8","23","1008.1","23","994.3","23"," 10.0","23","  7.4","23"," 19.0"," 25.1","  71.1","*","  50.0","*"," 0.00","G","999.9","000000"
"74718823158","2018-12-01","33.61876","-114.71451","120.4","BLYTHE ASOS, CA US","  58.0","24","  38.1","24","1012.4","24","998.5","24"," 10.0","24","  5.0","24","  9.9","999.9","  66.9","*","  45.0","*"," 0.00","G","999.9","000000"
"74718823158","2018-12-02","33.61876","-114.71451","120.4","BLYTHE ASOS, CA US","  57.6","24","  34.1","24","1012.0","24","998.1","24"," 10.0","24","  6.2","24"," 12.0"," 15.0","  66.0","*","  48.0","*"," 0.00","G","999.9","000000"
"74718823158","2018-12-03","33.61876","-114.71451","120.4","BLYTHE ASOS, CA US","  51.9","24","  21.5","24","1020.3","24","006.3","24"," 10.0","24","  4.6","24","  8.0","999.9","  64.0","*","  39.9","*"," 0.00","G","999.9","000000"
"74718823158","2018-12-04","33.61876","-114.71451","120.4","BLYTHE ASOS, CA US","  50.9","24","  20.2","24","1021.2","24","007.2","24"," 10.0","24","  2.6","24","  7.0","999.9","  62.1","*","  41.0","*"," 0.00","G","999.9","000000"
"74718823158","2018-12-05","33.61876","-114.71451","120.4","BLYTHE ASOS, CA US","  50.2","24","  19.5","24","1015.5","24","001.5","24"," 10.0","24","  3.0","24","  7.0","999.9","  64.9","*","  37.9","*"," 0.00","G","999.9","000000"
"74718823158","2018-12-06","33.61876","-114.71451","120.4","BLYTHE ASOS, CA US","  55.5","24","  37.9","24","1015.0","24","001.0","24"," 10.0","24","  3.7","24","  9.9"," 14.0","  60.1","*","  46.9","*"," 0.00","G","999.9","010000"
"74718823158","2018-12-07","33.61876","-114.71451","120.4","BLYTHE ASOS, CA US","  55.3","24","  52.5","24","1017.1","16","003.0","24","  8.8","24","  8.4","24"," 15.0","999.9","  63.0","*","  51.8","*"," 0.39","G","999.9","010000"
"74718823158","2018-12-08","33.61876","-114.71451","120.4","BLYTHE ASOS, CA US","  55.5","24","  49.2","24","1023.0","24","009.0","24"," 10.0","24","  4.0","24","  8.9","999.9","  68.0","*","  46.0","*"," 0.10","G","999.9","000000"
"74718823158","2018-12-09","33.61876","-114.71451","120.4","BLYTHE ASOS, CA US","  56.5","24","  48.6","24","1025.4","24","011.3","24"," 10.0","24","  3.3","24","  8.9","999.9","  68.0","*","  48.0","*"," 0.00","G","999.9","000000"
"74718823158","2018-12-10","33.61876","-114.71451","120.4","BLYTHE ASOS, CA US","  55.9","24","  48.1","24","1021.2","24","007.2","24"," 10.0","24","  2.9","24","  7.0","999.9","  63.0","*","  48.9","*"," 0.00","G","999.9","000000"
"74718823158","2018-12-11","33.61876","-114.71451","120.4","BLYTHE ASOS, CA US","  55.8","24","  46.6","24","1016.9","24","003.0","24"," 10.0","24","  4.0","24","  8.9","999.9","  68.0","*","  48.0","*"," 0.00","G","999.9","000000"
"74718823158","2018-12-12","33.61876","-114.71451","120.4","BLYTHE ASOS, CA US","  54.0","24","  43.1","24","1016.9","24","003.0","24"," 10.0","24","  3.9","24","  8.9","999.9","  66.9","*","  42.1","*"," 0.00","G","999.9","000000"
"74718823158","2018-12-13","33.61876","-114.71451","120.4","BLYTHE ASOS, CA US","  59.7"," 4","  39.4"," 4","1019.3"," 4","005.3"," 4"," 10.0"," 4","  4.8"," 4","  8.0","999.9","  64.0","*","  55.9","*"," 0.00","G","999.9","000000"
"74718823158","2018-12-15","33.61876","-114.71451","120.4","BLYTHE ASOS, CA US","  55.9","16","  34.8","16","1019.7","16","005.7","16"," 10.0","16","  3.3","16","  6.0","999.9","  70.0","*","  46.0","*"," 0.00","G","999.9","000000"
"74718823158","2018-12-16","33.61876","-114.71451","120.4","BLYTHE ASOS, CA US","  53.7","24","  34.0","24","1020.6","24","006.5","24"," 10.0","24","  2.0","24","  6.0","999.9","  70.0","*","  39.0","*"," 0.00","G","999.9","000000"
"74718823158","2018-12-17","33.61876","-114.71451","120.4","BLYTHE ASOS, CA US","  50.6","24","  36.6","24","1020.1","24","006.0","24"," 10.0","24","  3.0","24","  8.0","999.9","  64.0","*","  42.1","*"," 0.00","G","999.9","000000"
"74718823158","2018-12-18","33.61876","-114.71451","120.4","BLYTHE ASOS, CA US","  51.4","24","  38.5","24","1020.7","24","006.6","24"," 10.0","24","999.9"," 0","999.9","999.9","  66.9","*","  39.9","*"," 0.00","G","999.9","000000"
"74718823158","2018-12-19","33.61876","-114.71451","120.4","BLYTHE ASOS, CA US","  56.7","24","  42.4","24","1021.0","24","007.0","24"," 10.0","24","  2.6","11","  6.0","999.9","  72.0","*","  45.0","*"," 0.00","G","999.9","000000"
"74718823158","2018-12-20","33.61876","-114.71451","120.4","BLYTHE ASOS, CA US","  56.9","24","  38.5","24","1020.6","24","006.6","24"," 10.0","24","  1.7","24","  7.0","999.9","  72.0"," ","  41.0"," "," 0.00","G","999.9","000000"
"74718823158","2018-12-21","33.61876","-114.71451","120.4","BLYTHE ASOS, CA US","  52.7","24","  40.2","24","1015.8","24","001.9","24"," 10.0","24","  3.0","24","  7.0","999.9","  71.1"," ","  41.0"," "," 0.00","G","999.9","000000"
"74718823158","2018-12-22","33.61876","-114.71451","120.4","BLYTHE ASOS, CA US","  51.2","24","  40.4","24","1016.2","24","002.2","24"," 10.0","24","  2.9","24","  8.0","999.9","  69.1"," ","  39.0"," "," 0.00","G","999.9","000000"
"74718823158","2018-12-23","33.61876","-114.71451","120.4","BLYTHE ASOS, CA US","  54.2","24","  36.5","24","1019.5","24","005.5","24"," 10.0","24","  2.7","24","  7.0","999.9","  69.1"," ","  39.0"," "," 0.00","G","999.9","000000"
"74718823158","2018-12-24","33.61876","-114.71451","120.4","BLYTHE ASOS, CA US","  54.5","24","  35.6","24","1017.0","24","003.1","24"," 10.0","24","  2.6","24","  7.0","999.9","  70.0"," ","  41.0"," "," 0.00","G","999.9","000000"
"74718823158","2018-12-25","33.61876","-114.71451","120.4","BLYTHE ASOS, CA US","  55.6","24","  39.2","24","1008.0","24","994.1","24"," 10.0","24","  5.5","24"," 11.1","999.9","  70.0"," ","  42.1"," "," 0.00","G","999.9","000000"
"74718823158","2018-12-26","33.61876","-114.71451","120.4","BLYTHE ASOS, CA US","  58.0","24","  32.1","24","1010.7","23","996.7","24"," 10.0","24","  8.4","24"," 15.9"," 21.0","  70.0"," ","  43.0"," "," 0.00","G","999.9","000000"
"74718823158","2018-12-27","33.61876","-114.71451","120.4","BLYTHE ASOS, CA US","  51.8","24","  24.7","24","1012.2","24","998.3","24"," 10.0","24","  5.2","24"," 15.9","999.9","  68.0"," ","  37.0"," "," 0.00","G","999.9","000000"
"74718823158","2018-12-28","33.61876","-114.71451","120.4","BLYTHE ASOS, CA US","  51.3","24","  19.6","24","1014.7","24","000.7","24"," 10.0","24"," 10.6","24"," 20.0"," 31.1","  64.0"," ","  37.0"," "," 0.00","G","999.9","000000"
"74718823158","2018-12-29","33.61876","-114.71451","120.4","BLYTHE ASOS, CA US","  48.9","24","  13.8","24","1023.7","24","009.6","24"," 10.0","24"," 13.1","24"," 22.0"," 28.9","  57.9"," ","  39.9"," "," 0.00","G","999.9","000000"
"74718823158","2018-12-30","33.61876","-114.71451","120.4","BLYTHE ASOS, CA US","  47.2","24","  14.8","24","1020.0","24","005.9","24"," 10.0","24","  4.3","24"," 11.1","999.9","  59.0"," ","  35.1"," "," 0.00","G","999.9","000000"
"74718823158","2018-12-31","33.61876","-114.71451","120.4","BLYTHE ASOS, CA US","  47.3","24","  24.9","24","1011.3","24","997.3","24"," 10.0","24","  6.7","24"," 17.1","999.9","  59.0"," ","  35.1"," "," 0.00","G","999.9","010000"
