latitude,longitude,acq_date,satellite,instrument,frp,type,bright_t31,confidence,year,month,datetime,day,confidence_level,frp_category
32.4937,-114.7856,2013-02-06,Terra,MODIS,26.9,0,296.1,65,2013,2,2013-02-06,6,medium,medium-low
32.5006,-114.7917,2013-02-06,Terra,MODIS,45.0,0,296.4,74,2013,2,2013-02-06,6,high,medium-low
32.5356,-114.7262,2013-09-16,Terra,MODIS,51.8,0,318.2,86,2013,9,2013-09-16,16,high,medium-high
32.5373,-114.7425,2013-09-16,Terra,MODIS,48.0,0,316.3,84,2013,9,2013-09-16,16,high,medium-high
32.5843,-114.6333,2013-08-27,Terra,MODIS,73.5,0,304.3,99,2013,8,2013-08-27,27,high,medium-high
32.5926,-114.5898,2013-11-25,Aqua,MODIS,5.2,0,292.8,51,2013,11,2013-11-25,25,medium,low
32.6023,-114.5952,2013-10-23,Terra,MODIS,11.6,0,303.0,57,2013,10,2013-10-23,23,medium,low
32.6045,-114.6166,2013-10-17,Aqua,MODIS,14.1,0,306.2,57,2013,10,2013-10-17,17,medium,low
32.6088,-114.5874,2013-03-12,Aqua,MODIS,12.1,0,308.7,62,2013,3,2013-03-12,12,medium,low
32.6117,-114.605,2013-10-03,Terra,MODIS,22.4,0,305.8,55,2013,10,2013-10-03,3,medium,medium-low
32.6134,-114.6083,2013-10-07,Terra,MODIS,17.5,0,307.0,79,2013,10,2013-10-07,7,high,low
32.6136,-114.6103,2013-10-03,Terra,MODIS,33.1,0,306.6,73,2013,10,2013-10-03,3,high,medium-low
32.6141,-114.6078,2013-10-14,Terra,MODIS,11.6,0,304.0,58,2013,10,2013-10-14,14,medium,low
32.6141,-114.5833,2013-03-11,Terra,MODIS,54.2,0,302.3,91,2013,3,2013-03-11,11,high,medium-high
32.6161,-114.5953,2013-03-11,Terra,MODIS,16.7,0,299.0,67,2013,3,2013-03-11,11,medium,low
32.617,-114.5833,2013-03-13,Terra,MODIS,16.0,0,306.1,70,2013,3,2013-03-13,13,medium,low
32.6184,-114.7843,2013-08-16,Aqua,MODIS,36.2,0,315.3,78,2013,8,2013-08-16,16,high,medium-low
32.6198,-114.7682,2013-08-16,Terra,MODIS,22.9,0,313.4,66,2013,8,2013-08-16,16,medium,medium-low
32.6222,-114.7655,2013-08-16,Aqua,MODIS,87.5,0,313.0,92,2013,8,2013-08-16,16,high,medium-high
32.6234,-114.7789,2013-08-16,Aqua,MODIS,79.0,0,313.9,90,2013,8,2013-08-16,16,high,medium-high
32.6271,-114.76,2013-08-16,Aqua,MODIS,32.6,0,312.0,77,2013,8,2013-08-16,16,high,medium-low
32.6298,-114.7598,2013-08-16,Terra,MODIS,62.3,0,310.1,87,2013,8,2013-08-16,16,high,medium-high
32.6309,-114.7652,2013-08-16,Terra,MODIS,62.8,0,310.2,88,2013,8,2013-08-16,16,high,medium-high
32.652,-115.6768,2013-11-25,Aqua,MODIS,20.9,0,295.5,70,2013,11,2013-11-25,25,medium,medium-low
32.6525,-114.5684,2013-03-14,Aqua,MODIS,11.3,0,311.0,52,2013,3,2013-03-14,14,medium,low
32.6542,-114.5575,2013-03-14,Aqua,MODIS,11.5,0,311.5,61,2013,3,2013-03-14,14,medium,low
32.6562,-115.6539,2013-01-06,Terra,MODIS,7.6,0,293.1,64,2013,1,2013-01-06,6,medium,low
32.6572,-114.0184,2013-12-10,Aqua,MODIS,39.7,0,288.7,51,2013,12,2013-12-10,10,medium,medium-low
32.6577,-115.6417,2013-11-25,Aqua,MODIS,8.5,0,296.5,58,2013,11,2013-11-25,25,medium,low
32.6578,-115.6502,2013-01-16,Aqua,MODIS,7.5,0,295.3,69,2013,1,2013-01-16,16,medium,low
32.6602,-114.5714,2013-01-30,Aqua,MODIS,14.1,0,294.4,71,2013,1,2013-01-30,30,high,low
32.6617,-114.5588,2013-01-30,Aqua,MODIS,11.6,0,293.2,67,2013,1,2013-01-30,30,medium,low
32.6622,-115.5724,2013-10-31,Terra,MODIS,52.5,0,301.8,70,2013,10,2013-10-31,31,medium,medium-high
32.663000000000004,-114.0172,2013-12-03,Terra,MODIS,29.8,0,294.8,87,2013,12,2013-12-03,3,high,medium-low
32.6636,-115.6045,2013-10-31,Terra,MODIS,260.0,0,302.7,91,2013,10,2013-10-31,31,high,high
32.6637,-115.6121,2013-01-19,Aqua,MODIS,341.3,0,305.4,100,2013,1,2013-01-19,19,high,high
32.6656,-115.5912,2013-01-19,Aqua,MODIS,127.2,0,299.1,93,2013,1,2013-01-19,19,high,high
32.6683,-114.014,2013-12-06,Aqua,MODIS,20.2,0,292.4,74,2013,12,2013-12-06,6,high,low
32.67,-114.0898,2013-02-01,Aqua,MODIS,9.0,0,300.7,65,2013,2,2013-02-01,1,medium,low
32.6707,-115.6538,2013-12-08,Terra,MODIS,24.7,0,292.2,72,2013,12,2013-12-08,8,high,medium-low
32.6708,-115.6093,2013-10-31,Terra,MODIS,198.0,0,303.6,88,2013,10,2013-10-31,31,high,high
32.6769,-115.31,2013-08-23,Aqua,MODIS,34.6,0,310.0,79,2013,8,2013-08-23,23,high,medium-low
32.6776,-116.8695,2013-10-22,Aqua,MODIS,18.4,0,306.5,77,2013,10,2013-10-22,22,high,low
32.6792,-116.8589,2013-10-22,Aqua,MODIS,16.0,0,306.3,75,2013,10,2013-10-22,22,high,low
32.6803,-115.635,2013-01-12,Aqua,MODIS,79.5,0,297.4,92,2013,1,2013-01-12,12,high,medium-high
32.6804,-115.6404,2013-01-12,Aqua,MODIS,42.1,0,296.9,84,2013,1,2013-01-12,12,high,medium-low
32.6842,-115.6099,2013-02-06,Aqua,MODIS,109.8,0,308.2,99,2013,2,2013-02-06,6,high,medium-high
32.6854,-116.8585,2013-10-21,Terra,MODIS,13.9,0,308.9,74,2013,10,2013-10-21,21,high,low
32.6917,-115.6849,2013-01-21,Aqua,MODIS,14.4,0,302.5,71,2013,1,2013-01-21,21,high,low
32.6942,-115.6115,2013-02-06,Aqua,MODIS,53.1,0,306.0,90,2013,2,2013-02-06,6,high,medium-high
32.6959,-115.4256,2013-06-13,Terra,MODIS,117.8,0,321.8,99,2013,6,2013-06-13,13,high,medium-high
32.6979,-115.6313,2013-01-21,Aqua,MODIS,29.3,0,306.7,82,2013,1,2013-01-21,21,high,medium-low
32.6981,-116.8683,2013-05-15,Aqua,MODIS,20.2,0,314.4,78,2013,5,2013-05-15,15,high,low
32.6985,-115.2802,2013-04-02,Terra,MODIS,20.2,0,286.6,93,2013,4,2013-04-02,2,high,low
32.6988,-115.4411,2013-06-13,Terra,MODIS,105.2,0,318.6,97,2013,6,2013-06-13,13,high,medium-high
32.6995,-115.6179,2013-01-21,Aqua,MODIS,18.7,0,301.1,74,2013,1,2013-01-21,21,high,low
32.7,-115.2683,2013-04-02,Terra,MODIS,9.1,0,286.6,53,2013,4,2013-04-02,2,medium,low
32.7049,-116.7513,2013-09-09,Aqua,MODIS,218.8,0,314.6,100,2013,9,2013-09-09,9,high,high
32.7051,-115.6321,2013-01-13,Aqua,MODIS,44.2,0,291.1,73,2013,1,2013-01-13,13,high,medium-low
32.7064,-116.7368,2013-09-09,Aqua,MODIS,768.6,0,316.8,100,2013,9,2013-09-09,9,high,high
32.7079,-115.6329,2013-01-21,Aqua,MODIS,113.0,0,309.7,99,2013,1,2013-01-21,21,high,medium-high
32.7095,-115.6195,2013-01-21,Aqua,MODIS,66.2,0,303.9,93,2013,1,2013-01-21,21,high,medium-high
32.7121,-114.2914,2013-06-17,Terra,MODIS,74.2,0,323.6,100,2013,6,2013-06-17,17,high,medium-high
32.7151,-116.7525,2013-09-09,Aqua,MODIS,86.4,0,311.9,96,2013,9,2013-09-09,9,high,medium-high
32.7151,-114.1443,2013-06-06,Aqua,MODIS,69.6,0,322.6,54,2013,6,2013-06-06,6,medium,medium-high
32.7166,-116.739,2013-09-09,Aqua,MODIS,137.1,0,310.5,100,2013,9,2013-09-09,9,high,high
32.7167,-114.5072,2013-06-13,Terra,MODIS,38.0,0,313.2,65,2013,6,2013-06-13,13,medium,medium-low
32.7175,-115.3448,2013-06-25,Aqua,MODIS,32.3,0,317.3,83,2013,6,2013-06-25,25,high,medium-low
32.7213,-115.4643,2013-02-06,Aqua,MODIS,32.6,0,303.1,83,2013,2,2013-02-06,6,high,medium-low
32.7222,-114.3324,2013-05-17,Terra,MODIS,40.7,0,296.7,100,2013,5,2013-05-17,17,high,medium-low
32.7232,-114.3011,2013-01-22,Terra,MODIS,7.6,0,295.9,53,2013,1,2013-01-22,22,medium,low
32.7236,-114.0071,2013-06-12,Terra,MODIS,41.9,0,314.5,82,2013,6,2013-06-12,12,high,medium-low
32.7248,-114.3179,2013-05-17,Terra,MODIS,25.8,0,294.0,98,2013,5,2013-05-17,17,high,medium-low
32.7281,-114.5862,2013-04-12,Aqua,MODIS,50.5,0,308.3,65,2013,4,2013-04-12,12,medium,medium-high
32.729,-115.4691,2013-02-01,Aqua,MODIS,8.1,0,301.0,60,2013,2,2013-02-01,1,medium,low
32.7291,-114.013,2013-06-12,Terra,MODIS,42.0,0,315.6,82,2013,6,2013-06-12,12,high,medium-low
32.7295,-114.5727,2013-04-12,Terra,MODIS,16.1,0,308.3,61,2013,4,2013-04-12,12,medium,low
32.7315,-114.5847,2013-04-12,Terra,MODIS,30.9,0,312.3,82,2013,4,2013-04-12,12,high,medium-low
32.7334,-114.5609,2013-03-04,Aqua,MODIS,69.2,0,298.0,71,2013,3,2013-03-04,4,high,medium-high
32.734,-114.5784,2013-05-01,Terra,MODIS,91.4,0,306.4,73,2013,5,2013-05-01,1,high,medium-high
32.7393,-114.5591,2013-03-04,Aqua,MODIS,98.6,0,298.8,78,2013,3,2013-03-04,4,high,medium-high
32.7414,-116.707,2013-03-28,Aqua,MODIS,34.3,0,299.4,86,2013,3,2013-03-28,28,high,medium-low
32.7424,-116.6968,2013-03-18,Terra,MODIS,32.9,0,295.8,84,2013,3,2013-03-18,18,high,medium-low
32.7461,-114.35,2013-01-30,Aqua,MODIS,7.9,0,294.6,55,2013,1,2013-01-30,30,medium,low
32.7477,-114.5174,2013-07-12,Terra,MODIS,40.8,0,308.7,91,2013,7,2013-07-12,12,high,medium-low
32.7492,-114.5288,2013-07-12,Terra,MODIS,29.6,0,309.9,85,2013,7,2013-07-12,12,high,medium-low
32.7754,-115.4873,2013-08-10,Aqua,MODIS,33.7,0,320.9,87,2013,8,2013-08-10,10,high,medium-low
32.7852,-114.5011,2013-06-13,Terra,MODIS,41.9,0,316.4,59,2013,6,2013-06-13,13,medium,medium-low
32.7874,-114.5063,2013-06-13,Terra,MODIS,113.9,0,315.8,96,2013,6,2013-06-13,13,high,medium-high
32.7887,-114.5185,2013-06-13,Terra,MODIS,428.0,0,318.8,100,2013,6,2013-06-13,13,high,high
32.7908,-114.5238,2013-06-13,Terra,MODIS,208.7,0,316.2,100,2013,6,2013-06-13,13,high,high
32.7934,-114.5077,2013-06-22,Terra,MODIS,116.4,0,315.7,100,2013,6,2013-06-22,22,high,medium-high
32.7947,-115.5136,2013-06-07,Terra,MODIS,10.8,0,299.8,90,2013,6,2013-06-07,7,high,low
32.7971,-114.5779,2013-06-20,Aqua,MODIS,32.3,0,319.9,63,2013,6,2013-06-20,20,medium,medium-low
32.8035,-115.3114,2013-06-22,Terra,MODIS,83.0,0,317.9,97,2013,6,2013-06-22,22,high,medium-high
32.8038,-115.3596,2013-02-07,Aqua,MODIS,43.9,0,298.0,61,2013,2,2013-02-07,7,medium,medium-low
32.8057,-115.3244,2013-06-22,Terra,MODIS,64.7,0,318.3,93,2013,6,2013-06-22,22,high,medium-high
32.8086,-115.3664,2013-12-04,Aqua,MODIS,6.8,0,293.5,55,2013,12,2013-12-04,4,medium,low
32.8102,-118.418,2013-07-17,Terra,MODIS,12.4,3,304.3,62,2013,7,2013-07-17,17,medium,low
32.828,-115.5322,2013-01-12,Aqua,MODIS,12.3,0,293.3,65,2013,1,2013-01-12,12,medium,low
32.8293,-115.3168,2013-06-14,Aqua,MODIS,117.9,0,325.1,100,2013,6,2013-06-14,14,high,medium-high
32.8379,-115.3324,2013-06-14,Aqua,MODIS,461.3,0,323.4,100,2013,6,2013-06-14,14,high,high
32.8388,-115.4132,2013-02-07,Aqua,MODIS,85.7,0,298.8,76,2013,2,2013-02-07,7,high,medium-high
32.8395,-115.3184,2013-06-14,Aqua,MODIS,120.3,0,317.1,100,2013,6,2013-06-14,14,high,high
32.8402,-115.4066,2013-02-07,Aqua,MODIS,61.6,0,298.7,71,2013,2,2013-02-07,7,high,medium-high
32.844,-115.3714,2013-01-28,Aqua,MODIS,334.0,0,297.2,100,2013,1,2013-01-28,28,high,high
32.8496,-116.4479,2013-02-06,Aqua,MODIS,19.0,0,289.3,69,2013,2,2013-02-06,6,medium,low
32.8578,-115.6774,2013-04-15,Terra,MODIS,47.9,0,304.1,53,2013,4,2013-04-15,15,medium,medium-high
32.8598,-115.6699,2013-04-15,Terra,MODIS,58.4,0,304.4,67,2013,4,2013-04-15,15,medium,medium-high
32.8626,-115.6823,2013-04-15,Aqua,MODIS,40.9,0,306.9,87,2013,4,2013-04-15,15,high,medium-low
32.8645,-115.6705,2013-04-15,Aqua,MODIS,50.2,0,305.2,90,2013,4,2013-04-15,15,high,medium-high
32.8683,-116.1271,2013-11-20,Aqua,MODIS,60.4,0,294.7,80,2013,11,2013-11-20,20,high,medium-high
32.8687,-116.1229,2013-11-20,Aqua,MODIS,54.6,0,294.7,77,2013,11,2013-11-20,20,high,medium-high
32.8877,-116.4445,2013-07-08,Aqua,MODIS,1879.8,0,312.3,87,2013,7,2013-07-08,8,high,high
32.8886,-116.45,2013-07-08,Aqua,MODIS,1239.7,0,312.4,75,2013,7,2013-07-08,8,high,high
32.8918,-116.4491,2013-07-08,Terra,MODIS,771.7,0,313.4,100,2013,7,2013-07-08,8,high,high
32.8938,-116.4171,2013-07-08,Aqua,MODIS,132.1,0,302.3,60,2013,7,2013-07-08,8,medium,high
32.8951,-116.4217,2013-07-08,Aqua,MODIS,247.9,0,302.2,95,2013,7,2013-07-08,8,high,high
32.8992,-116.4351,2013-07-08,Terra,MODIS,309.9,0,314.2,100,2013,7,2013-07-08,8,high,high
32.901,-116.4463,2013-07-08,Terra,MODIS,555.5,0,330.0,100,2013,7,2013-07-08,8,high,high
32.9013,-116.4513,2013-07-08,Aqua,MODIS,409.8,0,304.9,75,2013,7,2013-07-08,8,high,high
32.9023,-116.4563,2013-07-08,Aqua,MODIS,384.0,0,302.4,75,2013,7,2013-07-08,8,high,high
32.903,-116.4584,2013-07-08,Terra,MODIS,570.4,0,317.0,100,2013,7,2013-07-08,8,high,high
32.9083,-116.4321,2013-07-08,Terra,MODIS,59.9,0,309.5,85,2013,7,2013-07-08,8,high,medium-high
32.9102,-116.4433,2013-07-08,Terra,MODIS,93.5,0,314.8,100,2013,7,2013-07-08,8,high,medium-high
32.9122,-116.456,2013-07-08,Terra,MODIS,59.1,0,310.6,94,2013,7,2013-07-08,8,high,medium-high
32.9172,-116.4481,2013-07-08,Terra,MODIS,56.9,0,311.4,94,2013,7,2013-07-08,8,high,medium-high
32.9203,-116.472,2013-07-09,Terra,MODIS,17.4,0,293.6,100,2013,7,2013-07-09,9,high,low
32.9223,-116.4213,2013-07-08,Terra,MODIS,39.9,0,312.7,88,2013,7,2013-07-08,8,high,medium-low
32.9224,-116.436,2013-07-08,Aqua,MODIS,16.2,0,297.0,58,2013,7,2013-07-08,8,medium,low
32.9237,-116.4308,2013-07-08,Aqua,MODIS,39.5,0,298.0,100,2013,7,2013-07-08,8,high,medium-low
32.9266,-116.4868,2013-07-07,Aqua,MODIS,49.3,0,317.1,88,2013,7,2013-07-07,7,high,medium-high
32.9282,-116.4718,2013-07-07,Aqua,MODIS,43.3,0,316.6,83,2013,7,2013-07-07,7,high,medium-low
32.9299,-116.456,2013-07-07,Aqua,MODIS,28.2,0,317.8,61,2013,7,2013-07-07,7,medium,medium-low
32.9304,-115.5564,2013-01-21,Aqua,MODIS,11.1,0,300.6,55,2013,1,2013-01-21,21,medium,low
32.9305,-116.4663,2013-07-08,Terra,MODIS,219.8,0,294.3,100,2013,7,2013-07-08,8,high,high
32.9312,-116.4563,2013-07-08,Terra,MODIS,149.9,0,294.8,99,2013,7,2013-07-08,8,high,high
32.9316,-116.4615,2013-07-08,Terra,MODIS,119.4,0,294.1,79,2013,7,2013-07-08,8,high,high
32.9317,-116.4707,2013-07-08,Terra,MODIS,184.4,0,293.6,100,2013,7,2013-07-08,8,high,high
32.931999999999995,-115.5427,2013-01-21,Aqua,MODIS,25.0,0,304.0,79,2013,1,2013-01-21,21,high,medium-low
32.9333,-116.4143,2013-07-08,Aqua,MODIS,49.4,0,299.5,100,2013,7,2013-07-08,8,high,medium-high
32.9336,-116.4038,2013-07-08,Terra,MODIS,111.1,0,297.6,89,2013,7,2013-07-08,8,high,medium-high
32.9344,-116.4091,2013-07-08,Terra,MODIS,150.6,0,297.8,100,2013,7,2013-07-08,8,high,high
32.9348,-116.459,2013-07-07,Terra,MODIS,104.0,0,312.8,82,2013,7,2013-07-07,7,high,medium-high
32.9349,-116.4305,2013-07-08,Aqua,MODIS,88.6,0,300.5,100,2013,7,2013-07-08,8,high,medium-high
32.9351,-115.3967,2013-02-04,Aqua,MODIS,19.9,0,299.1,56,2013,2,2013-02-04,4,medium,low
32.9364,-116.4452,2013-07-08,Aqua,MODIS,18.3,0,297.1,83,2013,7,2013-07-08,8,high,low
32.937,-116.4881,2013-07-07,Aqua,MODIS,23.8,0,316.4,60,2013,7,2013-07-07,7,medium,medium-low
32.9396,-115.5494,2013-01-21,Aqua,MODIS,42.7,0,304.2,87,2013,1,2013-01-21,21,high,medium-low
32.9401,-116.4286,2013-07-08,Terra,MODIS,85.5,0,297.7,69,2013,7,2013-07-08,8,medium,medium-high
32.9411,-116.4548,2013-07-07,Terra,MODIS,71.8,0,315.1,69,2013,7,2013-07-07,7,medium,medium-high
32.9428,-116.4687,2013-07-07,Terra,MODIS,9.2,0,296.5,77,2013,7,2013-07-07,7,high,low
32.9531,-116.4774,2013-07-06,Aqua,MODIS,131.1,0,301.2,95,2013,7,2013-07-06,6,high,high
32.9564,-116.4609,2013-07-06,Aqua,MODIS,128.1,0,306.4,89,2013,7,2013-07-06,6,high,high
33.0222,-114.606,2013-05-19,Aqua,MODIS,131.8,0,313.0,94,2013,5,2013-05-19,19,high,high
33.0247,-114.6525,2013-05-20,Aqua,MODIS,70.9,0,311.5,77,2013,5,2013-05-20,20,high,medium-high
33.027,-114.6355,2013-05-20,Terra,MODIS,10.2,0,297.9,79,2013,5,2013-05-20,20,high,low
33.0336,-114.6454,2013-05-20,Terra,MODIS,208.4,0,306.6,100,2013,5,2013-05-20,20,high,high
33.0347,-114.6731,2013-05-20,Aqua,MODIS,177.5,0,314.7,94,2013,5,2013-05-20,20,high,high
33.0353,-116.5191,2013-05-26,Aqua,MODIS,95.9,0,314.0,94,2013,5,2013-05-26,26,high,medium-high
33.0353,-116.505,2013-05-27,Terra,MODIS,8.8,0,285.9,55,2013,5,2013-05-27,27,medium,low
33.0365,-114.6537,2013-05-20,Aqua,MODIS,647.0,0,318.6,87,2013,5,2013-05-20,20,high,high
33.0367,-116.4934,2013-05-27,Terra,MODIS,23.1,0,287.0,97,2013,5,2013-05-27,27,high,medium-low
33.0381,-116.504,2013-05-26,Aqua,MODIS,226.3,0,313.8,100,2013,5,2013-05-26,26,high,high
33.0381,-116.4816,2013-05-27,Terra,MODIS,12.3,0,285.8,74,2013,5,2013-05-27,27,high,low
33.0407,-114.6307,2013-05-20,Terra,MODIS,730.1,0,321.4,100,2013,5,2013-05-20,20,high,high
33.0427,-114.6516,2013-05-20,Terra,MODIS,1116.7,0,323.2,100,2013,5,2013-05-20,20,high,high
33.0439,-114.6229,2013-05-20,Terra,MODIS,220.6,0,318.5,94,2013,5,2013-05-20,20,high,high
33.0458,-116.522,2013-05-26,Aqua,MODIS,55.3,0,313.3,84,2013,5,2013-05-26,26,high,medium-high
33.0458,-114.644,2013-05-20,Terra,MODIS,2126.2,0,332.4,100,2013,5,2013-05-20,20,high,high
33.0477,-114.6648,2013-05-20,Terra,MODIS,25.3,0,311.6,50,2013,5,2013-05-20,20,medium,medium-low
33.0487,-115.4894,2013-01-21,Aqua,MODIS,15.1,0,300.0,59,2013,1,2013-01-21,21,medium,low
33.0488,-116.5058,2013-05-26,Aqua,MODIS,212.2,0,312.5,100,2013,5,2013-05-26,26,high,high
33.049,-114.6689,2013-05-21,Terra,MODIS,143.4,0,296.9,100,2013,5,2013-05-21,21,high,high
33.0492,-116.5178,2013-05-26,Terra,MODIS,151.7,0,306.9,95,2013,5,2013-05-26,26,high,high
33.0557,-114.6633,2013-05-20,Aqua,MODIS,103.7,0,323.3,94,2013,5,2013-05-20,20,high,medium-high
33.0558,-114.6692,2013-05-21,Aqua,MODIS,86.4,0,295.5,100,2013,5,2013-05-21,21,high,medium-high
33.0574,-114.6441,2013-05-20,Aqua,MODIS,124.5,0,324.0,97,2013,5,2013-05-20,20,high,high
33.0642,-114.6541,2013-05-21,Aqua,MODIS,8.6,0,290.6,60,2013,5,2013-05-21,21,medium,low
33.0643,-114.6742,2013-05-21,Terra,MODIS,63.8,0,295.7,87,2013,5,2013-05-21,21,high,medium-high
33.0658,-114.6675,2013-05-21,Aqua,MODIS,29.3,0,292.2,100,2013,5,2013-05-21,21,high,medium-low
33.1104,-115.4472,2013-02-04,Aqua,MODIS,73.5,0,301.7,85,2013,2,2013-02-04,4,high,medium-high
33.1114,-115.4528,2013-02-04,Aqua,MODIS,81.8,0,302.5,87,2013,2,2013-02-04,4,high,medium-high
33.1132,-115.4312,2013-02-04,Aqua,MODIS,20.6,0,298.3,60,2013,2,2013-02-04,4,medium,low
33.1166,-115.5118,2013-10-31,Aqua,MODIS,10.6,0,306.3,69,2013,10,2013-10-31,31,medium,low
33.1176,-115.4538,2013-01-13,Aqua,MODIS,77.9,0,291.4,83,2013,1,2013-01-13,13,high,medium-high
33.1181,-115.4813,2013-01-28,Aqua,MODIS,30.4,0,292.4,79,2013,1,2013-01-28,28,high,medium-low
33.1212,-116.5717,2013-05-23,Aqua,MODIS,187.0,0,302.3,76,2013,5,2013-05-23,23,high,high
33.1228,-116.5639,2013-05-24,Terra,MODIS,17.4,0,284.3,65,2013,5,2013-05-24,24,medium,low
33.1228,-115.4487,2013-02-04,Aqua,MODIS,62.5,0,302.6,83,2013,2,2013-02-04,4,high,medium-high
33.1229,-116.5403,2013-05-24,Terra,MODIS,204.7,0,310.0,81,2013,5,2013-05-24,24,high,high
33.1233,-116.546,2013-05-24,Terra,MODIS,238.9,0,308.9,86,2013,5,2013-05-24,24,high,high
33.1238,-115.4543,2013-02-04,Aqua,MODIS,24.6,0,302.7,69,2013,2,2013-02-04,4,medium,medium-low
33.1257,-116.5666,2013-05-23,Aqua,MODIS,287.1,0,302.0,81,2013,5,2013-05-23,23,high,high
33.1262,-116.5733,2013-05-23,Aqua,MODIS,168.7,0,300.2,52,2013,5,2013-05-23,23,medium,high
33.1304,-116.5385,2013-05-23,Terra,MODIS,19.7,0,317.2,62,2013,5,2013-05-23,23,medium,low
33.1359,-116.5257,2013-05-23,Aqua,MODIS,215.0,0,308.4,68,2013,5,2013-05-23,23,medium,high
33.1363,-116.5338,2013-05-23,Aqua,MODIS,233.5,0,308.8,70,2013,5,2013-05-23,23,medium,high
33.1391,-115.4656,2013-02-02,Aqua,MODIS,54.5,0,299.4,71,2013,2,2013-02-02,2,high,medium-high
33.1392,-115.4923,2013-02-02,Aqua,MODIS,34.7,0,298.8,61,2013,2,2013-02-02,2,medium,medium-low
33.1415,-115.4576,2013-02-02,Aqua,MODIS,37.0,0,299.5,63,2013,2,2013-02-02,2,medium,medium-low
33.1704,-115.4666,2013-02-25,Aqua,MODIS,79.7,0,302.2,69,2013,2,2013-02-25,25,medium,medium-high
33.1758,-115.4925,2013-02-05,Aqua,MODIS,17.7,0,302.2,61,2013,2,2013-02-05,5,medium,low
33.1799,-115.4721,2013-02-05,Aqua,MODIS,14.1,0,301.5,50,2013,2,2013-02-05,5,medium,low
33.1812,-115.522,2013-02-12,Aqua,MODIS,87.6,0,300.4,93,2013,2,2013-02-12,12,high,medium-high
33.1825,-115.5896,2013-09-23,Aqua,MODIS,142.7,0,308.7,68,2013,9,2013-09-23,23,medium,high
33.1843,-115.5054,2013-02-12,Aqua,MODIS,89.3,0,302.7,93,2013,2,2013-02-12,12,high,medium-high
33.1922,-115.5048,2013-06-25,Aqua,MODIS,23.1,0,318.3,66,2013,6,2013-06-25,25,medium,medium-low
33.1938,-115.4941,2013-06-25,Aqua,MODIS,28.6,0,318.0,78,2013,6,2013-06-25,25,high,medium-low
33.2081,-117.1445,2013-04-11,Aqua,MODIS,16.7,0,302.2,66,2013,4,2013-04-11,11,medium,low
33.2096,-117.1327,2013-04-11,Aqua,MODIS,24.9,0,303.5,77,2013,4,2013-04-11,11,high,medium-low
33.2199,-119.4726,2013-06-15,Terra,MODIS,16.5,3,302.6,55,2013,6,2013-06-15,15,medium,low
33.2223,-115.533,2013-02-05,Aqua,MODIS,19.9,0,302.2,65,2013,2,2013-02-05,5,medium,low
33.2274,-115.5514,2013-02-05,Aqua,MODIS,55.3,0,301.0,62,2013,2,2013-02-05,5,medium,medium-high
33.2315,-115.5307,2013-02-05,Aqua,MODIS,124.9,0,303.7,93,2013,2,2013-02-05,5,high,high
33.2343,-115.5365,2013-02-05,Aqua,MODIS,131.0,0,302.7,88,2013,2,2013-02-05,5,high,high
33.3118,-116.727,2013-03-04,Terra,MODIS,8.5,0,295.3,63,2013,3,2013-03-04,4,medium,low
33.3149,-117.1756,2013-11-08,Terra,MODIS,7.8,0,301.9,54,2013,11,2013-11-08,8,medium,low
33.3388,-116.8835,2013-02-07,Terra,MODIS,9.3,0,287.9,58,2013,2,2013-02-07,7,medium,low
33.3404,-116.894,2013-02-07,Terra,MODIS,23.7,0,288.0,82,2013,2,2013-02-07,7,high,medium-low
33.3405,-117.3373,2013-07-14,Terra,MODIS,12.3,0,291.2,82,2013,7,2013-07-14,14,high,low
33.3435,-117.3343,2013-10-05,Aqua,MODIS,263.7,0,310.8,89,2013,10,2013-10-05,5,high,high
33.345,-117.3714,2013-10-05,Aqua,MODIS,113.2,0,309.3,73,2013,10,2013-10-05,5,high,medium-high
33.3518,-117.4012,2013-04-18,Aqua,MODIS,42.5,0,316.5,87,2013,4,2013-04-18,18,high,medium-low
33.3533,-117.3879,2013-04-18,Aqua,MODIS,39.8,0,312.5,87,2013,4,2013-04-18,18,high,medium-low
33.3549,-117.3304,2013-10-05,Aqua,MODIS,672.8,0,311.8,94,2013,10,2013-10-05,5,high,high
33.3599,-117.3389,2013-10-05,Aqua,MODIS,419.2,0,310.3,96,2013,10,2013-10-05,5,high,high
33.3676,-117.3112,2013-10-06,Terra,MODIS,27.1,0,287.3,97,2013,10,2013-10-06,6,high,medium-low
33.3733,-117.3912,2013-04-18,Aqua,MODIS,20.5,0,315.6,58,2013,4,2013-04-18,18,medium,low
33.3802,-117.2996,2013-10-06,Terra,MODIS,30.1,0,288.8,100,2013,10,2013-10-06,6,high,medium-low
33.4004,-117.4304,2013-08-22,Aqua,MODIS,89.8,0,307.6,90,2013,8,2013-08-22,22,high,medium-high
33.4056,-117.4373,2013-08-22,Aqua,MODIS,554.9,0,313.4,100,2013,8,2013-08-22,22,high,high
33.4079,-117.5074,2013-05-13,Aqua,MODIS,14.8,0,321.5,52,2013,5,2013-05-13,13,medium,low
33.4177,-117.4389,2013-08-22,Aqua,MODIS,39.3,0,313.4,72,2013,8,2013-08-22,22,high,medium-low
33.4265,-117.4454,2013-05-03,Terra,MODIS,20.9,0,307.5,62,2013,5,2013-05-03,3,medium,medium-low
33.4362,-114.7279,2013-02-02,Terra,MODIS,26.9,0,291.3,84,2013,2,2013-02-02,2,high,medium-low
33.4381,-114.7174,2013-01-31,Aqua,MODIS,40.2,0,292.6,67,2013,1,2013-01-31,31,medium,medium-low
33.448,-114.6881,2013-01-30,Aqua,MODIS,14.8,0,298.0,71,2013,1,2013-01-30,30,high,low
33.4497,-114.7076,2013-01-31,Terra,MODIS,7.3,0,292.1,65,2013,1,2013-01-31,31,medium,low
33.4977,-114.6233,2013-02-01,Aqua,MODIS,20.0,0,297.9,78,2013,2,2013-02-01,1,high,low
33.5014,-116.1631,2013-11-15,Terra,MODIS,6.0,0,300.3,57,2013,11,2013-11-15,15,medium,low
33.5061,-116.1739,2013-11-20,Terra,MODIS,14.4,0,297.4,73,2013,11,2013-11-20,20,high,low
33.6066,-117.3475,2013-04-23,Terra,MODIS,20.0,0,300.4,54,2013,4,2013-04-23,23,medium,low
33.6128,-117.3963,2013-08-05,Terra,MODIS,57.6,0,306.7,80,2013,8,2013-08-05,5,high,medium-high
33.6134,-116.0923,2013-10-30,Terra,MODIS,7.3,0,299.8,53,2013,10,2013-10-30,30,medium,low
33.6137,-117.3903,2013-08-05,Terra,MODIS,50.3,0,306.3,77,2013,8,2013-08-05,5,high,medium-high
33.6169,-117.4166,2013-08-05,Terra,MODIS,132.2,0,307.1,92,2013,8,2013-08-05,5,high,high
33.6174,-117.4181,2013-08-05,Aqua,MODIS,47.9,0,316.5,86,2013,8,2013-08-05,5,high,medium-high
33.6179,-117.4102,2013-08-05,Terra,MODIS,463.2,0,310.5,100,2013,8,2013-08-05,5,high,high
33.6179,-116.0873,2013-11-01,Terra,MODIS,9.7,0,302.2,50,2013,11,2013-11-01,1,medium,low
33.62,-117.4035,2013-08-05,Aqua,MODIS,385.6,0,326.0,100,2013,8,2013-08-05,5,high,high
33.6227,-117.3888,2013-08-05,Aqua,MODIS,112.4,0,310.7,100,2013,8,2013-08-05,5,high,medium-high
33.6228,-114.524,2013-05-25,Terra,MODIS,35.7,0,315.9,74,2013,5,2013-05-25,25,high,medium-low
33.6235,-114.5511,2013-12-30,Aqua,MODIS,29.7,0,293.6,73,2013,12,2013-12-30,30,high,medium-low
33.6248,-114.5254,2013-05-26,Aqua,MODIS,6.4,0,289.5,52,2013,5,2013-05-26,26,medium,low
33.6253,-114.5308,2013-12-30,Aqua,MODIS,33.5,0,293.7,76,2013,12,2013-12-30,30,high,medium-low
33.626,-117.387,2013-08-05,Terra,MODIS,89.5,0,304.9,87,2013,8,2013-08-05,5,high,medium-high
33.6275,-117.4205,2013-08-05,Aqua,MODIS,34.5,0,311.6,81,2013,8,2013-08-05,5,high,medium-low
33.6301,-117.4061,2013-08-05,Aqua,MODIS,265.9,0,316.4,100,2013,8,2013-08-05,5,high,high
33.6303,-117.4072,2013-08-05,Terra,MODIS,556.0,0,312.6,100,2013,8,2013-08-05,5,high,high
33.6317,-114.5469,2013-12-30,Aqua,MODIS,55.8,0,293.3,72,2013,12,2013-12-30,30,high,medium-high
33.6327,-117.3916,2013-08-05,Aqua,MODIS,71.3,0,308.2,93,2013,8,2013-08-05,5,high,medium-high
33.6344,-117.4024,2013-04-02,Terra,MODIS,66.0,0,293.5,52,2013,4,2013-04-02,2,medium,medium-high
33.6367,-117.4345,2013-04-02,Terra,MODIS,213.4,0,294.2,89,2013,4,2013-04-02,2,high,high
33.6368,-117.4287,2013-04-02,Terra,MODIS,295.2,0,294.9,94,2013,4,2013-04-02,2,high,high
33.6437,-116.1919,2013-05-16,Aqua,MODIS,113.9,0,316.3,81,2013,5,2013-05-16,16,high,medium-high
33.646,-116.1514,2013-05-16,Aqua,MODIS,165.8,0,314.7,87,2013,5,2013-05-16,16,high,high
33.6462,-117.4276,2013-03-18,Terra,MODIS,10.3,0,295.0,56,2013,3,2013-03-18,18,medium,low
33.652,-116.1568,2013-05-16,Aqua,MODIS,148.6,0,313.7,86,2013,5,2013-05-16,16,high,high
33.6541,-116.6696,2013-07-17,Aqua,MODIS,282.4,0,306.3,79,2013,7,2013-07-17,17,high,high
33.6607,-116.6655,2013-07-17,Aqua,MODIS,1244.6,0,309.5,87,2013,7,2013-07-17,17,high,high
33.6627,-116.1625,2013-02-23,Aqua,MODIS,77.1,0,298.8,79,2013,2,2013-02-23,23,high,medium-high
33.6639,-116.6298,2013-07-17,Aqua,MODIS,1433.2,0,311.0,94,2013,7,2013-07-17,17,high,high
33.6643,-116.1023,2013-07-16,Terra,MODIS,7.8,0,301.2,86,2013,7,2013-07-16,16,high,low
33.6658,-116.0916,2013-07-16,Terra,MODIS,7.2,0,301.5,85,2013,7,2013-07-16,16,high,low
33.6661,-116.5892,2013-07-18,Aqua,MODIS,277.6,0,315.5,100,2013,7,2013-07-18,18,high,high
33.6677,-116.5785,2013-07-18,Aqua,MODIS,425.8,0,319.0,100,2013,7,2013-07-18,18,high,high
33.6707,-116.6236,2013-07-17,Aqua,MODIS,2186.8,0,312.7,94,2013,7,2013-07-17,17,high,high
33.6708,-116.5765,2013-07-18,Aqua,MODIS,12.9,0,289.5,80,2013,7,2013-07-18,18,high,low
33.6709,-116.1278,2013-02-23,Aqua,MODIS,65.0,0,299.2,78,2013,2,2013-02-23,23,high,medium-high
33.6712,-116.5849,2013-07-17,Terra,MODIS,17.3,0,305.8,56,2013,7,2013-07-17,17,medium,low
33.6725,-116.5904,2013-07-16,Aqua,MODIS,87.1,0,307.7,100,2013,7,2013-07-16,16,high,medium-high
33.6732,-116.5898,2013-07-18,Aqua,MODIS,15.0,0,290.5,83,2013,7,2013-07-18,18,high,low
33.6741,-116.5777,2013-07-16,Aqua,MODIS,84.2,0,308.9,99,2013,7,2013-07-16,16,high,medium-high
33.6742,-116.5959,2013-07-18,Terra,MODIS,30.5,0,287.0,100,2013,7,2013-07-18,18,high,medium-low
33.6746,-116.5861,2013-07-17,Aqua,MODIS,151.1,0,305.5,81,2013,7,2013-07-17,17,high,high
33.675,-116.6514,2013-07-16,Aqua,MODIS,26.4,0,314.5,80,2013,7,2013-07-16,16,high,medium-low
33.675,-116.591,2013-07-18,Aqua,MODIS,26.8,0,309.6,74,2013,7,2013-07-18,18,high,medium-low
33.6759,-116.6166,2013-07-17,Terra,MODIS,75.7,0,314.3,100,2013,7,2013-07-17,17,high,medium-high
33.6764,-116.6396,2013-07-16,Aqua,MODIS,26.0,0,313.1,79,2013,7,2013-07-16,16,high,medium-low
33.6764,-116.5829,2013-07-18,Terra,MODIS,40.6,0,287.8,100,2013,7,2013-07-18,18,high,medium-low
33.6765,-116.5804,2013-07-18,Aqua,MODIS,19.0,0,306.7,65,2013,7,2013-07-18,18,medium,low
33.6766,-116.6426,2013-07-17,Terra,MODIS,212.5,0,290.9,100,2013,7,2013-07-17,17,high,high
33.6775,-116.6272,2013-07-17,Terra,MODIS,509.9,0,330.9,100,2013,7,2013-07-17,17,high,high
33.6776,-116.5893,2013-07-18,Terra,MODIS,25.0,0,287.3,94,2013,7,2013-07-18,18,high,medium-low
33.6783,-116.5717,2013-07-18,Terra,MODIS,17.7,0,289.1,71,2013,7,2013-07-18,18,high,low
33.6784,-116.5723,2013-07-17,Terra,MODIS,35.6,0,312.3,87,2013,7,2013-07-17,17,high,medium-low
33.6791,-116.6378,2013-07-17,Terra,MODIS,842.6,0,339.3,100,2013,7,2013-07-17,17,high,high
33.6793,-116.6349,2013-07-17,Aqua,MODIS,1024.6,0,307.4,94,2013,7,2013-07-17,17,high,high
33.6796,-116.5773,2013-07-18,Terra,MODIS,22.4,0,288.2,93,2013,7,2013-07-18,18,high,medium-low
33.68,-116.583,2013-07-17,Terra,MODIS,47.5,0,316.2,93,2013,7,2013-07-17,17,high,medium-high
33.6806,-116.5818,2013-07-17,Aqua,MODIS,158.7,0,305.3,81,2013,7,2013-07-17,17,high,high
33.6807,-116.6484,2013-07-17,Terra,MODIS,46.5,0,318.8,95,2013,7,2013-07-17,17,high,medium-low
33.6816,-116.5937,2013-07-17,Terra,MODIS,501.9,0,335.1,100,2013,7,2013-07-17,17,high,high
33.6819,-114.6519,2013-03-25,Terra,MODIS,21.0,0,308.9,53,2013,3,2013-03-25,25,medium,medium-low
33.6821,-116.5919,2013-07-16,Aqua,MODIS,363.0,0,327.7,100,2013,7,2013-07-16,16,high,high
33.6831,-116.6654,2013-07-16,Aqua,MODIS,50.0,0,319.1,86,2013,7,2013-07-16,16,high,medium-high
33.6832,-116.6042,2013-07-17,Terra,MODIS,157.8,0,317.6,100,2013,7,2013-07-17,17,high,high
33.6837,-116.579,2013-07-16,Aqua,MODIS,444.1,0,324.8,100,2013,7,2013-07-16,16,high,high
33.6846,-116.6533,2013-07-16,Aqua,MODIS,847.6,0,340.9,100,2013,7,2013-07-16,16,high,high
33.6848,-116.6147,2013-07-17,Terra,MODIS,60.6,0,312.0,98,2013,7,2013-07-17,17,high,medium-high
33.686,-116.6412,2013-07-16,Aqua,MODIS,891.6,0,336.5,100,2013,7,2013-07-16,16,high,high
33.6864,-116.6272,2013-07-17,Aqua,MODIS,370.6,0,302.5,91,2013,7,2013-07-17,17,high,high
33.6864,-116.6254,2013-07-17,Terra,MODIS,97.5,0,318.1,100,2013,7,2013-07-17,17,high,medium-high
33.687,-116.5717,2013-07-18,Aqua,MODIS,13.3,0,308.2,51,2013,7,2013-07-18,18,medium,low
33.6871,-116.6495,2013-07-16,Terra,MODIS,22.1,0,292.9,100,2013,7,2013-07-16,16,high,medium-low
33.6872,-116.6212,2013-07-17,Aqua,MODIS,62.0,0,289.6,86,2013,7,2013-07-17,17,high,medium-high
33.6874,-116.6298,2013-07-16,Aqua,MODIS,186.2,0,312.0,100,2013,7,2013-07-16,16,high,high
33.6887,-116.6388,2013-07-16,Terra,MODIS,154.1,0,302.3,100,2013,7,2013-07-16,16,high,high
33.6887,-116.6152,2013-07-17,Aqua,MODIS,36.3,0,289.1,61,2013,7,2013-07-17,17,medium,medium-low
33.6888,-116.607,2013-07-16,Terra,MODIS,245.8,0,301.0,90,2013,7,2013-07-16,16,high,high
33.6889,-116.6175,2013-07-16,Aqua,MODIS,38.5,0,308.0,86,2013,7,2013-07-16,16,high,medium-low
33.689,-116.5953,2013-07-17,Aqua,MODIS,175.8,0,303.2,84,2013,7,2013-07-17,17,high,high
33.6896,-116.6922,2013-07-16,Aqua,MODIS,102.6,0,314.8,100,2013,7,2013-07-16,16,high,medium-high
33.6902,-116.6281,2013-07-16,Terra,MODIS,16.8,0,292.8,99,2013,7,2013-07-16,16,high,low
33.6904,-116.6049,2013-07-16,Aqua,MODIS,144.8,0,315.2,100,2013,7,2013-07-16,16,high,high
33.6905,-116.5916,2013-07-17,Terra,MODIS,51.7,0,311.6,94,2013,7,2013-07-17,17,high,medium-high
33.6911,-116.6796,2013-07-16,Aqua,MODIS,215.9,0,318.9,100,2013,7,2013-07-16,16,high,high
33.6914,-116.6485,2013-07-16,Terra,MODIS,369.7,0,303.7,91,2013,7,2013-07-16,16,high,high
33.6914,-116.4407,2013-05-07,Terra,MODIS,54.9,0,300.9,90,2013,5,2013-05-07,7,high,medium-high
33.6917,-116.6175,2013-07-16,Terra,MODIS,6.0,0,291.7,66,2013,7,2013-07-16,16,medium,low
33.692,-116.5919,2013-07-16,Aqua,MODIS,105.1,0,324.4,100,2013,7,2013-07-16,16,high,medium-high
33.6921,-116.6349,2013-07-16,Aqua,MODIS,49.3,0,281.6,100,2013,7,2013-07-16,16,high,medium-high
33.6921,-116.6022,2013-07-17,Terra,MODIS,95.1,0,317.7,100,2013,7,2013-07-17,17,high,medium-high
33.6926,-116.6674,2013-07-16,Aqua,MODIS,77.9,0,321.3,99,2013,7,2013-07-16,16,high,medium-high
33.6929,-116.6727,2013-07-16,Terra,MODIS,18.4,0,292.4,100,2013,7,2013-07-16,16,high,low
33.6929,-116.4513,2013-05-07,Terra,MODIS,37.4,0,300.8,84,2013,5,2013-05-07,7,high,medium-low
33.6933,-116.6069,2013-07-16,Terra,MODIS,9.1,0,293.4,82,2013,7,2013-07-16,16,high,low
33.6934,-116.5796,2013-07-16,Aqua,MODIS,88.3,0,316.9,100,2013,7,2013-07-16,16,high,medium-high
33.6937,-116.6129,2013-07-17,Terra,MODIS,61.8,0,316.2,98,2013,7,2013-07-17,17,high,medium-high
33.6938,-116.6877,2013-07-16,Terra,MODIS,165.4,0,298.5,77,2013,7,2013-07-16,16,high,high
33.6941,-116.6551,2013-07-16,Aqua,MODIS,109.5,0,326.5,100,2013,7,2013-07-16,16,high,medium-high
33.6942,-116.6116,2013-07-17,Terra,MODIS,521.1,0,295.2,100,2013,7,2013-07-17,17,high,high
33.6945,-116.662,2013-07-16,Terra,MODIS,66.5,0,297.3,100,2013,7,2013-07-16,16,high,medium-high
33.6955,-116.6432,2013-07-16,Aqua,MODIS,42.2,0,316.4,89,2013,7,2013-07-16,16,high,medium-low
33.6955,-116.5906,2013-07-16,Aqua,MODIS,33.9,0,282.2,71,2013,7,2013-07-16,16,high,medium-low
33.6956,-116.6525,2013-07-16,Aqua,MODIS,68.1,0,281.8,100,2013,7,2013-07-16,16,high,medium-high
33.696,-116.6514,2013-07-16,Terra,MODIS,313.7,0,315.5,100,2013,7,2013-07-16,16,high,high
33.6969,-116.6318,2013-07-16,Aqua,MODIS,53.0,0,308.2,93,2013,7,2013-07-16,16,high,medium-high
33.6969,-116.5667,2013-07-17,Terra,MODIS,137.9,0,294.8,97,2013,7,2013-07-17,17,high,high
33.6975,-116.6407,2013-07-16,Terra,MODIS,346.9,0,320.9,100,2013,7,2013-07-16,16,high,high
33.6977,-116.5711,2013-07-16,Terra,MODIS,567.4,0,307.3,100,2013,7,2013-07-16,16,high,high
33.6986,-116.7021,2013-07-16,Terra,MODIS,19.8,0,292.0,100,2013,7,2013-07-16,16,high,low
33.6991,-116.6939,2013-07-16,Aqua,MODIS,37.8,0,323.3,88,2013,7,2013-07-16,16,high,medium-low
33.6991,-116.63,2013-07-16,Terra,MODIS,252.2,0,317.9,100,2013,7,2013-07-16,16,high,high
33.6995,-116.6037,2013-07-16,Terra,MODIS,559.3,0,307.6,100,2013,7,2013-07-16,16,high,high
33.7,-116.6063,2013-07-16,Aqua,MODIS,24.8,0,313.9,62,2013,7,2013-07-16,16,medium,medium-low
33.7001,-116.6915,2013-07-16,Terra,MODIS,144.5,0,305.4,100,2013,7,2013-07-16,16,high,high
33.7001,-116.6135,2013-07-16,Aqua,MODIS,93.3,0,283.6,100,2013,7,2013-07-16,16,high,medium-high
33.7006,-116.6193,2013-07-16,Terra,MODIS,707.1,0,333.0,100,2013,7,2013-07-16,16,high,high
33.7007,-116.6814,2013-07-16,Aqua,MODIS,47.6,0,325.0,92,2013,7,2013-07-16,16,high,medium-high
33.7016,-116.6392,2013-07-16,Terra,MODIS,272.4,0,305.6,89,2013,7,2013-07-16,16,high,high
33.7017,-116.6809,2013-07-16,Terra,MODIS,64.0,0,301.6,100,2013,7,2013-07-16,16,high,medium-high
33.7017,-116.5923,2013-07-16,Aqua,MODIS,27.0,0,317.1,65,2013,7,2013-07-16,16,medium,medium-low
33.7022,-116.6693,2013-07-16,Aqua,MODIS,441.5,0,334.7,100,2013,7,2013-07-16,16,high,high
33.7022,-116.6088,2013-07-16,Terra,MODIS,1605.9,0,352.1,100,2013,7,2013-07-16,16,high,high
33.7027,-116.5772,2013-07-16,Terra,MODIS,703.7,0,308.6,100,2013,7,2013-07-16,16,high,high
33.7032,-116.6702,2013-07-16,Terra,MODIS,61.8,0,302.5,100,2013,7,2013-07-16,16,high,medium-high
33.7032,-116.5799,2013-07-16,Aqua,MODIS,34.4,0,312.6,86,2013,7,2013-07-16,16,high,medium-low
33.7036,-116.6572,2013-07-16,Aqua,MODIS,659.1,0,334.2,100,2013,7,2013-07-16,16,high,high
33.7037,-116.5983,2013-07-16,Terra,MODIS,1159.7,0,327.3,100,2013,7,2013-07-16,16,high,high
33.7039,-116.6801,2013-07-16,Terra,MODIS,284.3,0,304.7,92,2013,7,2013-07-16,16,high,high
33.704,-116.6329,2013-07-16,Aqua,MODIS,42.5,0,285.0,88,2013,7,2013-07-16,16,high,medium-low
33.7042,-116.6191,2013-07-17,Terra,MODIS,117.6,0,289.7,100,2013,7,2013-07-17,17,high,medium-high
33.7047,-116.6082,2013-07-16,Terra,MODIS,522.9,0,307.6,100,2013,7,2013-07-16,16,high,high
33.7047,-116.5673,2013-07-16,Aqua,MODIS,23.4,0,307.0,79,2013,7,2013-07-16,16,high,medium-low
33.7048,-116.6595,2013-07-16,Terra,MODIS,79.9,0,304.9,100,2013,7,2013-07-16,16,high,medium-high
33.7051,-116.6449,2013-07-16,Aqua,MODIS,35.2,0,314.6,86,2013,7,2013-07-16,16,high,medium-low
33.7052,-116.5877,2013-07-16,Terra,MODIS,86.6,0,300.6,100,2013,7,2013-07-16,16,high,medium-high
33.7059,-116.7147,2013-07-16,Terra,MODIS,46.5,0,296.0,100,2013,7,2013-07-16,16,high,medium-low
33.7063,-116.6489,2013-07-16,Terra,MODIS,293.5,0,319.6,100,2013,7,2013-07-16,16,high,high
33.7065,-116.6334,2013-07-16,Aqua,MODIS,23.6,0,308.6,55,2013,7,2013-07-16,16,medium,medium-low
33.7067,-116.5843,2013-07-16,Aqua,MODIS,127.2,0,286.4,100,2013,7,2013-07-16,16,high,high
33.7069,-116.5699,2013-07-17,Terra,MODIS,84.2,0,294.6,80,2013,7,2013-07-17,17,high,medium-high
33.707,-116.6446,2013-07-16,Terra,MODIS,1398.9,0,308.8,100,2013,7,2013-07-16,16,high,high
33.7074,-116.704,2013-07-16,Terra,MODIS,22.7,0,299.5,100,2013,7,2013-07-16,16,high,medium-low
33.7075,-116.6504,2013-07-16,Aqua,MODIS,84.7,0,285.4,100,2013,7,2013-07-16,16,high,medium-high
33.7079,-116.6382,2013-07-16,Terra,MODIS,379.5,0,323.4,100,2013,7,2013-07-16,16,high,high
33.709,-116.6934,2013-07-16,Terra,MODIS,55.1,0,302.2,100,2013,7,2013-07-16,16,high,medium-high
33.7095,-116.6851,2013-07-16,Terra,MODIS,506.5,0,303.9,100,2013,7,2013-07-16,16,high,high
33.7095,-116.6275,2013-07-16,Terra,MODIS,305.6,0,321.5,100,2013,7,2013-07-16,16,high,high
33.7096,-116.6076,2013-07-16,Aqua,MODIS,59.9,0,311.6,94,2013,7,2013-07-16,16,high,medium-high
33.7105,-116.6827,2013-07-16,Terra,MODIS,122.1,0,304.7,100,2013,7,2013-07-16,16,high,high
33.711,-116.6169,2013-07-16,Terra,MODIS,1606.7,0,342.6,100,2013,7,2013-07-16,16,high,high
33.7113,-116.6692,2013-07-16,Aqua,MODIS,161.4,0,284.3,100,2013,7,2013-07-16,16,high,high
33.7114,-116.6079,2013-07-16,Aqua,MODIS,56.1,0,284.2,100,2013,7,2013-07-16,16,high,medium-high
33.7117,-116.6711,2013-07-16,Aqua,MODIS,288.9,0,325.5,100,2013,7,2013-07-16,16,high,high
33.7121,-116.6721,2013-07-16,Terra,MODIS,91.5,0,296.0,100,2013,7,2013-07-16,16,high,medium-high
33.7125,-116.6064,2013-07-16,Terra,MODIS,792.9,0,327.7,100,2013,7,2013-07-16,16,high,high
33.7131,-116.6595,2013-07-16,Aqua,MODIS,883.7,0,338.8,100,2013,7,2013-07-16,16,high,high
33.7137,-116.6614,2013-07-16,Terra,MODIS,32.9,0,291.8,100,2013,7,2013-07-16,16,high,medium-low
33.7137,-116.576,2013-07-16,Terra,MODIS,178.1,0,305.7,89,2013,7,2013-07-16,16,high,high
33.7138,-116.5578,2013-07-16,Aqua,MODIS,91.0,0,287.1,100,2013,7,2013-07-16,16,high,medium-high
33.714,-116.5959,2013-07-16,Terra,MODIS,355.4,0,311.6,100,2013,7,2013-07-16,16,high,high
33.7146,-116.6472,2013-07-16,Aqua,MODIS,205.0,0,318.3,100,2013,7,2013-07-16,16,high,high
33.7152,-116.6885,2013-07-16,Aqua,MODIS,25.9,0,279.1,59,2013,7,2013-07-16,16,medium,medium-low
33.7152,-116.6507,2013-07-16,Terra,MODIS,144.0,0,295.0,100,2013,7,2013-07-16,16,high,high
33.7153,-116.6041,2013-07-16,Terra,MODIS,1425.0,0,309.1,100,2013,7,2013-07-16,16,high,high
33.7154,-116.6653,2013-07-16,Aqua,MODIS,194.9,0,324.6,100,2013,7,2013-07-16,16,high,high
33.7155,-116.5853,2013-07-16,Terra,MODIS,138.0,0,303.0,100,2013,7,2013-07-16,16,high,high
33.716,-116.6353,2013-07-16,Aqua,MODIS,363.4,0,320.4,100,2013,7,2013-07-16,16,high,high
33.716,-116.631,2013-07-16,Aqua,MODIS,166.8,0,288.3,100,2013,7,2013-07-16,16,high,high
33.7163,-116.7059,2013-07-16,Terra,MODIS,9.6,0,292.1,78,2013,7,2013-07-16,16,high,low
33.7165,-116.688,2013-07-17,Aqua,MODIS,327.4,0,297.3,94,2013,7,2013-07-17,17,high,high
33.7168,-116.6537,2013-07-16,Aqua,MODIS,163.4,0,316.5,100,2013,7,2013-07-16,16,high,high
33.7168,-116.6401,2013-07-16,Terra,MODIS,24.1,0,292.4,100,2013,7,2013-07-16,16,high,medium-low
33.7171,-116.6347,2013-07-16,Terra,MODIS,5328.9,0,319.9,100,2013,7,2013-07-16,16,high,high
33.7171,-116.5747,2013-07-16,Terra,MODIS,14.9,0,297.0,54,2013,7,2013-07-16,16,medium,low
33.7174,-116.6238,2013-07-16,Aqua,MODIS,377.8,0,313.6,100,2013,7,2013-07-16,16,high,high
33.7175,-116.5467,2013-07-16,Aqua,MODIS,60.6,0,287.5,100,2013,7,2013-07-16,16,high,medium-high
33.7179,-116.6952,2013-07-16,Terra,MODIS,19.2,0,291.4,100,2013,7,2013-07-16,16,high,low
33.718,-116.5786,2013-07-16,Aqua,MODIS,164.4,0,287.6,100,2013,7,2013-07-16,16,high,high
33.7182,-116.6412,2013-07-16,Aqua,MODIS,346.2,0,324.4,100,2013,7,2013-07-16,16,high,high
33.7183,-116.6294,2013-07-16,Terra,MODIS,113.1,0,298.5,100,2013,7,2013-07-16,16,high,medium-high
33.7187,-116.5813,2013-07-16,Terra,MODIS,404.9,0,305.4,99,2013,7,2013-07-16,16,high,high
33.7192,-116.6097,2013-07-16,Aqua,MODIS,1906.8,0,334.3,100,2013,7,2013-07-16,16,high,high
33.7195,-116.676,2013-07-16,Terra,MODIS,2587.6,0,307.2,100,2013,7,2013-07-16,16,high,high
33.7196,-116.649,2013-07-16,Aqua,MODIS,131.2,0,282.9,100,2013,7,2013-07-16,16,high,high
33.7196,-116.6297,2013-07-16,Aqua,MODIS,255.7,0,312.6,100,2013,7,2013-07-16,16,high,high
33.7199,-116.6188,2013-07-16,Terra,MODIS,255.1,0,302.0,100,2013,7,2013-07-16,16,high,high
33.7204,-116.608,2013-07-16,Terra,MODIS,1453.4,0,306.9,100,2013,7,2013-07-16,16,high,high
33.7209,-116.5957,2013-07-16,Aqua,MODIS,192.3,0,307.9,100,2013,7,2013-07-16,16,high,high
33.7211,-116.6165,2013-07-16,Aqua,MODIS,1330.2,0,337.8,100,2013,7,2013-07-16,16,high,high
33.7214,-116.6083,2013-07-16,Terra,MODIS,22.8,0,296.0,71,2013,7,2013-07-16,16,high,medium-low
33.7219,-116.5681,2013-07-16,Aqua,MODIS,541.8,0,294.3,100,2013,7,2013-07-16,16,high,high
33.7225,-116.6405,2013-07-16,Terra,MODIS,4273.7,0,315.6,100,2013,7,2013-07-16,16,high,high
33.7228,-116.6023,2013-07-16,Aqua,MODIS,837.7,0,317.1,100,2013,7,2013-07-16,16,high,high
33.7229,-116.5977,2013-07-16,Terra,MODIS,142.3,0,301.5,100,2013,7,2013-07-16,16,high,high
33.7244,-116.5887,2013-07-16,Aqua,MODIS,48.3,0,300.1,89,2013,7,2013-07-16,16,high,medium-high
33.7244,-116.5871,2013-07-16,Terra,MODIS,216.7,0,302.4,100,2013,7,2013-07-16,16,high,high
33.725,-116.5515,2013-07-16,Aqua,MODIS,280.7,0,292.8,100,2013,7,2013-07-16,16,high,high
33.7251,-116.6811,2013-07-16,Terra,MODIS,850.9,0,299.6,100,2013,7,2013-07-16,16,high,high
33.726,-116.5766,2013-07-16,Terra,MODIS,32.0,0,295.4,100,2013,7,2013-07-16,16,high,medium-low
33.7268,-116.5917,2013-07-16,Aqua,MODIS,43.6,0,285.1,87,2013,7,2013-07-16,16,high,medium-low
33.7269,-116.6449,2013-07-17,Aqua,MODIS,1450.8,0,306.8,100,2013,7,2013-07-17,17,high,high
33.7277,-116.6438,2013-07-16,Aqua,MODIS,108.8,0,305.1,100,2013,7,2013-07-16,16,high,medium-high
33.7281,-116.7052,2013-02-07,Terra,MODIS,10.3,0,285.4,64,2013,2,2013-02-07,7,medium,low
33.7288,-116.541,2013-07-16,Aqua,MODIS,25.3,0,288.4,87,2013,7,2013-07-16,16,high,medium-low
33.7292,-116.6311,2013-07-16,Aqua,MODIS,145.8,0,304.0,100,2013,7,2013-07-16,16,high,high
33.7294,-116.5759,2013-07-16,Terra,MODIS,425.1,0,306.0,100,2013,7,2013-07-16,16,high,high
33.7296,-116.5749,2013-07-16,Aqua,MODIS,1004.2,0,299.2,100,2013,7,2013-07-16,16,high,high
33.7309,-116.617,2013-07-16,Aqua,MODIS,1918.0,0,400.1,100,2013,7,2013-07-16,16,high,high
33.7312,-116.606,2013-07-16,Terra,MODIS,1166.5,0,303.1,100,2013,7,2013-07-16,16,high,high
33.7318,-116.5997,2013-07-16,Terra,MODIS,35.0,0,292.9,100,2013,7,2013-07-16,16,high,medium-low
33.7324,-116.6267,2013-07-17,Terra,MODIS,37.1,0,305.4,83,2013,7,2013-07-17,17,high,medium-low
33.7325,-116.6028,2013-07-16,Aqua,MODIS,776.0,0,316.0,100,2013,7,2013-07-16,16,high,high
33.7333,-116.5891,2013-07-16,Terra,MODIS,51.2,0,292.5,100,2013,7,2013-07-16,16,high,medium-high
33.7336,-116.5644,2013-07-16,Aqua,MODIS,734.6,0,297.2,100,2013,7,2013-07-16,16,high,high
33.7338,-116.5959,2013-07-16,Aqua,MODIS,87.7,0,284.9,100,2013,7,2013-07-16,16,high,medium-high
33.7339,-116.6155,2013-07-17,Aqua,MODIS,353.3,0,297.4,96,2013,7,2013-07-17,17,high,high
33.734,-116.6374,2013-07-17,Terra,MODIS,28.3,0,301.6,59,2013,7,2013-07-17,17,medium,medium-low
33.7341,-116.5894,2013-07-16,Aqua,MODIS,96.7,0,296.2,100,2013,7,2013-07-16,16,high,medium-high
33.7345,-116.5818,2013-07-16,Terra,MODIS,388.7,0,305.6,99,2013,7,2013-07-16,16,high,high
33.7356,-116.5767,2013-07-16,Aqua,MODIS,30.0,0,299.8,79,2013,7,2013-07-16,16,high,medium-low
33.7365,-116.6119,2013-07-16,Terra,MODIS,445.0,0,299.7,94,2013,7,2013-07-16,16,high,high
33.7379,-116.5854,2013-07-16,Aqua,MODIS,369.7,0,291.0,100,2013,7,2013-07-16,16,high,high
33.7397,-116.6141,2013-07-17,Aqua,MODIS,47.1,0,293.5,87,2013,7,2013-07-17,17,high,medium-high
33.7405,-116.6178,2013-07-16,Aqua,MODIS,74.4,0,300.4,96,2013,7,2013-07-16,16,high,medium-high
33.7409,-116.5692,2013-07-16,Aqua,MODIS,77.1,0,288.6,100,2013,7,2013-07-16,16,high,medium-high
33.7413,-116.6326,2013-07-17,Aqua,MODIS,40.1,0,289.8,67,2013,7,2013-07-17,17,medium,medium-low
33.7413,-116.6247,2013-07-17,Terra,MODIS,149.8,0,314.9,100,2013,7,2013-07-17,17,high,high
33.7417,-116.6943,2013-07-17,Aqua,MODIS,462.4,0,281.5,96,2013,7,2013-07-17,17,high,high
33.7422,-116.6041,2013-07-16,Aqua,MODIS,423.6,0,305.2,100,2013,7,2013-07-16,16,high,high
33.7438,-116.5906,2013-07-16,Aqua,MODIS,132.9,0,296.5,100,2013,7,2013-07-16,16,high,high
33.7447,-116.5582,2013-07-16,Aqua,MODIS,13.0,0,287.1,56,2013,7,2013-07-16,16,medium,low
33.7453,-116.5773,2013-07-16,Aqua,MODIS,21.7,0,298.2,59,2013,7,2013-07-16,16,medium,medium-low
33.7483,-116.647,2013-07-18,Terra,MODIS,12.4,0,285.9,74,2013,7,2013-07-18,18,high,low
33.7485,-116.6121,2013-07-17,Terra,MODIS,49.2,0,312.6,94,2013,7,2013-07-17,17,high,medium-high
33.7492,-116.6907,2013-07-17,Aqua,MODIS,411.9,0,281.2,96,2013,7,2013-07-17,17,high,high
33.7501,-116.6229,2013-07-17,Terra,MODIS,132.3,0,314.2,100,2013,7,2013-07-17,17,high,high
33.7516,-116.6206,2013-07-17,Terra,MODIS,66.8,0,292.7,60,2013,7,2013-07-17,17,medium,medium-high
33.7517,-116.6336,2013-07-17,Terra,MODIS,81.0,0,306.0,100,2013,7,2013-07-17,17,high,medium-high
33.7517,-116.6062,2013-07-16,Aqua,MODIS,95.2,0,297.3,100,2013,7,2013-07-16,16,high,medium-high
33.7523,-116.6123,2013-07-17,Aqua,MODIS,30.3,0,293.1,60,2013,7,2013-07-17,17,medium,medium-low
33.7533,-116.5928,2013-07-16,Aqua,MODIS,258.8,0,302.3,100,2013,7,2013-07-16,16,high,high
33.7539,-116.5822,2013-07-17,Terra,MODIS,22.9,0,309.7,75,2013,7,2013-07-17,17,high,medium-low
33.757,-116.6575,2013-07-18,Aqua,MODIS,45.1,0,302.5,80,2013,7,2013-07-18,18,high,medium-low
33.7571,-116.6037,2013-07-17,Terra,MODIS,66.3,0,310.7,98,2013,7,2013-07-17,17,high,medium-high
33.7582,-116.6479,2013-07-18,Terra,MODIS,23.3,0,287.2,97,2013,7,2013-07-18,18,high,medium-low
33.7585,-116.6469,2013-07-18,Aqua,MODIS,45.3,0,305.6,82,2013,7,2013-07-18,18,high,medium-low
33.7587,-116.6144,2013-07-17,Terra,MODIS,247.7,0,314.7,100,2013,7,2013-07-17,17,high,high
33.759,-116.6237,2013-07-17,Aqua,MODIS,385.6,0,290.6,96,2013,7,2013-07-17,17,high,high
33.7593,-116.6535,2013-07-18,Terra,MODIS,23.0,0,284.9,95,2013,7,2013-07-18,18,high,medium-low
33.7601,-116.6366,2013-07-18,Terra,MODIS,27.4,0,289.8,92,2013,7,2013-07-18,18,high,medium-low
33.7603,-117.6588,2013-10-06,Aqua,MODIS,25.8,0,313.9,83,2013,10,2013-10-06,6,high,medium-low
33.7603,-116.6251,2013-07-17,Terra,MODIS,48.4,0,301.4,89,2013,7,2013-07-17,17,high,medium-high
33.7613,-116.6417,2013-07-18,Terra,MODIS,38.7,0,290.3,94,2013,7,2013-07-18,18,high,medium-low
33.7621,-116.655,2013-07-19,Terra,MODIS,22.5,0,290.8,63,2013,7,2013-07-19,19,medium,medium-low
33.7632,-116.6153,2013-07-18,Aqua,MODIS,31.6,0,312.4,82,2013,7,2013-07-18,18,high,medium-low
33.7644,-116.5912,2013-07-17,Terra,MODIS,69.9,0,310.1,99,2013,7,2013-07-17,17,high,medium-high
33.7647,-116.6047,2013-07-18,Aqua,MODIS,25.8,0,314.6,72,2013,7,2013-07-18,18,high,medium-low
33.7649,-116.6434,2013-07-18,Aqua,MODIS,32.1,0,292.0,100,2013,7,2013-07-18,18,high,medium-low
33.7658,-116.6211,2013-07-17,Aqua,MODIS,178.7,0,287.8,76,2013,7,2013-07-17,17,high,high
33.7659,-116.6594,2013-07-18,Aqua,MODIS,114.2,0,301.0,100,2013,7,2013-07-18,18,high,medium-high
33.766,-116.6019,2013-07-17,Terra,MODIS,200.6,0,316.8,100,2013,7,2013-07-17,17,high,high
33.7662,-116.5941,2013-07-18,Aqua,MODIS,20.4,0,314.7,62,2013,7,2013-07-18,18,medium,low
33.7674,-116.6488,2013-07-18,Aqua,MODIS,649.4,0,320.7,100,2013,7,2013-07-18,18,high,high
33.7676,-116.6127,2013-07-17,Terra,MODIS,37.8,0,304.2,83,2013,7,2013-07-17,17,high,medium-low
33.7688,-116.6564,2013-07-18,Terra,MODIS,21.2,0,280.7,93,2013,7,2013-07-18,18,high,medium-low
33.7689,-116.6383,2013-07-18,Aqua,MODIS,176.5,0,310.0,100,2013,7,2013-07-18,18,high,high
33.7703,-116.6479,2013-07-19,Aqua,MODIS,191.7,0,290.9,100,2013,7,2013-07-19,19,high,high
33.771,-116.644,2013-07-18,Terra,MODIS,129.4,0,289.6,100,2013,7,2013-07-18,18,high,high
33.7711,-117.6583,2013-10-06,Terra,MODIS,56.1,0,306.8,51,2013,10,2013-10-06,6,medium,medium-high
33.772,-116.6262,2013-07-18,Aqua,MODIS,20.1,0,294.3,95,2013,7,2013-07-18,18,high,low
33.772,-116.6171,2013-07-18,Aqua,MODIS,35.3,0,305.8,77,2013,7,2013-07-18,18,high,medium-low
33.773,-116.6777,2013-07-19,Terra,MODIS,38.5,0,289.1,90,2013,7,2013-07-19,19,high,medium-low
33.773,-116.6322,2013-07-18,Terra,MODIS,86.4,0,293.3,100,2013,7,2013-07-18,18,high,medium-high
33.7745,-116.6405,2013-07-18,Aqua,MODIS,34.6,0,290.6,100,2013,7,2013-07-18,18,high,medium-low
33.7746,-116.6613,2013-07-19,Terra,MODIS,309.1,0,296.2,100,2013,7,2013-07-19,19,high,high
33.7748,-116.6242,2013-07-19,Aqua,MODIS,105.6,0,292.1,100,2013,7,2013-07-19,19,high,medium-high
33.7749,-116.6554,2013-07-19,Terra,MODIS,383.3,0,298.1,100,2013,7,2013-07-19,19,high,high
33.7751,-116.6259,2013-07-18,Terra,MODIS,731.1,0,294.8,100,2013,7,2013-07-18,18,high,high
33.7752,-116.6199,2013-07-18,Terra,MODIS,46.1,0,287.9,100,2013,7,2013-07-18,18,high,medium-low
33.7759,-116.6822,2013-07-20,Terra,MODIS,118.1,0,288.9,100,2013,7,2013-07-20,20,high,medium-high
33.7763,-116.6507,2013-07-18,Aqua,MODIS,487.8,0,315.9,100,2013,7,2013-07-18,18,high,high
33.7767,-116.6542,2013-07-19,Aqua,MODIS,368.3,0,293.4,100,2013,7,2013-07-19,19,high,high
33.7767,-116.6354,2013-07-19,Terra,MODIS,119.4,0,295.3,100,2013,7,2013-07-19,19,high,high
33.7773,-116.6288,2013-07-19,Terra,MODIS,57.5,0,293.8,100,2013,7,2013-07-19,19,high,medium-high
33.7778,-116.6401,2013-07-18,Aqua,MODIS,651.9,0,329.8,100,2013,7,2013-07-18,18,high,high
33.7792,-116.6097,2013-07-18,Aqua,MODIS,14.2,0,291.9,87,2013,7,2013-07-18,18,high,low
33.7793,-116.6295,2013-07-18,Aqua,MODIS,140.2,0,306.6,100,2013,7,2013-07-18,18,high,high
33.78,-116.6613,2013-07-20,Terra,MODIS,581.5,0,300.9,100,2013,7,2013-07-20,20,high,high
33.7806,-116.6466,2013-07-18,Terra,MODIS,27.3,0,280.8,100,2013,7,2013-07-18,18,high,medium-low
33.7817,-116.6714,2013-07-21,Terra,MODIS,15.4,0,278.3,63,2013,7,2013-07-21,21,medium,low
33.7818,-116.6241,2013-07-18,Aqua,MODIS,103.5,0,295.1,100,2013,7,2013-07-18,18,high,medium-high
33.7823,-116.6874,2013-07-20,Terra,MODIS,28.8,0,286.3,87,2013,7,2013-07-20,20,high,medium-low
33.7825,-116.6315,2013-07-18,Terra,MODIS,561.9,0,295.0,94,2013,7,2013-07-18,18,high,high
33.7827,-116.6344,2013-07-18,Terra,MODIS,120.2,0,286.3,100,2013,7,2013-07-18,18,high,high
33.7834,-116.644,2013-07-20,Terra,MODIS,32.6,0,289.7,92,2013,7,2013-07-20,20,high,medium-low
33.7842,-116.6379,2013-07-18,Aqua,MODIS,86.6,0,290.6,100,2013,7,2013-07-18,18,high,medium-high
33.7843,-116.6177,2013-07-19,Aqua,MODIS,175.5,0,292.8,100,2013,7,2013-07-19,19,high,high
33.7859,-116.6465,2013-07-19,Aqua,MODIS,476.3,0,294.3,100,2013,7,2013-07-19,19,high,high
33.7863,-116.6676,2013-07-20,Terra,MODIS,738.8,0,304.0,100,2013,7,2013-07-20,20,high,high
33.7872,-116.6644,2013-07-19,Terra,MODIS,30.5,0,288.3,61,2013,7,2013-07-19,19,medium,medium-low
33.7876,-116.6581,2013-07-19,Terra,MODIS,62.7,0,289.3,100,2013,7,2013-07-19,19,high,medium-high
33.7883,-116.6814,2013-07-20,Terra,MODIS,94.6,0,286.1,100,2013,7,2013-07-20,20,high,medium-high
33.7894,-116.6378,2013-07-19,Terra,MODIS,110.2,0,292.7,100,2013,7,2013-07-19,19,high,medium-high
33.7899,-116.6498,2013-07-20,Terra,MODIS,178.9,0,296.2,100,2013,7,2013-07-20,20,high,high
33.79,-116.6304,2013-07-19,Terra,MODIS,76.6,0,292.9,100,2013,7,2013-07-19,19,high,medium-high
33.7905,-116.6236,2013-07-19,Aqua,MODIS,213.4,0,292.5,100,2013,7,2013-07-19,19,high,high
33.7918,-116.6633,2013-07-20,Terra,MODIS,562.5,0,298.1,100,2013,7,2013-07-20,20,high,high
33.7922,-116.6508,2013-07-19,Aqua,MODIS,218.5,0,288.9,100,2013,7,2013-07-19,19,high,high
33.7954,-116.645,2013-07-20,Terra,MODIS,144.6,0,291.4,100,2013,7,2013-07-20,20,high,high
33.7984,-116.6687,2013-07-20,Terra,MODIS,81.7,0,285.8,100,2013,7,2013-07-20,20,high,medium-high
33.802,-116.6507,2013-07-20,Terra,MODIS,136.9,0,287.9,100,2013,7,2013-07-20,20,high,high
33.8026,-114.4612,2013-02-26,Aqua,MODIS,62.2,0,301.5,96,2013,2,2013-02-26,26,high,medium-high
33.8049,-115.4083,2013-11-09,Aqua,MODIS,23.4,0,304.0,72,2013,11,2013-11-09,9,high,medium-low
33.8074,-115.3912,2013-02-05,Terra,MODIS,3.8,0,296.1,50,2013,2,2013-02-05,5,medium,low
33.8099,-114.4741,2013-02-26,Aqua,MODIS,85.6,0,308.5,100,2013,2,2013-02-26,26,high,medium-high
33.8116,-114.4632,2013-02-26,Aqua,MODIS,159.7,0,313.6,100,2013,2,2013-02-26,26,high,high
33.8237,-115.4071,2013-02-14,Terra,MODIS,16.9,0,298.2,75,2013,2,2013-02-14,14,high,low
33.8539,-116.7331,2013-08-08,Aqua,MODIS,422.5,0,315.6,100,2013,8,2013-08-08,8,high,high
33.8557,-116.716,2013-08-08,Aqua,MODIS,120.0,0,307.3,100,2013,8,2013-08-08,8,high,high
33.8616,-116.7604,2013-08-08,Aqua,MODIS,189.0,0,320.1,100,2013,8,2013-08-08,8,high,high
33.863,-116.747,2013-08-08,Aqua,MODIS,1107.7,0,340.1,100,2013,8,2013-08-08,8,high,high
33.8645,-116.733,2013-08-08,Aqua,MODIS,2392.2,0,400.1,100,2013,8,2013-08-08,8,high,high
33.8661,-116.7173,2013-08-08,Aqua,MODIS,201.9,0,303.8,100,2013,8,2013-08-08,8,high,high
33.8672,-116.7906,2013-08-08,Terra,MODIS,164.4,0,311.0,53,2013,8,2013-08-08,8,medium,high
33.8692,-114.4544,2013-09-30,Terra,MODIS,12.2,0,312.9,53,2013,9,2013-09-30,30,medium,low
33.8721,-116.7607,2013-08-08,Aqua,MODIS,42.5,0,318.8,67,2013,8,2013-08-08,8,medium,medium-low
33.8729,-116.7441,2013-08-09,Terra,MODIS,109.9,0,292.1,86,2013,8,2013-08-09,9,high,medium-high
33.8736,-116.7499,2013-08-09,Terra,MODIS,80.9,0,291.8,75,2013,8,2013-08-09,9,high,medium-high
33.8738,-116.7452,2013-08-08,Aqua,MODIS,142.2,0,323.4,100,2013,8,2013-08-08,8,high,high
33.8752,-116.7316,2013-08-08,Aqua,MODIS,121.5,0,314.7,100,2013,8,2013-08-08,8,high,high
33.876,-116.8023,2013-08-08,Terra,MODIS,17.4,0,292.6,95,2013,8,2013-08-08,8,high,low
33.8774,-116.7913,2013-08-08,Terra,MODIS,28.6,0,293.8,100,2013,8,2013-08-08,8,high,medium-low
33.8787,-116.8942,2013-08-08,Aqua,MODIS,70.9,0,305.1,93,2013,8,2013-08-08,8,high,medium-high
33.8793,-116.7598,2013-08-08,Terra,MODIS,527.3,0,313.2,100,2013,8,2013-08-08,8,high,high
33.8802,-116.8807,2013-08-08,Aqua,MODIS,99.2,0,304.2,99,2013,8,2013-08-08,8,high,medium-high
33.8809,-116.9042,2013-08-08,Terra,MODIS,6.6,0,291.0,59,2013,8,2013-08-08,8,medium,low
33.8816,-116.7907,2013-08-08,Terra,MODIS,162.8,0,314.8,77,2013,8,2013-08-08,8,high,high
33.8821,-116.846,2013-05-04,Aqua,MODIS,25.3,0,307.4,57,2013,5,2013-05-04,4,medium,medium-low
33.8823,-116.8935,2013-08-08,Terra,MODIS,11.0,0,291.4,81,2013,8,2013-08-08,8,high,low
33.8829,-116.7041,2013-08-09,Terra,MODIS,186.6,0,294.5,100,2013,8,2013-08-09,9,high,high
33.8843,-116.7085,2013-08-09,Terra,MODIS,214.3,0,294.5,100,2013,8,2013-08-09,9,high,high
33.8844,-116.7447,2013-08-08,Aqua,MODIS,81.0,0,319.6,96,2013,8,2013-08-08,8,high,medium-high
33.8852,-116.8718,2013-08-08,Terra,MODIS,48.0,0,293.3,100,2013,8,2013-08-08,8,high,medium-high
33.8859,-116.7308,2013-08-08,Aqua,MODIS,41.3,0,309.4,68,2013,8,2013-08-08,8,medium,medium-low
33.8863,-116.8543,2013-08-08,Aqua,MODIS,44.7,0,288.6,90,2013,8,2013-08-08,8,high,medium-low
33.8865,-116.7928,2013-08-08,Terra,MODIS,25.6,0,295.8,100,2013,8,2013-08-08,8,high,medium-low
33.8867,-116.8609,2013-08-08,Terra,MODIS,39.8,0,292.8,100,2013,8,2013-08-08,8,high,medium-low
33.8879,-116.782,2013-08-08,Terra,MODIS,73.9,0,299.8,100,2013,8,2013-08-08,8,high,medium-high
33.8882,-116.8807,2013-08-08,Terra,MODIS,256.4,0,312.9,97,2013,8,2013-08-08,8,high,high
33.8894,-116.771,2013-08-08,Terra,MODIS,18.1,0,295.3,100,2013,8,2013-08-08,8,high,low
33.8896,-116.8388,2013-08-08,Terra,MODIS,32.8,0,294.0,100,2013,8,2013-08-08,8,high,medium-low
33.8909,-116.8763,2013-08-08,Aqua,MODIS,46.0,0,289.9,90,2013,8,2013-08-08,8,high,medium-low
33.8911,-116.8277,2013-08-08,Terra,MODIS,216.5,0,306.1,100,2013,8,2013-08-08,8,high,high
33.8926,-116.8166,2013-08-08,Terra,MODIS,164.6,0,303.8,100,2013,8,2013-08-08,8,high,high
33.8933,-116.8241,2013-08-08,Aqua,MODIS,43.8,0,291.9,90,2013,8,2013-08-08,8,high,medium-low
33.8934,-116.7592,2013-08-08,Aqua,MODIS,64.3,0,319.5,93,2013,8,2013-08-08,8,high,medium-high
33.8939,-116.8514,2013-08-08,Aqua,MODIS,134.1,0,305.8,100,2013,8,2013-08-08,8,high,high
33.8941,-116.8054,2013-08-08,Terra,MODIS,30.5,0,297.7,100,2013,8,2013-08-08,8,high,medium-low
33.8941,-116.7651,2013-08-08,Terra,MODIS,95.0,0,309.2,76,2013,8,2013-08-08,8,high,medium-high
33.895,-116.7443,2013-08-08,Aqua,MODIS,104.9,0,318.5,100,2013,8,2013-08-08,8,high,medium-high
33.8954,-116.7696,2013-08-08,Aqua,MODIS,160.4,0,295.1,100,2013,8,2013-08-08,8,high,high
33.8956,-116.7941,2013-08-08,Terra,MODIS,16.8,0,296.1,99,2013,8,2013-08-08,8,high,low
33.8975,-116.7599,2013-08-08,Terra,MODIS,82.6,0,308.5,62,2013,8,2013-08-08,8,medium,medium-high
33.8982,-116.847,2013-08-08,Aqua,MODIS,69.0,0,292.1,100,2013,8,2013-08-08,8,high,medium-high
33.8983,-116.7159,2013-08-09,Terra,MODIS,119.7,0,293.4,91,2013,8,2013-08-09,9,high,high
33.8993,-116.7216,2013-08-09,Terra,MODIS,120.7,0,293.4,92,2013,8,2013-08-09,9,high,high
33.9002,-116.8291,2013-08-08,Terra,MODIS,33.7,0,295.0,100,2013,8,2013-08-08,8,high,medium-low
33.9002,-116.7923,2013-08-08,Aqua,MODIS,64.6,0,292.9,100,2013,8,2013-08-08,8,high,medium-high
33.9017,-116.818,2013-08-08,Terra,MODIS,48.4,0,296.1,100,2013,8,2013-08-08,8,high,medium-high
33.903,-116.8698,2013-08-08,Aqua,MODIS,32.1,0,289.2,75,2013,8,2013-08-08,8,high,medium-low
33.9032,-116.8068,2013-08-08,Terra,MODIS,15.1,0,294.7,96,2013,8,2013-08-08,8,high,low
33.9034,-116.7431,2013-08-09,Terra,MODIS,179.5,0,292.0,100,2013,8,2013-08-09,9,high,high
33.9044,-116.8518,2013-08-08,Aqua,MODIS,28.6,0,306.2,74,2013,8,2013-08-08,8,high,medium-low
33.9052,-116.7478,2013-08-09,Terra,MODIS,131.4,0,291.6,93,2013,8,2013-08-09,9,high,high
33.9054,-116.8169,2013-08-08,Aqua,MODIS,35.1,0,291.5,79,2013,8,2013-08-08,8,high,medium-low
33.9057,-116.6959,2013-08-09,Terra,MODIS,174.1,0,293.0,100,2013,8,2013-08-09,9,high,high
33.9073,-116.7004,2013-08-09,Terra,MODIS,212.3,0,293.0,100,2013,8,2013-08-09,9,high,high
33.9133,-114.4351,2013-02-07,Terra,MODIS,12.1,0,295.4,64,2013,2,2013-02-07,7,medium,low
33.9202,-114.4329,2013-12-02,Aqua,MODIS,17.8,0,285.6,66,2013,12,2013-12-02,2,medium,low
33.9217,-114.4221,2013-12-02,Aqua,MODIS,27.8,0,282.3,86,2013,12,2013-12-02,2,high,medium-low
33.9226,-114.4329,2013-02-07,Terra,MODIS,21.6,0,295.7,78,2013,2,2013-02-07,7,high,medium-low
33.9295,-117.3185,2013-07-04,Aqua,MODIS,177.8,0,318.7,100,2013,7,2013-07-04,4,high,high
33.9373,-117.3261,2013-07-04,Aqua,MODIS,83.2,0,318.9,98,2013,7,2013-07-04,4,high,medium-high
33.9381,-116.8837,2013-05-01,Aqua,MODIS,64.8,0,315.1,94,2013,5,2013-05-01,1,high,medium-high
33.9395,-117.3213,2013-07-04,Aqua,MODIS,29.3,0,317.8,75,2013,7,2013-07-04,4,high,medium-low
33.9398,-117.3122,2013-07-04,Aqua,MODIS,53.2,0,316.5,92,2013,7,2013-07-04,4,high,medium-high
33.9419,-114.3788,2013-02-25,Terra,MODIS,28.4,0,294.3,86,2013,2,2013-02-25,25,high,medium-low
33.9435,-116.9116,2013-05-01,Aqua,MODIS,66.0,0,313.2,94,2013,5,2013-05-01,1,high,medium-high
33.9452,-117.6766,2013-07-09,Terra,MODIS,101.4,0,302.9,73,2013,7,2013-07-09,9,high,medium-high
33.9457,-116.8985,2013-05-01,Aqua,MODIS,201.4,0,319.2,100,2013,5,2013-05-01,1,high,high
33.947,-116.9054,2013-05-01,Aqua,MODIS,123.8,0,318.7,100,2013,5,2013-05-01,1,high,high
33.9479,-116.8857,2013-05-01,Aqua,MODIS,103.9,0,317.0,100,2013,5,2013-05-01,1,high,medium-high
33.9492,-116.8925,2013-05-01,Aqua,MODIS,112.2,0,318.3,100,2013,5,2013-05-01,1,high,medium-high
33.9544,-116.9208,2013-05-01,Aqua,MODIS,64.3,0,310.9,93,2013,5,2013-05-01,1,high,medium-high
33.9548,-117.6773,2013-07-09,Terra,MODIS,98.0,0,303.2,74,2013,7,2013-07-09,9,high,medium-high
33.9567,-116.9076,2013-05-01,Aqua,MODIS,328.6,0,323.3,100,2013,5,2013-05-01,1,high,high
33.9589,-116.8948,2013-05-01,Aqua,MODIS,46.8,0,311.9,87,2013,5,2013-05-01,1,high,medium-high
33.9636,-117.4145,2013-03-01,Terra,MODIS,7.9,0,282.8,51,2013,3,2013-03-01,1,medium,low
33.9642,-116.9228,2013-05-01,Aqua,MODIS,166.9,0,309.6,100,2013,5,2013-05-01,1,high,high
33.9664,-116.9097,2013-05-01,Aqua,MODIS,435.1,0,317.7,100,2013,5,2013-05-01,1,high,high
33.9711,-117.4271,2013-03-01,Terra,MODIS,12.9,0,282.4,82,2013,3,2013-03-01,1,high,low
33.9726,-117.4163,2013-03-01,Terra,MODIS,47.8,0,286.0,100,2013,3,2013-03-01,1,high,medium-high
33.9815,-117.4181,2013-03-01,Terra,MODIS,13.2,0,280.8,82,2013,3,2013-03-01,1,high,low
33.993,-117.3226,2013-06-14,Aqua,MODIS,76.0,0,321.3,100,2013,6,2013-06-14,14,high,medium-high
33.9974,-117.3288,2013-06-14,Aqua,MODIS,15.6,0,321.8,75,2013,6,2013-06-14,14,high,low
33.9988,-117.3172,2013-06-14,Aqua,MODIS,12.6,0,317.3,72,2013,6,2013-06-14,14,high,low
34.0011,-116.8224,2013-06-09,Aqua,MODIS,57.3,0,315.0,95,2013,6,2013-06-09,9,high,medium-high
34.0074,-117.5398,2013-04-22,Aqua,MODIS,8.0,0,311.3,56,2013,4,2013-04-22,22,medium,low
34.0084,-116.8354,2013-06-09,Aqua,MODIS,954.4,0,341.6,100,2013,6,2013-06-09,9,high,high
34.0103,-116.824,2013-06-09,Aqua,MODIS,1335.9,0,400.1,100,2013,6,2013-06-09,9,high,high
34.0126,-117.5412,2013-06-06,Terra,MODIS,5.6,0,312.0,53,2013,6,2013-06-06,6,medium,low
34.0177,-116.8064,2013-06-11,Terra,MODIS,148.9,0,289.4,100,2013,6,2013-06-11,11,high,high
34.0195,-116.8254,2013-06-09,Aqua,MODIS,509.5,0,313.0,100,2013,6,2013-06-09,9,high,high
34.0208,-116.797,2013-06-11,Aqua,MODIS,49.8,0,285.3,69,2013,6,2013-06-11,11,medium,medium-high
34.0208,-116.7676,2013-06-12,Aqua,MODIS,53.2,0,286.3,72,2013,6,2013-06-12,12,high,medium-high
34.0217,-116.8301,2013-06-10,Terra,MODIS,48.7,0,289.1,100,2013,6,2013-06-10,10,high,medium-high
34.0235,-116.8114,2013-06-10,Terra,MODIS,111.6,0,291.6,100,2013,6,2013-06-10,10,high,medium-high
34.0243,-116.7632,2013-06-12,Aqua,MODIS,53.6,0,287.6,84,2013,6,2013-06-12,12,high,medium-high
34.0256,-116.7995,2013-06-12,Terra,MODIS,185.3,0,296.8,95,2013,6,2013-06-12,12,high,high
34.0271,-116.8044,2013-06-12,Terra,MODIS,16.3,0,286.0,90,2013,6,2013-06-12,12,high,low
34.0273,-116.7945,2013-06-11,Aqua,MODIS,37.4,0,290.5,100,2013,6,2013-06-11,11,high,medium-low
34.0277,-116.7962,2013-06-10,Terra,MODIS,711.9,0,313.9,100,2013,6,2013-06-10,10,high,high
34.0281,-116.7999,2013-06-12,Aqua,MODIS,53.0,0,268.6,79,2013,6,2013-06-12,12,high,medium-high
34.0281,-116.7648,2013-06-13,Aqua,MODIS,15.8,0,288.5,74,2013,6,2013-06-13,13,high,low
34.0284,-116.7927,2013-06-11,Aqua,MODIS,65.5,0,287.3,82,2013,6,2013-06-11,11,high,medium-high
34.0284,-116.7696,2013-06-10,Aqua,MODIS,154.6,0,288.9,97,2013,6,2013-06-10,10,high,high
34.0286,-116.7917,2013-06-12,Terra,MODIS,31.3,0,289.4,100,2013,6,2013-06-12,12,high,medium-low
34.0287,-116.8107,2013-06-11,Terra,MODIS,285.7,0,294.3,100,2013,6,2013-06-11,11,high,high
34.0287,-116.8051,2013-06-11,Aqua,MODIS,27.5,0,288.6,100,2013,6,2013-06-11,11,high,medium-low
34.0288,-116.7784,2013-06-14,Terra,MODIS,268.5,0,310.0,90,2013,6,2013-06-14,14,high,high
34.0291,-116.7819,2013-06-10,Aqua,MODIS,190.6,0,289.5,100,2013,6,2013-06-10,10,high,high
34.0293,-116.8102,2013-06-10,Terra,MODIS,553.1,0,316.0,100,2013,6,2013-06-10,10,high,high
34.0297,-116.7792,2013-06-13,Aqua,MODIS,13.6,0,287.2,66,2013,6,2013-06-13,13,medium,low
34.0301,-117.1257,2013-05-03,Terra,MODIS,96.4,0,306.5,97,2013,5,2013-05-03,3,high,medium-high
34.0301,-116.7797,2013-06-12,Terra,MODIS,50.4,0,289.2,100,2013,6,2013-06-12,12,high,medium-high
34.0309,-116.8247,2013-06-10,Terra,MODIS,45.7,0,311.0,80,2013,6,2013-06-10,10,high,medium-low
34.031,-116.7809,2013-06-14,Aqua,MODIS,181.6,0,316.9,100,2013,6,2013-06-14,14,high,high
34.0311,-116.8261,2013-06-10,Aqua,MODIS,82.2,0,304.8,59,2013,6,2013-06-10,10,medium,medium-high
34.0311,-116.7747,2013-06-14,Terra,MODIS,27.3,0,287.4,100,2013,6,2013-06-14,14,high,medium-low
34.0313,-116.8059,2013-06-11,Terra,MODIS,430.2,0,296.0,100,2013,6,2013-06-11,11,high,high
34.0314,-116.8498,2013-06-10,Terra,MODIS,16.0,0,286.8,61,2013,6,2013-06-10,10,medium,low
34.0317,-116.7951,2013-06-12,Aqua,MODIS,87.8,0,276.4,100,2013,6,2013-06-12,12,high,medium-high
34.0326,-116.7682,2013-06-14,Aqua,MODIS,51.0,0,310.6,89,2013,6,2013-06-14,14,high,medium-high
34.0328,-117.1399,2013-05-03,Terra,MODIS,50.0,0,304.9,87,2013,5,2013-05-03,3,high,medium-high
34.0329,-116.8341,2013-06-10,Terra,MODIS,125.5,0,291.3,100,2013,6,2013-06-10,10,high,high
34.0332,-116.8382,2013-06-11,Aqua,MODIS,20.0,0,286.8,98,2013,6,2013-06-11,11,high,low
34.0337,-116.7873,2013-06-11,Terra,MODIS,423.2,0,298.1,100,2013,6,2013-06-11,11,high,high
34.0347,-116.816,2013-06-10,Terra,MODIS,456.0,0,300.4,100,2013,6,2013-06-10,10,high,high
34.0348,-116.7812,2013-06-11,Aqua,MODIS,39.7,0,293.2,100,2013,6,2013-06-11,11,high,medium-low
34.0352,-116.7954,2013-06-10,Aqua,MODIS,502.1,0,292.1,100,2013,6,2013-06-10,10,high,high
34.0362,-116.783,2013-06-11,Terra,MODIS,358.1,0,294.8,100,2013,6,2013-06-11,11,high,high
34.0363,-116.7923,2013-06-11,Aqua,MODIS,54.0,0,293.1,100,2013,6,2013-06-11,11,high,medium-high
34.0365,-116.8375,2013-06-11,Terra,MODIS,41.6,0,287.3,63,2013,6,2013-06-11,11,medium,medium-low
34.0365,-116.7969,2013-06-10,Terra,MODIS,188.4,0,292.6,100,2013,6,2013-06-10,10,high,high
34.0376,-116.8428,2013-06-10,Aqua,MODIS,145.7,0,287.4,96,2013,6,2013-06-10,10,high,high
34.0379,-116.7912,2013-06-10,Aqua,MODIS,492.9,0,291.7,100,2013,6,2013-06-10,10,high,high
34.0381,-116.7942,2013-06-12,Terra,MODIS,17.1,0,286.7,90,2013,6,2013-06-12,12,high,low
34.0381,-116.7934,2013-06-10,Terra,MODIS,169.9,0,303.3,100,2013,6,2013-06-10,10,high,high
34.0383,-116.7862,2013-06-11,Terra,MODIS,45.5,0,281.3,57,2013,6,2013-06-11,11,medium,medium-low
34.0389,-116.7696,2013-06-15,Terra,MODIS,61.8,0,289.4,77,2013,6,2013-06-15,15,high,medium-high
34.0394,-116.8324,2013-06-11,Terra,MODIS,56.9,0,288.1,95,2013,6,2013-06-11,11,high,medium-high
34.0396,-116.8075,2013-06-10,Terra,MODIS,240.5,0,308.7,100,2013,6,2013-06-10,10,high,high
34.0396,-116.7812,2013-06-12,Terra,MODIS,12.0,0,286.0,77,2013,6,2013-06-12,12,high,low
34.04,-116.8363,2013-06-10,Aqua,MODIS,213.3,0,288.0,100,2013,6,2013-06-10,10,high,high
34.0407,-117.3774,2013-07-08,Terra,MODIS,8.7,0,319.1,74,2013,7,2013-07-08,8,high,low
34.0412,-116.8304,2013-06-10,Aqua,MODIS,118.5,0,286.8,88,2013,6,2013-06-10,10,high,medium-high
34.0412,-116.8221,2013-06-10,Terra,MODIS,57.8,0,304.7,85,2013,6,2013-06-10,10,high,medium-high
34.0418,-116.822,2013-06-10,Aqua,MODIS,176.0,0,287.7,100,2013,6,2013-06-10,10,high,high
34.0419,-116.8126,2013-06-11,Terra,MODIS,64.7,0,288.9,100,2013,6,2013-06-11,11,high,medium-high
34.0436,-116.8243,2013-06-10,Terra,MODIS,133.6,0,293.0,100,2013,6,2013-06-10,10,high,high
34.0443,-116.8355,2013-06-10,Terra,MODIS,23.2,0,287.0,80,2013,6,2013-06-10,10,high,medium-low
34.0443,-116.7855,2013-06-11,Aqua,MODIS,28.5,0,288.7,100,2013,6,2013-06-11,11,high,medium-low
34.0446,-117.4135,2013-08-05,Terra,MODIS,26.6,0,313.8,78,2013,8,2013-08-05,5,high,medium-low
34.0455,-116.8042,2013-06-10,Terra,MODIS,186.7,0,293.8,100,2013,6,2013-06-10,10,high,high
34.0461,-116.8175,2013-06-10,Terra,MODIS,184.3,0,292.3,100,2013,6,2013-06-10,10,high,high
34.0463,-116.7921,2013-06-11,Terra,MODIS,29.4,0,289.2,68,2013,6,2013-06-11,11,medium,medium-low
34.0481,-116.7975,2013-06-10,Terra,MODIS,25.8,0,289.3,83,2013,6,2013-06-10,10,high,medium-low
34.0493,-116.7768,2013-06-15,Terra,MODIS,91.2,0,289.6,90,2013,6,2013-06-15,15,high,medium-high
34.0522,-116.7592,2013-06-15,Aqua,MODIS,33.7,0,288.8,76,2013,6,2013-06-15,15,high,medium-low
34.0525,-116.7544,2013-06-15,Aqua,MODIS,33.4,0,289.2,77,2013,6,2013-06-15,15,high,medium-low
34.0526,-116.7931,2013-06-10,Aqua,MODIS,57.0,0,286.4,55,2013,6,2013-06-10,10,medium,medium-high
34.0647,-117.0755,2013-06-28,Aqua,MODIS,45.7,0,316.3,83,2013,6,2013-06-28,28,high,medium-low
34.0664,-117.0583,2013-06-28,Aqua,MODIS,21.0,0,315.2,57,2013,6,2013-06-28,28,medium,medium-low
34.0743,-117.081,2013-06-28,Aqua,MODIS,28.0,0,319.4,62,2013,6,2013-06-28,28,medium,medium-low
34.0759,-117.0641,2013-06-28,Aqua,MODIS,60.4,0,318.2,86,2013,6,2013-06-28,28,high,medium-high
34.0761,-117.0757,2013-06-28,Aqua,MODIS,40.5,0,319.6,81,2013,6,2013-06-28,28,high,medium-low
34.0779,-118.9833,2013-05-03,Aqua,MODIS,63.4,0,295.8,100,2013,5,2013-05-03,3,high,medium-high
34.0796,-118.9996,2013-05-03,Aqua,MODIS,36.0,0,293.4,80,2013,5,2013-05-03,3,high,medium-low
34.0832,-119.0338,2013-05-03,Aqua,MODIS,63.8,3,292.7,100,2013,5,2013-05-03,3,high,medium-high
34.0887,-118.9809,2013-05-03,Aqua,MODIS,36.3,0,296.9,63,2013,5,2013-05-03,3,medium,medium-low
34.0905,-118.9983,2013-05-03,Aqua,MODIS,36.1,0,296.4,57,2013,5,2013-05-03,3,medium,medium-low
34.0906,-117.5305,2013-02-14,Terra,MODIS,4.6,2,296.6,65,2013,2,2013-02-14,14,medium,low
34.091,-117.5324,2013-12-20,Terra,MODIS,8.8,2,288.9,54,2013,12,2013-12-20,20,medium,low
34.0912,-117.5367,2013-02-06,Aqua,MODIS,4.9,0,297.5,63,2013,2,2013-02-06,6,medium,low
34.0915,-117.5403,2013-12-20,Aqua,MODIS,6.3,0,291.3,54,2013,12,2013-12-20,20,medium,low
34.0915,-117.536,2013-12-11,Aqua,MODIS,5.8,2,295.7,65,2013,12,2013-12-11,11,medium,low
34.0919,-117.39,2013-06-22,Terra,MODIS,5.0,0,312.3,68,2013,6,2013-06-22,22,medium,low
34.092,-117.5369,2013-06-21,Terra,MODIS,6.3,2,291.8,64,2013,6,2013-06-21,21,medium,low
34.092,-117.5298,2013-07-16,Terra,MODIS,6.3,2,294.4,69,2013,7,2013-07-16,16,medium,low
34.0923,-119.0153,2013-05-03,Aqua,MODIS,34.4,0,294.4,62,2013,5,2013-05-03,3,medium,medium-low
34.093,-117.5302,2013-02-25,Terra,MODIS,5.1,2,297.0,58,2013,2,2013-02-25,25,medium,low
34.0932,-117.5271,2013-12-13,Terra,MODIS,5.9,2,292.2,59,2013,12,2013-12-13,13,medium,low
34.0932,-117.3907,2013-04-26,Terra,MODIS,4.3,0,307.8,60,2013,4,2013-04-26,26,medium,low
34.0934,-117.5392,2013-07-23,Terra,MODIS,4.3,2,292.0,58,2013,7,2013-07-23,23,medium,low
34.0934,-117.3887,2013-05-12,Terra,MODIS,8.3,0,316.1,73,2013,5,2013-05-12,12,high,low
34.0937,-119.012,2013-05-03,Terra,MODIS,278.7,0,296.7,100,2013,5,2013-05-03,3,high,high
34.0938,-117.5346,2013-06-14,Terra,MODIS,8.6,2,292.2,74,2013,6,2013-06-14,14,high,low
34.0938,-117.5297,2013-12-10,Terra,MODIS,5.8,2,289.2,55,2013,12,2013-12-10,10,medium,low
34.094,-119.0309,2013-05-03,Aqua,MODIS,328.9,0,308.3,100,2013,5,2013-05-03,3,high,high
34.0948,-117.5312,2013-06-05,Terra,MODIS,6.0,2,289.9,53,2013,6,2013-06-05,5,medium,low
34.0948,-117.5271,2013-02-12,Terra,MODIS,5.4,2,292.1,58,2013,2,2013-02-12,12,medium,low
34.0949,-117.5285,2013-07-23,Terra,MODIS,4.9,2,292.3,61,2013,7,2013-07-23,23,medium,low
34.0955,-117.5284,2013-01-29,Terra,MODIS,5.7,2,281.5,56,2013,1,2013-01-29,29,medium,low
34.0957,-119.0473,2013-05-03,Aqua,MODIS,1350.7,0,323.9,100,2013,5,2013-05-03,3,high,high
34.0958,-118.9606,2013-05-03,Terra,MODIS,700.9,0,316.4,100,2013,5,2013-05-03,3,high,high
34.0959,-118.9783,2013-05-03,Aqua,MODIS,109.7,0,300.0,59,2013,5,2013-05-03,3,medium,medium-high
34.0963,-117.531,2013-01-04,Terra,MODIS,6.0,0,290.2,61,2013,1,2013-01-04,4,medium,low
34.0971,-117.5378,2013-07-25,Terra,MODIS,5.3,0,293.9,61,2013,7,2013-07-25,25,medium,low
34.0971,-117.5302,2013-01-22,Terra,MODIS,3.8,0,294.1,57,2013,1,2013-01-22,22,medium,low
34.0978,-118.9722,2013-05-03,Terra,MODIS,347.5,0,311.1,100,2013,5,2013-05-03,3,high,high
34.0981,-117.5346,2013-02-07,Terra,MODIS,3.6,0,293.3,59,2013,2,2013-02-07,7,medium,low
34.0992,-119.0183,2013-05-03,Terra,MODIS,263.4,0,295.9,87,2013,5,2013-05-03,3,high,high
34.0997,-118.9803,2013-05-03,Aqua,MODIS,46.8,0,297.0,100,2013,5,2013-05-03,3,high,medium-high
34.1049,-119.0293,2013-05-03,Aqua,MODIS,214.1,0,306.2,100,2013,5,2013-05-03,3,high,high
34.1052,-118.9649,2013-05-03,Terra,MODIS,162.9,0,295.0,100,2013,5,2013-05-03,3,high,high
34.1052,-118.9589,2013-05-03,Terra,MODIS,195.1,0,298.8,100,2013,5,2013-05-03,3,high,high
34.1066,-119.0455,2013-05-03,Aqua,MODIS,335.8,0,304.0,100,2013,5,2013-05-03,3,high,high
34.1072,-118.9706,2013-05-03,Terra,MODIS,70.1,0,294.6,97,2013,5,2013-05-03,3,high,medium-high
34.1093,-117.8254,2013-10-15,Aqua,MODIS,7.6,0,308.7,67,2013,10,2013-10-15,15,medium,low
34.1098,-119.0171,2013-05-03,Terra,MODIS,130.6,0,293.0,82,2013,5,2013-05-03,3,high,high
34.1108,-118.972,2013-05-03,Terra,MODIS,249.0,0,295.0,99,2013,5,2013-05-03,3,high,high
34.1158,-119.0276,2013-05-03,Aqua,MODIS,219.1,0,305.4,100,2013,5,2013-05-03,3,high,high
34.1166,-118.993,2013-05-03,Aqua,MODIS,236.5,0,288.1,96,2013,5,2013-05-03,3,high,high
34.1174,-119.0433,2013-05-03,Aqua,MODIS,572.8,0,306.5,100,2013,5,2013-05-03,3,high,high
34.118,-117.7511,2013-09-13,Aqua,MODIS,34.0,0,312.9,85,2013,9,2013-09-13,13,high,medium-low
34.1184,-118.9795,2013-05-03,Terra,MODIS,28.2,0,292.3,81,2013,5,2013-05-03,3,high,medium-low
34.1185,-119.0221,2013-05-03,Aqua,MODIS,108.6,0,301.3,100,2013,5,2013-05-03,3,high,medium-high
34.1201,-119.0376,2013-05-03,Aqua,MODIS,854.6,0,319.1,100,2013,5,2013-05-03,3,high,high
34.1204,-118.9912,2013-05-03,Terra,MODIS,34.8,0,293.2,85,2013,5,2013-05-03,3,high,medium-low
34.121,-117.9537,2013-12-30,Aqua,MODIS,8.4,0,298.2,59,2013,12,2013-12-30,30,medium,low
34.1218,-119.0548,2013-05-03,Aqua,MODIS,179.6,0,295.0,100,2013,5,2013-05-03,3,high,high
34.122,-118.988,2013-05-03,Aqua,MODIS,375.5,0,288.5,100,2013,5,2013-05-03,3,high,high
34.1229,-118.9644,2013-05-03,Aqua,MODIS,206.0,0,286.4,94,2013,5,2013-05-03,3,high,high
34.124,-118.9549,2013-05-03,Terra,MODIS,30.1,0,288.7,65,2013,5,2013-05-03,3,medium,medium-low
34.1259,-118.9658,2013-05-03,Terra,MODIS,48.1,0,289.5,78,2013,5,2013-05-03,3,high,medium-high
34.1267,-119.0265,2013-05-03,Aqua,MODIS,604.3,0,336.2,100,2013,5,2013-05-03,3,high,high
34.1278,-118.9772,2013-05-03,Terra,MODIS,44.2,0,291.5,75,2013,5,2013-05-03,3,high,medium-low
34.1285,-119.0431,2013-05-03,Aqua,MODIS,526.3,0,311.7,100,2013,5,2013-05-03,3,high,high
34.1285,-118.9578,2013-05-03,Aqua,MODIS,206.4,0,289.8,94,2013,5,2013-05-03,3,high,high
34.1294,-119.0204,2013-05-03,Aqua,MODIS,474.8,0,319.5,100,2013,5,2013-05-03,3,high,high
34.1311,-119.037,2013-05-03,Aqua,MODIS,991.1,0,326.3,100,2013,5,2013-05-03,3,high,high
34.1329,-119.0545,2013-05-03,Aqua,MODIS,19.0,0,285.7,65,2013,5,2013-05-03,3,medium,low
34.1333,-118.9522,2013-05-03,Terra,MODIS,696.4,0,302.0,100,2013,5,2013-05-03,3,high,high
34.1343,-118.9307,2013-05-03,Aqua,MODIS,145.5,0,292.0,82,2013,5,2013-05-03,3,high,high
34.1352,-118.9688,2013-05-03,Aqua,MODIS,27.3,0,294.6,66,2013,5,2013-05-03,3,medium,medium-low
34.1352,-118.9635,2013-05-03,Terra,MODIS,974.0,0,327.2,100,2013,5,2013-05-03,3,high,high
34.1356,-118.9708,2013-05-03,Aqua,MODIS,205.2,0,291.9,93,2013,5,2013-05-03,3,high,high
34.137,-118.9863,2013-05-03,Aqua,MODIS,150.2,0,296.1,100,2013,5,2013-05-03,3,high,high
34.1371,-118.9748,2013-05-03,Terra,MODIS,232.1,0,304.7,100,2013,5,2013-05-03,3,high,high
34.1374,-118.9451,2013-05-03,Terra,MODIS,377.7,0,292.9,100,2013,5,2013-05-03,3,high,high
34.1391,-118.9866,2013-05-03,Terra,MODIS,38.0,0,294.0,62,2013,5,2013-05-03,3,medium,medium-low
34.1393,-118.9566,2013-05-03,Terra,MODIS,1894.6,0,344.0,100,2013,5,2013-05-03,3,high,high
34.1403,-119.0188,2013-05-03,Aqua,MODIS,238.9,0,300.8,100,2013,5,2013-05-03,3,high,high
34.1409,-118.9656,2013-05-03,Aqua,MODIS,321.0,0,291.3,100,2013,5,2013-05-03,3,high,high
34.1412,-119.0481,2013-05-02,Aqua,MODIS,55.4,0,312.8,62,2013,5,2013-05-02,2,medium,medium-high
34.1413,-118.968,2013-05-03,Terra,MODIS,679.1,0,321.8,100,2013,5,2013-05-03,3,high,high
34.1416,-118.9434,2013-05-03,Aqua,MODIS,768.6,0,299.3,100,2013,5,2013-05-03,3,high,high
34.1421,-119.036,2013-05-03,Aqua,MODIS,37.1,0,286.8,68,2013,5,2013-05-03,3,medium,medium-low
34.1433,-118.9798,2013-05-03,Terra,MODIS,104.9,0,298.4,100,2013,5,2013-05-03,3,high,medium-high
34.1453,-118.9919,2013-05-03,Terra,MODIS,39.6,0,295.2,87,2013,5,2013-05-03,3,high,medium-low
34.1467,-118.9424,2013-05-03,Terra,MODIS,162.7,0,293.2,100,2013,5,2013-05-03,3,high,high
34.1467,-118.9384,2013-05-03,Aqua,MODIS,461.8,0,293.1,100,2013,5,2013-05-03,3,high,high
34.147,-116.9879,2013-04-12,Terra,MODIS,17.7,0,297.5,67,2013,4,2013-04-12,12,medium,low
34.1478,-118.9841,2013-05-03,Aqua,MODIS,20.6,0,292.3,70,2013,5,2013-05-03,3,medium,low
34.1486,-118.9541,2013-05-03,Terra,MODIS,1226.0,0,316.5,100,2013,5,2013-05-03,3,high,high
34.1506,-118.9659,2013-05-03,Terra,MODIS,179.1,0,301.0,100,2013,5,2013-05-03,3,high,high
34.1515,-119.0094,2013-05-02,Terra,MODIS,745.7,0,313.7,100,2013,5,2013-05-02,2,high,high
34.1518,-118.9866,2013-05-03,Terra,MODIS,110.7,0,288.8,81,2013,5,2013-05-03,3,high,medium-high
34.1533,-118.024,2013-04-20,Terra,MODIS,188.6,0,306.8,83,2013,4,2013-04-20,20,high,high
34.1537,-119.0379,2013-05-02,Terra,MODIS,308.9,0,304.4,100,2013,5,2013-05-02,2,high,high
34.1545,-116.9857,2013-04-11,Aqua,MODIS,33.9,0,294.2,78,2013,4,2013-04-11,11,high,medium-low
34.1546,-118.0208,2013-04-20,Aqua,MODIS,135.2,0,320.3,100,2013,4,2013-04-20,20,high,high
34.1561,-118.0101,2013-04-20,Aqua,MODIS,64.7,0,314.2,98,2013,4,2013-04-20,20,high,medium-high
34.1596,-117.45,2013-05-31,Aqua,MODIS,24.9,0,321.9,85,2013,5,2013-05-31,31,high,medium-low
34.1614,-118.0172,2013-04-20,Terra,MODIS,257.1,0,304.6,86,2013,4,2013-04-20,20,high,high
34.1628,-118.9807,2013-05-02,Terra,MODIS,196.2,0,308.2,95,2013,5,2013-05-02,2,high,high
34.165,-119.0077,2013-05-02,Terra,MODIS,1380.8,0,320.3,100,2013,5,2013-05-02,2,high,high
34.1673,-119.0362,2013-05-02,Terra,MODIS,1699.9,0,316.6,100,2013,5,2013-05-02,2,high,high
34.1705,-117.914,2013-09-24,Aqua,MODIS,14.5,0,291.2,76,2013,9,2013-09-24,24,high,low
34.1716,-118.9684,2013-05-02,Aqua,MODIS,61.4,0,316.5,61,2013,5,2013-05-02,2,medium,medium-high
34.1718,-119.0773,2013-05-31,Terra,MODIS,212.0,0,303.8,96,2013,5,2013-05-31,31,high,high
34.1728,-119.0693,2013-06-16,Terra,MODIS,72.1,0,303.3,78,2013,6,2013-06-16,16,high,medium-high
34.1743,-118.9539,2013-05-02,Terra,MODIS,185.1,0,308.5,95,2013,5,2013-05-02,2,high,high
34.1749,-117.4439,2013-05-13,Aqua,MODIS,31.1,0,323.7,65,2013,5,2013-05-13,13,medium,medium-low
34.1753,-119.0922,2013-07-22,Aqua,MODIS,39.1,0,292.7,61,2013,7,2013-07-22,22,medium,medium-low
34.1764,-118.9797,2013-05-02,Terra,MODIS,393.3,0,311.7,100,2013,5,2013-05-02,2,high,high
34.1776,-119.1032,2013-05-31,Terra,MODIS,50.3,0,302.5,73,2013,5,2013-05-31,31,high,medium-high
34.1785,-119.0954,2013-06-16,Terra,MODIS,68.4,0,303.0,77,2013,6,2013-06-16,16,high,medium-high
34.1786,-119.0074,2013-05-02,Terra,MODIS,1954.2,0,327.1,100,2013,5,2013-05-02,2,high,high
34.1809,-119.0354,2013-05-02,Terra,MODIS,974.5,0,314.9,100,2013,5,2013-05-02,2,high,high
34.1826,-118.9706,2013-05-02,Aqua,MODIS,229.1,0,323.4,100,2013,5,2013-05-02,2,high,high
34.1826,-118.9473,2013-05-02,Terra,MODIS,193.2,0,310.2,95,2013,5,2013-05-02,2,high,high
34.1844,-118.9719,2013-05-02,Terra,MODIS,775.9,0,318.8,100,2013,5,2013-05-02,2,high,high
34.1844,-118.9527,2013-05-02,Aqua,MODIS,68.9,0,317.0,91,2013,5,2013-05-02,2,high,medium-high
34.185,-119.0731,2013-05-31,Terra,MODIS,145.3,0,304.7,90,2013,5,2013-05-31,31,high,high
34.1856,-117.434,2013-05-13,Aqua,MODIS,51.8,0,319.4,91,2013,5,2013-05-13,13,high,medium-high
34.1866,-119.0006,2013-05-02,Terra,MODIS,270.2,0,313.5,99,2013,5,2013-05-02,2,high,high
34.1878,-118.9525,2013-05-02,Terra,MODIS,325.6,0,312.7,100,2013,5,2013-05-02,2,high,high
34.1887,-119.0286,2013-05-02,Terra,MODIS,50.9,0,307.2,74,2013,5,2013-05-02,2,high,medium-high
34.1898,-118.9777,2013-05-02,Terra,MODIS,514.6,0,319.6,100,2013,5,2013-05-02,2,high,high
34.1908,-119.099,2013-05-31,Terra,MODIS,32.7,0,303.0,63,2013,5,2013-05-31,31,medium,medium-low
34.1922,-119.0068,2013-05-02,Terra,MODIS,97.2,0,308.3,85,2013,5,2013-05-02,2,high,medium-high
34.196,-118.9456,2013-05-02,Terra,MODIS,94.5,0,309.1,84,2013,5,2013-05-02,2,high,medium-high
34.1981,-118.9725,2013-05-02,Terra,MODIS,399.7,0,313.7,100,2013,5,2013-05-02,2,high,high
34.2002,-119.0004,2013-05-02,Terra,MODIS,89.5,0,308.1,84,2013,5,2013-05-02,2,high,medium-high
34.2025,-118.9838,2013-02-01,Aqua,MODIS,6.6,0,287.3,51,2013,2,2013-02-01,1,medium,low
34.203,-118.9871,2013-01-30,Aqua,MODIS,8.3,0,294.7,70,2013,1,2013-01-30,30,medium,low
34.2036,-118.9792,2013-05-02,Terra,MODIS,40.1,0,308.6,68,2013,5,2013-05-02,2,medium,medium-low
34.2046,-118.9763,2013-01-30,Aqua,MODIS,10.4,0,294.8,73,2013,1,2013-01-30,30,high,low
34.2058,-119.1343,2013-02-28,Terra,MODIS,7.9,0,301.6,60,2013,2,2013-02-28,28,medium,low
34.2343,-119.2339,2013-10-16,Terra,MODIS,24.8,0,301.8,50,2013,10,2013-10-16,16,medium,medium-low
34.2425,-119.2141,2013-02-25,Terra,MODIS,8.2,0,296.3,53,2013,2,2013-02-25,25,medium,low
34.2431,-119.2145,2013-02-21,Terra,MODIS,8.6,0,293.5,73,2013,2,2013-02-21,21,high,low
34.2943,-117.6077,2013-08-22,Terra,MODIS,38.9,0,305.2,68,2013,8,2013-08-22,22,medium,medium-low
34.2969,-117.6193,2013-08-24,Terra,MODIS,24.5,0,288.5,100,2013,8,2013-08-24,24,high,medium-low
34.2977,-117.6027,2013-08-22,Terra,MODIS,40.2,0,306.6,70,2013,8,2013-08-22,22,medium,medium-low
34.2984,-117.6083,2013-08-24,Terra,MODIS,15.4,0,288.6,91,2013,8,2013-08-24,24,high,low
34.2995,-117.6212,2013-08-22,Terra,MODIS,67.1,0,292.9,100,2013,8,2013-08-22,22,high,medium-high
34.2999,-117.6138,2013-08-22,Terra,MODIS,638.0,0,307.7,100,2013,8,2013-08-22,22,high,high
34.3003,-117.6136,2013-08-20,Terra,MODIS,139.4,0,310.3,100,2013,8,2013-08-20,20,high,high
34.3013,-117.6055,2013-08-22,Terra,MODIS,826.6,0,318.0,100,2013,8,2013-08-22,22,high,high
34.3017,-117.6253,2013-08-20,Terra,MODIS,43.9,0,306.7,84,2013,8,2013-08-20,20,high,medium-low
34.3017,-117.5986,2013-08-22,Terra,MODIS,669.1,0,308.0,100,2013,8,2013-08-22,22,high,high
34.3029,-117.5909,2013-08-22,Terra,MODIS,26.2,0,293.8,100,2013,8,2013-08-22,22,high,medium-low
34.3043,-117.6273,2013-08-20,Aqua,MODIS,74.0,0,302.2,64,2013,8,2013-08-20,20,medium,medium-high
34.3068,-117.6096,2013-08-23,Aqua,MODIS,15.4,0,289.2,77,2013,8,2013-08-23,23,high,low
34.3073,-117.6146,2013-08-23,Aqua,MODIS,12.1,0,287.8,64,2013,8,2013-08-23,23,medium,low
34.3083,-119.2316,2013-12-06,Terra,MODIS,5.7,0,290.0,61,2013,12,2013-12-06,6,medium,low
34.3104,-117.6122,2013-08-20,Terra,MODIS,203.3,0,310.0,100,2013,8,2013-08-20,20,high,high
34.3119,-117.625,2013-08-20,Terra,MODIS,71.3,0,305.4,93,2013,8,2013-08-20,20,high,medium-high
34.3124,-118.916,2013-02-13,Aqua,MODIS,19.1,0,297.2,78,2013,2,2013-02-13,13,high,low
34.3306,-117.6228,2013-08-10,Terra,MODIS,28.0,0,285.1,100,2013,8,2013-08-10,10,high,medium-low
34.3331,-117.6177,2013-08-10,Aqua,MODIS,18.2,0,282.9,78,2013,8,2013-08-10,10,high,low
34.3345,-119.2808,2013-01-31,Terra,MODIS,5.4,0,292.1,53,2013,1,2013-01-31,31,medium,low
34.3431,-117.6083,2013-08-09,Aqua,MODIS,29.0,0,284.8,71,2013,8,2013-08-09,9,high,medium-low
34.3466,-119.3011,2013-12-06,Terra,MODIS,17.3,0,288.9,79,2013,12,2013-12-06,6,high,low
34.3527,-119.0785,2013-01-31,Terra,MODIS,15.0,0,295.3,73,2013,1,2013-01-31,31,high,low
34.3654,-118.9583,2013-11-11,Terra,MODIS,13.2,0,297.2,71,2013,11,2013-11-11,11,high,low
34.3672,-118.9549,2013-12-06,Terra,MODIS,26.6,0,286.5,85,2013,12,2013-12-06,6,high,medium-low
34.3673,-118.9702,2013-11-11,Terra,MODIS,9.4,0,298.2,61,2013,11,2013-11-11,11,medium,low
34.3683,-118.9642,2013-12-05,Aqua,MODIS,11.6,0,291.3,65,2013,12,2013-12-05,5,medium,low
34.3689,-118.9657,2013-12-06,Terra,MODIS,9.5,0,287.2,67,2013,12,2013-12-06,6,medium,low
34.3786,-118.9799,2013-11-11,Terra,MODIS,24.4,0,298.9,82,2013,11,2013-11-11,11,high,medium-low
34.3793,-119.1433,2013-11-14,Aqua,MODIS,12.2,0,307.8,73,2013,11,2013-11-14,14,high,low
34.3806,-118.9918,2013-11-11,Terra,MODIS,9.7,0,298.4,65,2013,11,2013-11-11,11,medium,low
34.3809,-119.1325,2013-11-14,Aqua,MODIS,60.1,0,308.7,96,2013,11,2013-11-14,14,high,medium-high
34.3841,-119.0635,2013-12-06,Terra,MODIS,6.9,0,287.7,64,2013,12,2013-12-06,6,medium,low
34.3914,-118.9505,2013-02-05,Terra,MODIS,5.1,0,290.0,55,2013,2,2013-02-05,5,medium,low
34.3921,-118.9976,2013-03-13,Terra,MODIS,14.0,0,304.8,69,2013,3,2013-03-13,13,medium,low
34.3951,-118.8298,2013-03-14,Terra,MODIS,15.6,0,307.0,56,2013,3,2013-03-14,14,medium,low
34.4118,-118.811,2013-02-21,Terra,MODIS,14.9,0,293.2,79,2013,2,2013-02-21,21,high,low
34.412,-118.8117,2013-02-04,Aqua,MODIS,10.6,0,299.4,64,2013,2,2013-02-04,4,medium,low
34.4128,-118.8109,2013-01-31,Terra,MODIS,24.2,0,294.3,81,2013,1,2013-01-31,31,high,medium-low
34.4148,-118.8041,2013-02-05,Terra,MODIS,7.2,0,291.5,66,2013,2,2013-02-05,5,medium,low
34.4149,-118.5993,2013-05-28,Terra,MODIS,415.3,0,318.6,100,2013,5,2013-05-28,28,high,high
34.4163,-118.7673,2013-03-11,Terra,MODIS,12.0,0,301.1,77,2013,3,2013-03-11,11,high,low
34.4166,-118.8151,2013-02-05,Terra,MODIS,7.3,0,291.4,66,2013,2,2013-02-05,5,medium,low
34.4166,-118.6103,2013-05-28,Terra,MODIS,187.2,0,312.1,100,2013,5,2013-05-28,28,high,high
34.4207,-118.8091,2013-02-21,Terra,MODIS,18.5,0,292.6,81,2013,2,2013-02-21,21,high,low
34.4255,-118.7656,2013-03-11,Terra,MODIS,19.0,0,302.1,82,2013,3,2013-03-11,11,high,low
34.5093,-118.6406,2013-05-17,Aqua,MODIS,187.6,0,309.1,100,2013,5,2013-05-17,17,high,high
34.5122,-118.625,2013-05-17,Aqua,MODIS,119.2,0,302.2,85,2013,5,2013-05-17,17,high,high
34.5244,-117.9513,2013-02-07,Terra,MODIS,6.6,0,297.0,70,2013,2,2013-02-07,7,medium,low
34.5279,-117.9525,2013-02-05,Terra,MODIS,7.0,0,297.0,69,2013,2,2013-02-05,5,medium,low
34.5301,-117.9488,2013-01-31,Terra,MODIS,6.0,0,291.7,66,2013,1,2013-01-31,31,medium,low
34.5302,-117.9549,2013-01-29,Terra,MODIS,4.4,0,282.1,50,2013,1,2013-01-29,29,medium,low
34.5482,-119.774,2013-05-28,Terra,MODIS,22.6,0,308.8,50,2013,5,2013-05-28,28,medium,medium-low
34.5567,-119.7657,2013-05-28,Terra,MODIS,43.3,0,308.8,93,2013,5,2013-05-28,28,high,medium-low
34.5583,-119.7765,2013-05-28,Terra,MODIS,125.5,0,310.9,100,2013,5,2013-05-28,28,high,high
34.58,-118.5243,2013-06-01,Aqua,MODIS,281.6,0,317.3,99,2013,6,2013-06-01,1,high,high
34.5813,-118.4976,2013-06-01,Terra,MODIS,29.7,0,314.6,82,2013,6,2013-06-01,1,high,medium-low
34.5823,-118.4941,2013-06-01,Aqua,MODIS,200.7,0,314.4,95,2013,6,2013-06-01,1,high,high
34.5829,-118.5125,2013-06-01,Terra,MODIS,2753.0,0,335.3,100,2013,6,2013-06-01,1,high,high
34.5832,-118.5299,2013-06-01,Aqua,MODIS,243.9,0,318.1,98,2013,6,2013-06-01,1,high,high
34.5845,-118.5281,2013-06-01,Terra,MODIS,2761.1,0,329.2,100,2013,6,2013-06-01,1,high,high
34.5852,-118.5003,2013-06-01,Aqua,MODIS,282.0,0,314.6,100,2013,6,2013-06-01,1,high,high
34.5864,-118.5454,2013-06-01,Terra,MODIS,185.6,0,297.7,100,2013,6,2013-06-01,1,high,high
34.5882,-118.562,2013-06-01,Terra,MODIS,66.2,0,287.5,86,2013,6,2013-06-01,1,high,medium-high
34.5888,-118.4622,2013-06-02,Terra,MODIS,56.6,0,310.8,71,2013,6,2013-06-02,2,high,medium-high
34.5889,-118.4746,2013-06-02,Aqua,MODIS,67.3,0,321.0,84,2013,6,2013-06-02,2,high,medium-high
34.5916,-118.4598,2013-06-02,Aqua,MODIS,194.4,0,325.5,100,2013,6,2013-06-02,2,high,high
34.5918,-118.4737,2013-06-02,Terra,MODIS,87.3,0,289.5,100,2013,6,2013-06-02,2,high,medium-high
34.5919,-118.4955,2013-06-01,Terra,MODIS,362.8,0,323.2,100,2013,6,2013-06-01,1,high,high
34.5921,-118.5531,2013-06-01,Aqua,MODIS,101.2,0,312.4,69,2013,6,2013-06-01,1,medium,medium-high
34.5936,-118.5116,2013-06-01,Terra,MODIS,2748.8,0,400.1,100,2013,6,2013-06-01,1,high,high
34.5942,-118.5254,2013-06-01,Aqua,MODIS,114.1,0,319.1,76,2013,6,2013-06-01,1,high,medium-high
34.5943,-118.4679,2013-06-02,Terra,MODIS,116.6,0,289.0,100,2013,6,2013-06-02,2,high,medium-high
34.5952,-118.4658,2013-06-02,Aqua,MODIS,362.0,0,339.5,100,2013,6,2013-06-02,2,high,high
34.5953,-118.5273,2013-06-01,Terra,MODIS,2761.7,0,400.1,100,2013,6,2013-06-01,1,high,high
34.5958,-118.456,2013-06-02,Aqua,MODIS,11.0,0,291.4,77,2013,6,2013-06-02,2,high,low
34.5969,-118.4504,2013-06-02,Terra,MODIS,56.4,0,285.0,98,2013,6,2013-06-02,2,high,medium-high
34.597,-118.5432,2013-06-01,Terra,MODIS,1367.0,0,311.3,100,2013,6,2013-06-01,1,high,high
34.5973,-118.4672,2013-06-02,Aqua,MODIS,7.3,0,290.4,57,2013,6,2013-06-02,2,medium,low
34.5977,-118.4956,2013-05-31,Aqua,MODIS,280.7,0,311.9,100,2013,5,2013-05-31,31,high,high
34.5981,-118.4506,2013-06-02,Aqua,MODIS,74.7,0,317.3,85,2013,6,2013-06-02,2,high,medium-high
34.5989,-118.5601,2013-06-01,Terra,MODIS,156.7,0,280.1,87,2013,6,2013-06-01,1,high,high
34.5995,-118.4842,2013-05-31,Aqua,MODIS,313.1,0,316.1,100,2013,5,2013-05-31,31,high,high
34.5995,-118.4768,2013-06-02,Aqua,MODIS,193.9,0,331.6,100,2013,6,2013-06-02,2,high,high
34.6002,-118.4603,2013-06-02,Terra,MODIS,303.6,0,314.7,100,2013,6,2013-06-02,2,high,high
34.6023,-118.4613,2013-06-02,Aqua,MODIS,429.7,0,331.9,100,2013,6,2013-06-02,2,high,high
34.6025,-118.4936,2013-06-01,Terra,MODIS,50.2,0,321.5,66,2013,6,2013-06-01,1,medium,medium-high
34.6039,-118.4791,2013-06-02,Terra,MODIS,157.9,0,319.8,100,2013,6,2013-06-02,2,high,high
34.6041,-118.4588,2013-05-31,Terra,MODIS,1150.0,0,313.2,100,2013,5,2013-05-31,31,high,high
34.6043,-118.5101,2013-06-01,Terra,MODIS,750.2,0,344.2,100,2013,6,2013-06-01,1,high,high
34.6049,-118.5093,2013-05-31,Aqua,MODIS,67.3,0,306.4,97,2013,5,2013-05-31,31,high,medium-high
34.6059,-118.4672,2013-06-02,Aqua,MODIS,212.1,0,327.9,100,2013,6,2013-06-02,2,high,high
34.6061,-118.5262,2013-06-01,Terra,MODIS,2764.8,0,365.2,100,2013,6,2013-06-01,1,high,high
34.6063,-118.5534,2013-06-01,Aqua,MODIS,219.9,0,310.1,93,2013,6,2013-06-01,1,high,high
34.6068,-118.4977,2013-05-31,Aqua,MODIS,1714.9,0,400.1,100,2013,5,2013-05-31,31,high,high
34.6079,-118.5426,2013-06-01,Terra,MODIS,660.4,0,317.6,100,2013,6,2013-06-01,1,high,high
34.6084,-118.5262,2013-06-01,Aqua,MODIS,123.4,0,316.9,65,2013,6,2013-06-01,1,medium,high
34.6085,-118.4503,2013-05-31,Terra,MODIS,990.1,0,320.2,100,2013,5,2013-05-31,31,high,high
34.6086,-118.4861,2013-05-31,Aqua,MODIS,1731.7,0,400.1,100,2013,5,2013-05-31,31,high,high
34.6096,-118.559,2013-06-01,Terra,MODIS,117.8,0,285.2,86,2013,6,2013-06-01,1,high,medium-high
34.6097,-118.5584,2013-06-01,Aqua,MODIS,255.1,0,309.0,92,2013,6,2013-06-01,1,high,high
34.6105,-118.4874,2013-05-31,Terra,MODIS,892.5,0,306.1,100,2013,5,2013-05-31,31,high,high
34.6105,-118.4746,2013-05-31,Aqua,MODIS,195.0,0,330.0,100,2013,5,2013-05-31,31,high,high
34.6115,-118.5317,2013-06-01,Aqua,MODIS,242.1,0,316.6,94,2013,6,2013-06-01,1,high,high
34.6116,-118.4264,2013-05-31,Terra,MODIS,179.9,0,311.2,86,2013,5,2013-05-31,31,high,high
34.6121,-118.4545,2013-05-31,Terra,MODIS,15.1,0,292.8,75,2013,5,2013-05-31,31,high,low
34.6123,-118.4632,2013-05-31,Aqua,MODIS,55.1,0,320.8,95,2013,5,2013-05-31,31,high,medium-high
34.6132,-118.4919,2013-06-01,Terra,MODIS,40.6,0,322.4,56,2013,6,2013-06-01,1,medium,medium-low
34.6147,-118.4316,2013-05-31,Aqua,MODIS,30.9,0,294.5,100,2013,5,2013-05-31,31,high,medium-low
34.6149,-118.5078,2013-06-01,Terra,MODIS,465.4,0,325.9,100,2013,6,2013-06-01,1,high,high
34.6152,-118.4801,2013-05-31,Terra,MODIS,2091.7,0,322.7,100,2013,5,2013-05-31,31,high,high
34.6158,-118.4413,2013-05-31,Aqua,MODIS,43.5,0,323.4,90,2013,5,2013-05-31,31,high,medium-low
34.6158,-118.4181,2013-05-31,Terra,MODIS,112.2,0,308.9,77,2013,5,2013-05-31,31,high,medium-high
34.6159,-118.4998,2013-05-31,Aqua,MODIS,232.0,0,315.9,100,2013,5,2013-05-31,31,high,high
34.6165,-118.4428,2013-05-31,Aqua,MODIS,217.4,0,302.5,100,2013,5,2013-05-31,31,high,high
34.6166,-118.5234,2013-06-01,Terra,MODIS,298.6,0,317.9,100,2013,6,2013-06-01,1,high,high
34.6177,-118.4884,2013-05-31,Aqua,MODIS,652.2,0,333.9,100,2013,5,2013-05-31,31,high,high
34.6179,-118.4551,2013-05-31,Terra,MODIS,852.8,0,329.2,100,2013,5,2013-05-31,31,high,high
34.6183,-118.4543,2013-05-31,Aqua,MODIS,18.3,0,291.5,97,2013,5,2013-05-31,31,high,low
34.6186,-118.5009,2013-06-01,Terra,MODIS,957.4,0,331.7,100,2013,6,2013-06-01,1,high,high
34.6195,-118.4768,2013-05-31,Aqua,MODIS,367.2,0,325.6,100,2013,5,2013-05-31,31,high,high
34.62,-118.4657,2013-05-31,Aqua,MODIS,6.4,0,289.5,54,2013,5,2013-05-31,31,medium,low
34.6203,-118.557,2013-06-01,Terra,MODIS,71.7,0,289.8,75,2013,6,2013-06-01,1,high,medium-high
34.6203,-118.5168,2013-06-01,Terra,MODIS,1121.2,0,324.3,100,2013,6,2013-06-01,1,high,high
34.6214,-118.4653,2013-05-31,Aqua,MODIS,102.9,0,318.3,100,2013,5,2013-05-31,31,high,medium-high
34.622,-118.5721,2013-06-01,Terra,MODIS,39.3,0,278.7,58,2013,6,2013-06-01,1,medium,medium-low
34.622,-118.4737,2013-06-01,Terra,MODIS,65.9,0,318.9,73,2013,6,2013-06-01,1,high,medium-high
34.6221,-118.4462,2013-05-31,Terra,MODIS,562.2,0,319.8,100,2013,5,2013-05-31,31,high,high
34.6238,-118.4898,2013-06-01,Terra,MODIS,89.1,0,319.8,81,2013,6,2013-06-01,1,high,medium-high
34.6242,-118.4357,2013-05-31,Aqua,MODIS,9.0,0,294.6,52,2013,5,2013-05-31,31,medium,low
34.6243,-118.4841,2013-05-31,Terra,MODIS,494.3,0,316.0,100,2013,5,2013-05-31,31,high,high
34.6253,-118.5656,2013-06-01,Terra,MODIS,35.7,0,286.2,62,2013,6,2013-06-01,1,medium,medium-low
34.6254,-118.5286,2013-06-02,Terra,MODIS,89.1,0,316.1,75,2013,6,2013-06-02,2,high,medium-high
34.6255,-118.539,2013-06-02,Aqua,MODIS,69.2,0,315.1,63,2013,6,2013-06-02,2,medium,medium-high
34.6255,-118.5053,2013-06-01,Terra,MODIS,1477.8,0,346.1,100,2013,6,2013-06-01,1,high,high
34.6257,-118.5329,2013-06-01,Aqua,MODIS,179.4,0,311.3,81,2013,6,2013-06-01,1,high,high
34.6259,-118.4669,2013-06-01,Terra,MODIS,66.1,0,316.0,52,2013,6,2013-06-01,1,medium,medium-high
34.626,-118.4468,2013-05-31,Aqua,MODIS,8.6,0,293.5,54,2013,5,2013-05-31,31,medium,low
34.6274,-118.5224,2013-06-01,Terra,MODIS,256.7,0,312.9,100,2013,6,2013-06-01,1,high,high
34.6285,-118.5229,2013-06-02,Aqua,MODIS,320.9,0,327.8,100,2013,6,2013-06-02,2,high,high
34.6289,-118.476,2013-05-31,Terra,MODIS,149.6,0,310.2,87,2013,5,2013-05-31,31,high,high
34.6292,-118.4984,2013-06-01,Terra,MODIS,512.2,0,326.4,100,2013,6,2013-06-01,1,high,high
34.631,-118.5152,2013-06-01,Terra,MODIS,403.4,0,318.4,100,2013,6,2013-06-01,1,high,high
34.6333,-118.5086,2013-06-02,Terra,MODIS,212.7,0,318.3,100,2013,6,2013-06-02,2,high,high
34.6345,-118.5196,2013-06-02,Terra,MODIS,924.0,0,321.3,100,2013,6,2013-06-02,2,high,high
34.6365,-118.5251,2013-06-02,Terra,MODIS,844.7,0,317.3,100,2013,6,2013-06-02,2,high,high
34.638000000000005,-118.5371,2013-06-02,Terra,MODIS,171.2,0,307.6,100,2013,6,2013-06-02,2,high,high
34.6389,-118.5264,2013-06-02,Aqua,MODIS,145.2,0,310.2,95,2013,6,2013-06-02,2,high,high
34.6483,-118.4628,2013-06-02,Terra,MODIS,51.3,0,290.7,66,2013,6,2013-06-02,2,medium,medium-high
34.6534,-118.4386,2013-06-02,Terra,MODIS,118.8,0,290.2,100,2013,6,2013-06-02,2,high,medium-high
34.6535,-118.4963,2013-06-02,Terra,MODIS,221.2,0,312.0,99,2013,6,2013-06-02,2,high,high
34.6554,-118.4968,2013-06-02,Aqua,MODIS,176.6,0,313.3,100,2013,6,2013-06-02,2,high,high
34.6564,-118.4317,2013-06-02,Aqua,MODIS,56.3,0,307.9,66,2013,6,2013-06-02,2,medium,medium-high
34.6584,-118.4153,2013-06-02,Terra,MODIS,80.0,0,287.1,100,2013,6,2013-06-02,2,high,medium-high
34.6608,-118.4677,2013-06-02,Terra,MODIS,81.3,0,293.4,100,2013,6,2013-06-02,2,high,medium-high
34.6611,-118.4014,2013-06-02,Aqua,MODIS,23.5,0,299.0,100,2013,6,2013-06-02,2,high,medium-low
34.6617,-118.4187,2013-06-02,Terra,MODIS,87.9,0,312.8,69,2013,6,2013-06-02,2,medium,medium-high
34.6625,-118.4824,2013-06-02,Aqua,MODIS,13.3,0,292.4,91,2013,6,2013-06-02,2,high,low
34.6626,-118.4127,2013-06-02,Aqua,MODIS,58.8,0,309.6,100,2013,6,2013-06-02,2,high,medium-high
34.664,-118.4936,2013-06-02,Aqua,MODIS,43.8,0,293.6,100,2013,6,2013-06-02,2,high,medium-low
34.6641,-118.424,2013-06-02,Aqua,MODIS,29.2,0,299.4,100,2013,6,2013-06-02,2,high,medium-low
34.6649,-118.4944,2013-06-02,Terra,MODIS,80.6,0,309.4,68,2013,6,2013-06-02,2,medium,medium-high
34.6659,-118.4436,2013-06-02,Terra,MODIS,344.5,0,297.8,100,2013,6,2013-06-02,2,high,high
34.666,-118.4987,2013-06-02,Aqua,MODIS,116.3,0,310.2,90,2013,6,2013-06-02,2,high,medium-high
34.6668,-118.4982,2013-06-02,Terra,MODIS,43.9,0,289.3,62,2013,6,2013-06-02,2,medium,medium-low
34.6672,-118.3769,2013-06-02,Aqua,MODIS,91.4,0,299.3,100,2013,6,2013-06-02,2,high,medium-high
34.6672,-118.2897,2013-10-26,Terra,MODIS,10.1,0,310.9,64,2013,10,2013-10-26,26,medium,low
34.6688,-118.3883,2013-06-02,Aqua,MODIS,58.8,0,298.3,100,2013,6,2013-06-02,2,high,medium-high
34.6689,-118.493,2013-06-02,Terra,MODIS,60.2,0,290.4,99,2013,6,2013-06-02,2,high,medium-high
34.6689,-118.483,2013-06-02,Aqua,MODIS,201.1,0,314.3,100,2013,6,2013-06-02,2,high,high
34.6708,-118.4201,2013-06-02,Terra,MODIS,1049.3,0,299.2,100,2013,6,2013-06-02,2,high,high
34.6716,-118.4802,2013-06-02,Aqua,MODIS,42.8,0,298.4,100,2013,6,2013-06-02,2,high,medium-low
34.672,-118.4743,2013-06-02,Terra,MODIS,131.6,0,296.2,100,2013,6,2013-06-02,2,high,high
34.6726,-118.474,2013-06-02,Terra,MODIS,91.6,0,313.0,82,2013,6,2013-06-02,2,high,medium-high
34.6731,-118.4915,2013-06-02,Aqua,MODIS,63.1,0,298.1,100,2013,6,2013-06-02,2,high,medium-high
34.6734,-118.353,2013-06-02,Aqua,MODIS,7.8,0,294.7,72,2013,6,2013-06-02,2,high,low
34.6738,-118.4699,2013-06-02,Terra,MODIS,245.1,0,297.3,100,2013,6,2013-06-02,2,high,high
34.6749,-118.3642,2013-06-02,Aqua,MODIS,81.8,0,302.2,100,2013,6,2013-06-02,2,high,medium-high
34.6758,-118.3966,2013-06-02,Terra,MODIS,181.9,0,286.0,100,2013,6,2013-06-02,2,high,high
34.6763,-118.4925,2013-06-02,Terra,MODIS,83.1,0,305.2,76,2013,6,2013-06-02,2,high,medium-high
34.6764,-118.3754,2013-06-02,Aqua,MODIS,157.9,0,315.5,100,2013,6,2013-06-02,2,high,high
34.6767,-118.4527,2013-06-02,Terra,MODIS,176.9,0,293.6,100,2013,6,2013-06-02,2,high,high
34.6771,-118.4381,2013-06-02,Aqua,MODIS,36.2,0,307.4,56,2013,6,2013-06-02,2,medium,medium-low
34.6779,-118.3867,2013-06-02,Aqua,MODIS,102.5,0,309.4,100,2013,6,2013-06-02,2,high,medium-high
34.6785,-118.4477,2013-06-02,Terra,MODIS,204.6,0,291.6,100,2013,6,2013-06-02,2,high,high
34.6793,-118.4675,2013-06-02,Aqua,MODIS,35.9,0,297.7,100,2013,6,2013-06-02,2,high,medium-low
34.6794,-118.4854,2013-06-02,Aqua,MODIS,934.8,0,323.7,100,2013,6,2013-06-02,2,high,high
34.6794,-118.3978,2013-06-02,Aqua,MODIS,22.0,0,298.3,99,2013,6,2013-06-02,2,high,medium-low
34.68,-118.4224,2013-06-02,Aqua,MODIS,42.2,0,309.1,69,2013,6,2013-06-02,2,medium,medium-low
34.6807,-118.4786,2013-06-02,Aqua,MODIS,45.7,0,295.2,100,2013,6,2013-06-02,2,high,medium-low
34.6809,-118.409,2013-06-02,Aqua,MODIS,16.3,0,297.4,85,2013,6,2013-06-02,2,high,low
34.681999999999995,-118.4713,2013-06-02,Aqua,MODIS,486.2,0,313.7,100,2013,6,2013-06-02,2,high,high
34.681999999999995,-118.4284,2013-06-02,Terra,MODIS,517.1,0,296.1,100,2013,6,2013-06-02,2,high,high
34.6824,-118.4203,2013-06-02,Aqua,MODIS,46.6,0,300.3,100,2013,6,2013-06-02,2,high,medium-high
34.6836,-118.4234,2013-06-02,Terra,MODIS,615.9,0,294.9,100,2013,6,2013-06-02,2,high,high
34.6839,-118.493,2013-06-02,Aqua,MODIS,51.1,0,307.1,79,2013,6,2013-06-02,2,high,medium-high
34.6839,-118.4316,2013-06-02,Aqua,MODIS,22.5,0,293.1,93,2013,6,2013-06-02,2,high,medium-low
34.6846,-118.4788,2013-06-02,Terra,MODIS,173.6,0,288.9,100,2013,6,2013-06-02,2,high,high
34.6855,-118.3739,2013-06-02,Aqua,MODIS,31.6,0,299.8,100,2013,6,2013-06-02,2,high,medium-low
34.6864,-118.4745,2013-06-02,Terra,MODIS,115.8,0,287.7,100,2013,6,2013-06-02,2,high,medium-high
34.6866,-118.4788,2013-06-02,Aqua,MODIS,353.6,0,312.1,100,2013,6,2013-06-02,2,high,high
34.6868,-118.4059,2013-06-02,Terra,MODIS,279.5,0,288.2,100,2013,6,2013-06-02,2,high,high
34.687,-118.3851,2013-06-02,Aqua,MODIS,47.7,0,301.0,100,2013,6,2013-06-02,2,high,medium-high
34.6876,-118.4407,2013-06-02,Aqua,MODIS,275.6,0,313.6,100,2013,6,2013-06-02,2,high,high
34.6877,-118.4304,2013-06-02,Terra,MODIS,73.0,0,314.0,83,2013,6,2013-06-02,2,high,medium-high
34.6882,-118.4013,2013-06-02,Terra,MODIS,139.4,0,284.8,100,2013,6,2013-06-02,2,high,high
34.6885,-118.3963,2013-06-02,Aqua,MODIS,230.2,0,317.5,100,2013,6,2013-06-02,2,high,high
34.6894,-118.4637,2013-06-02,Aqua,MODIS,36.7,0,304.1,72,2013,6,2013-06-02,2,high,medium-low
34.6894,-118.4562,2013-06-02,Terra,MODIS,56.5,0,287.2,89,2013,6,2013-06-02,2,high,medium-high
34.6899,-120.214,2013-02-01,Terra,MODIS,22.5,0,293.5,74,2013,2,2013-02-01,1,high,medium-low
34.69,-118.4075,2013-06-02,Aqua,MODIS,457.0,0,323.1,100,2013,6,2013-06-02,2,high,high
34.6903,-118.4257,2013-06-02,Aqua,MODIS,385.8,0,317.7,100,2013,6,2013-06-02,2,high,high
34.6912,-118.4513,2013-06-02,Terra,MODIS,32.6,0,286.4,82,2013,6,2013-06-02,2,high,medium-low
34.6915,-118.4188,2013-06-02,Aqua,MODIS,828.0,0,328.1,100,2013,6,2013-06-02,2,high,high
34.6923,-118.4485,2013-06-02,Aqua,MODIS,32.9,0,307.6,56,2013,6,2013-06-02,2,medium,medium-low
34.6925,-118.474,2013-06-02,Aqua,MODIS,93.5,0,302.7,94,2013,6,2013-06-02,2,high,medium-high
34.693000000000005,-118.4301,2013-06-02,Aqua,MODIS,139.6,0,298.1,100,2013,6,2013-06-02,2,high,high
34.6934,-120.2319,2013-02-01,Terra,MODIS,18.5,0,293.2,71,2013,2,2013-02-01,1,high,low
34.6944,-118.4334,2013-06-02,Terra,MODIS,44.7,0,285.0,95,2013,6,2013-06-02,2,high,medium-low
34.6951,-118.4337,2013-06-02,Aqua,MODIS,470.2,0,322.0,100,2013,6,2013-06-02,2,high,high
34.6951,-118.4077,2013-06-02,Terra,MODIS,183.2,0,317.6,100,2013,6,2013-06-02,2,high,high
34.6959,-118.4288,2013-06-02,Terra,MODIS,33.2,0,284.4,83,2013,6,2013-06-02,2,high,medium-low
34.6967,-118.4598,2013-06-03,Terra,MODIS,35.4,0,294.4,89,2013,6,2013-06-03,3,high,medium-low
34.6977,-118.3948,2013-06-02,Aqua,MODIS,8.1,0,294.6,77,2013,6,2013-06-02,2,high,low
34.6978,-118.4189,2013-06-02,Aqua,MODIS,86.4,0,309.9,94,2013,6,2013-06-02,2,high,medium-high
34.6979,-118.4441,2013-06-02,Aqua,MODIS,57.0,0,308.2,76,2013,6,2013-06-02,2,high,medium-high
34.6983,-118.4467,2013-06-03,Terra,MODIS,81.3,0,298.3,100,2013,6,2013-06-03,3,high,medium-high
34.6987,-118.4258,2013-06-02,Terra,MODIS,97.2,0,316.1,93,2013,6,2013-06-02,2,high,medium-high
34.6992,-118.4061,2013-06-02,Aqua,MODIS,17.8,0,296.8,100,2013,6,2013-06-02,2,high,low
34.6998,-118.4338,2013-06-03,Terra,MODIS,9.9,0,290.2,69,2013,6,2013-06-03,3,medium,low
34.7006,-118.4294,2013-06-02,Aqua,MODIS,199.9,0,311.6,100,2013,6,2013-06-02,2,high,high
34.7007,-118.4173,2013-06-02,Aqua,MODIS,14.5,0,293.5,95,2013,6,2013-06-02,2,high,low
34.7026,-118.4609,2013-06-03,Aqua,MODIS,33.7,0,287.5,66,2013,6,2013-06-03,3,medium,medium-low
34.7032,-118.4867,2013-06-03,Terra,MODIS,57.3,0,293.1,100,2013,6,2013-06-03,3,high,medium-high
34.7033,-118.4145,2013-06-02,Aqua,MODIS,47.1,0,307.8,82,2013,6,2013-06-02,2,high,medium-high
34.7059,-118.4508,2013-06-03,Aqua,MODIS,39.2,0,288.3,72,2013,6,2013-06-03,3,high,medium-low
34.7079,-118.4483,2013-06-03,Terra,MODIS,75.3,0,297.2,100,2013,6,2013-06-03,3,high,medium-high
34.7082,-118.4222,2013-06-02,Aqua,MODIS,40.9,0,307.6,77,2013,6,2013-06-02,2,high,medium-low
34.7091,-118.4903,2013-06-03,Aqua,MODIS,35.6,0,288.5,66,2013,6,2013-06-03,3,medium,medium-low
34.7094,-118.4354,2013-06-03,Terra,MODIS,23.6,0,292.1,100,2013,6,2013-06-03,3,high,medium-low
34.7126,-118.4802,2013-06-03,Aqua,MODIS,58.9,0,289.0,89,2013,6,2013-06-03,3,high,medium-high
34.7127,-118.4883,2013-06-03,Terra,MODIS,65.0,0,295.0,100,2013,6,2013-06-03,3,high,medium-high
34.7156,-118.4884,2013-06-03,Terra,MODIS,536.9,0,317.7,100,2013,6,2013-06-03,3,high,high
34.7158,-118.4946,2013-06-03,Terra,MODIS,14.3,0,291.2,82,2013,6,2013-06-03,3,high,low
34.7173,-118.4816,2013-06-03,Terra,MODIS,39.1,0,295.6,100,2013,6,2013-06-03,3,high,medium-low
34.719,-118.4371,2013-06-03,Terra,MODIS,13.1,0,291.3,84,2013,6,2013-06-03,3,high,low
34.7493,-118.9313,2013-05-16,Aqua,MODIS,63.8,0,287.1,50,2013,5,2013-05-16,16,medium,medium-high
34.7549,-118.9383,2013-05-16,Aqua,MODIS,628.9,0,291.6,100,2013,5,2013-05-16,16,high,high
34.7571,-118.9067,2013-05-16,Aqua,MODIS,320.2,0,279.9,99,2013,5,2013-05-16,16,high,high
34.7615,-118.9149,2013-05-16,Terra,MODIS,98.5,0,298.5,94,2013,5,2013-05-16,16,high,medium-high
34.7629,-118.9349,2013-05-16,Aqua,MODIS,991.2,0,293.3,100,2013,5,2013-05-16,16,high,high
34.763000000000005,-118.9301,2013-05-16,Terra,MODIS,242.1,0,299.6,100,2013,5,2013-05-16,16,high,high
34.7636,-118.9306,2013-05-16,Terra,MODIS,48.0,0,281.9,100,2013,5,2013-05-16,16,high,medium-high
34.7654,-118.9027,2013-05-16,Aqua,MODIS,157.0,0,279.7,82,2013,5,2013-05-16,16,high,high
34.7656,-118.9116,2013-05-16,Terra,MODIS,467.0,0,294.7,100,2013,5,2013-05-16,16,high,high
34.7674,-118.8933,2013-05-16,Terra,MODIS,21.8,0,283.0,57,2013,5,2013-05-16,16,medium,medium-low
34.7683,-118.9435,2013-05-16,Aqua,MODIS,306.4,0,289.4,98,2013,5,2013-05-16,16,high,high
34.7707,-118.9111,2013-05-16,Aqua,MODIS,144.3,0,283.8,85,2013,5,2013-05-16,16,high,high
34.7723,-118.9119,2013-05-16,Terra,MODIS,511.0,0,308.5,100,2013,5,2013-05-16,16,high,high
34.7738,-118.9264,2013-05-16,Terra,MODIS,1528.6,0,317.9,100,2013,5,2013-05-16,16,high,high
34.7744,-118.9351,2013-05-16,Terra,MODIS,78.4,0,280.3,100,2013,5,2013-05-16,16,high,medium-high
34.7746,-118.9202,2013-05-16,Terra,MODIS,1346.9,0,318.3,100,2013,5,2013-05-16,16,high,high
34.7761,-118.9351,2013-05-16,Terra,MODIS,292.0,0,299.7,100,2013,5,2013-05-16,16,high,high
34.7762,-118.9415,2013-05-16,Aqua,MODIS,94.8,0,284.4,71,2013,5,2013-05-16,16,high,medium-high
34.7763,-118.9162,2013-05-16,Terra,MODIS,378.1,0,288.8,100,2013,5,2013-05-16,16,high,high
34.7765,-118.924,2013-05-16,Terra,MODIS,218.8,0,287.1,100,2013,5,2013-05-16,16,high,high
34.7784,-118.9038,2013-05-16,Terra,MODIS,78.7,0,283.6,100,2013,5,2013-05-16,16,high,medium-high
34.7847,-118.9233,2013-05-16,Terra,MODIS,41.1,0,301.5,69,2013,5,2013-05-16,16,medium,medium-low
34.7855,-118.9175,2013-05-16,Terra,MODIS,49.3,0,304.2,81,2013,5,2013-05-16,16,high,medium-high
34.7873,-118.9191,2013-05-16,Terra,MODIS,63.3,0,280.9,100,2013,5,2013-05-16,16,high,medium-high
34.7875,-118.9269,2013-05-16,Terra,MODIS,50.7,0,279.3,100,2013,5,2013-05-16,16,high,medium-high
34.7952,-118.9079,2013-05-15,Aqua,MODIS,118.7,0,308.4,100,2013,5,2013-05-15,15,high,medium-high
34.7967,-118.9175,2013-05-16,Terra,MODIS,22.2,0,303.8,53,2013,5,2013-05-16,16,medium,medium-low
34.7969,-118.8968,2013-05-15,Aqua,MODIS,45.0,0,302.0,91,2013,5,2013-05-15,15,high,medium-low
34.7987,-118.927,2013-05-16,Terra,MODIS,22.9,0,277.9,79,2013,5,2013-05-16,16,high,medium-low
34.8043,-118.9104,2013-05-15,Aqua,MODIS,1855.6,0,400.1,100,2013,5,2013-05-15,15,high,high
34.8059,-118.5262,2013-02-05,Terra,MODIS,7.5,0,297.2,68,2013,2,2013-02-05,5,medium,low
34.8061,-118.8992,2013-05-15,Aqua,MODIS,732.3,0,329.4,100,2013,5,2013-05-15,15,high,high
34.8134,-118.913,2013-05-15,Aqua,MODIS,206.0,0,325.8,100,2013,5,2013-05-15,15,high,high
34.8153,-118.9017,2013-05-15,Aqua,MODIS,96.4,0,319.9,100,2013,5,2013-05-15,15,high,medium-high
34.8693,-118.9236,2013-07-19,Aqua,MODIS,98.7,0,306.4,78,2013,7,2013-07-19,19,high,medium-high
34.8747,-118.9283,2013-07-19,Aqua,MODIS,77.6,0,307.0,65,2013,7,2013-07-19,19,medium,medium-high
34.8769,-118.8971,2013-07-19,Aqua,MODIS,56.9,0,308.5,59,2013,7,2013-07-19,19,medium,medium-high
34.8919,-118.9411,2013-07-23,Aqua,MODIS,16.1,0,310.9,66,2013,7,2013-07-23,23,medium,low
34.8961,-118.9305,2013-07-23,Terra,MODIS,143.0,0,298.5,72,2013,7,2013-07-23,23,high,high
34.9166,-118.3384,2013-10-15,Aqua,MODIS,13.5,0,307.8,70,2013,10,2013-10-15,15,medium,low
34.9188,-118.3258,2013-10-15,Aqua,MODIS,10.2,0,308.3,67,2013,10,2013-10-15,15,medium,low
34.9234,-120.4896,2013-06-27,Aqua,MODIS,141.0,0,303.3,83,2013,6,2013-06-27,27,high,high
34.9287,-118.348,2013-10-15,Aqua,MODIS,6.3,0,306.7,59,2013,10,2013-10-15,15,medium,low
34.9293,-120.5032,2013-06-07,Terra,MODIS,63.8,0,299.1,74,2013,6,2013-06-07,7,high,medium-high
34.9329,-120.2187,2013-09-19,Aqua,MODIS,55.1,0,305.7,54,2013,9,2013-09-19,19,medium,medium-high
34.933,-118.3229,2013-10-15,Aqua,MODIS,28.9,0,308.1,80,2013,10,2013-10-15,15,high,medium-low
34.9336,-114.5925,2013-12-03,Terra,MODIS,8.2,0,291.4,68,2013,12,2013-12-03,3,medium,low
34.9504,-120.2963,2013-02-22,Aqua,MODIS,7.9,0,295.0,63,2013,2,2013-02-22,22,medium,low
34.956,-114.6687,2013-03-06,Terra,MODIS,36.0,0,304.5,88,2013,3,2013-03-06,6,high,medium-low
34.9634,-120.3621,2013-04-04,Aqua,MODIS,21.7,0,303.2,80,2013,4,2013-04-04,4,high,medium-low
34.9666,-119.8952,2013-02-23,Terra,MODIS,8.7,0,289.5,63,2013,2,2013-02-23,23,medium,low
34.9705,-119.6507,2013-04-09,Aqua,MODIS,19.3,0,308.4,81,2013,4,2013-04-09,9,high,low
34.9706,-114.6646,2013-03-02,Terra,MODIS,16.6,0,304.7,73,2013,3,2013-03-02,2,high,low
34.9749,-119.672,2013-04-10,Terra,MODIS,15.6,0,313.2,82,2013,4,2013-04-10,10,high,low
34.9765,-119.6828,2013-04-10,Terra,MODIS,10.4,0,315.5,73,2013,4,2013-04-10,10,high,low
34.9803,-114.662,2013-03-02,Terra,MODIS,12.1,0,304.1,55,2013,3,2013-03-02,2,medium,low
35.0544,-120.3028,2013-03-01,Aqua,MODIS,8.5,0,304.2,60,2013,3,2013-03-01,1,medium,low
35.0783,-118.8985,2013-12-04,Terra,MODIS,75.3,0,286.9,94,2013,12,2013-12-04,4,high,medium-high
35.0808,-118.9122,2013-12-04,Terra,MODIS,13.8,0,285.5,68,2013,12,2013-12-04,4,medium,low
35.09,-118.9324,2013-02-28,Terra,MODIS,6.6,0,298.5,60,2013,2,2013-02-28,28,medium,low
35.1021,-119.1221,2013-02-12,Terra,MODIS,9.7,0,289.7,71,2013,2,2013-02-12,12,high,low
35.104,-119.1338,2013-02-12,Terra,MODIS,13.0,0,290.0,75,2013,2,2013-02-12,12,high,low
35.1247,-118.8465,2013-12-21,Aqua,MODIS,9.4,0,292.8,62,2013,12,2013-12-21,21,medium,low
35.1444,-118.8205,2013-11-05,Terra,MODIS,52.9,0,294.0,67,2013,11,2013-11-05,5,medium,medium-high
35.1538,-118.8304,2013-11-05,Aqua,MODIS,12.2,0,300.4,74,2013,11,2013-11-05,5,high,low
35.1538,-118.8239,2013-11-05,Terra,MODIS,74.1,0,294.9,73,2013,11,2013-11-05,5,high,medium-high
35.1607,-120.0331,2013-06-02,Aqua,MODIS,15.1,0,291.9,82,2013,6,2013-06-02,2,high,low
35.1619,-120.038,2013-06-02,Terra,MODIS,63.1,0,293.1,94,2013,6,2013-06-02,2,high,medium-high
35.1651,-120.0461,2013-06-02,Terra,MODIS,47.5,0,292.3,84,2013,6,2013-06-02,2,high,medium-high
35.1776,-118.8321,2013-06-11,Terra,MODIS,26.2,0,308.1,78,2013,6,2013-06-11,11,high,medium-low
35.1792,-118.8375,2013-06-11,Terra,MODIS,18.0,0,310.8,67,2013,6,2013-06-11,11,medium,low
35.1806,-118.8362,2013-05-19,Terra,MODIS,15.0,0,314.8,57,2013,5,2013-05-19,19,medium,low
35.1841,-118.8343,2013-05-26,Terra,MODIS,20.2,0,311.5,68,2013,5,2013-05-26,26,medium,low
35.2128,-118.8538,2013-03-22,Terra,MODIS,19.2,0,297.7,58,2013,3,2013-03-22,22,medium,low
35.2155,-118.8551,2013-12-04,Terra,MODIS,23.0,0,287.1,78,2013,12,2013-12-04,4,high,medium-low
35.226,-118.8713,2013-02-23,Terra,MODIS,4.8,0,291.7,50,2013,2,2013-02-23,23,medium,low
35.2287,-118.1986,2013-10-15,Aqua,MODIS,13.5,0,301.3,64,2013,10,2013-10-15,15,medium,low
35.2445,-118.9191,2013-02-28,Terra,MODIS,7.8,0,297.3,59,2013,2,2013-02-28,28,medium,low
35.2458,-118.8695,2013-02-28,Terra,MODIS,9.1,0,298.2,65,2013,2,2013-02-28,28,medium,low
35.2758,-119.4845,2013-12-08,Terra,MODIS,13.3,0,282.5,70,2013,12,2013-12-08,8,medium,low
35.3178,-118.8765,2013-02-07,Terra,MODIS,11.9,0,288.2,70,2013,2,2013-02-07,7,medium,low
35.354,-120.2384,2013-11-11,Aqua,MODIS,135.2,0,299.1,88,2013,11,2013-11-11,11,high,high
35.3574,-120.244,2013-11-11,Aqua,MODIS,109.3,0,297.6,85,2013,11,2013-11-11,11,high,medium-high
35.3583,-120.2371,2013-11-11,Terra,MODIS,13.6,0,300.2,74,2013,11,2013-11-11,11,high,low
35.36,-120.2481,2013-11-11,Terra,MODIS,6.2,0,300.4,57,2013,11,2013-11-11,11,medium,low
35.3674,-120.0722,2013-01-30,Aqua,MODIS,88.7,0,297.2,94,2013,1,2013-01-30,30,high,medium-high
35.3704,-120.0487,2013-02-06,Aqua,MODIS,2.7,0,294.5,60,2013,2,2013-02-06,6,medium,low
35.3705,-119.1922,2013-08-07,Terra,MODIS,15.0,0,310.8,53,2013,8,2013-08-07,7,medium,low
35.3709,-120.0496,2013-01-30,Aqua,MODIS,174.4,0,294.7,75,2013,1,2013-01-30,30,high,high
35.3713,-120.0486,2013-02-15,Aqua,MODIS,8.5,0,301.0,73,2013,2,2013-02-15,15,high,low
35.3729,-120.097,2013-01-30,Aqua,MODIS,12.4,0,297.0,57,2013,1,2013-01-30,30,medium,low
35.373000000000005,-120.0303,2013-11-04,Terra,MODIS,4.2,0,292.0,55,2013,11,2013-11-04,4,medium,low
35.3746,-120.0857,2013-01-30,Aqua,MODIS,115.7,0,298.4,87,2013,1,2013-01-30,30,high,medium-high
35.3749,-120.0517,2013-02-20,Aqua,MODIS,7.2,0,290.4,68,2013,2,2013-02-20,20,medium,low
35.3764,-120.0435,2013-02-03,Terra,MODIS,4.6,0,293.7,65,2013,2,2013-02-03,3,medium,low
35.3819,-120.0992,2013-01-30,Aqua,MODIS,306.4,0,300.8,94,2013,1,2013-01-30,30,high,high
35.4009,-120.0857,2013-01-30,Aqua,MODIS,10.1,0,297.2,64,2013,1,2013-01-30,30,medium,low
35.4053,-119.0197,2013-05-02,Aqua,MODIS,183.6,0,320.9,100,2013,5,2013-05-02,2,high,high
35.407,-119.002,2013-05-02,Aqua,MODIS,49.3,0,320.0,86,2013,5,2013-05-02,2,high,medium-high
35.4092,-119.1798,2013-12-05,Aqua,MODIS,8.2,0,285.5,54,2013,12,2013-12-05,5,medium,low
35.4239,-118.9975,2013-02-28,Terra,MODIS,15.0,0,299.7,77,2013,2,2013-02-28,28,high,low
35.4259,-119.0093,2013-02-28,Terra,MODIS,17.9,0,299.3,79,2013,2,2013-02-28,28,high,low
35.4607,-120.7651,2013-11-08,Terra,MODIS,28.9,0,294.8,64,2013,11,2013-11-08,8,medium,medium-low
35.4762,-119.365,2013-11-23,Aqua,MODIS,9.5,0,287.9,68,2013,11,2013-11-23,23,medium,low
35.4845,-119.2442,2013-02-14,Terra,MODIS,7.0,0,291.2,62,2013,2,2013-02-14,14,medium,low
35.5191,-119.2258,2013-02-14,Terra,MODIS,5.6,0,291.7,51,2013,2,2013-02-14,14,medium,low
35.5207,-119.237,2013-02-14,Terra,MODIS,8.1,0,289.8,66,2013,2,2013-02-14,14,medium,low
35.5216,-119.2261,2013-11-01,Terra,MODIS,20.5,0,294.9,50,2013,11,2013-11-01,1,medium,low
35.5307,-118.6937,2013-08-19,Aqua,MODIS,33.1,0,300.7,62,2013,8,2013-08-19,19,medium,medium-low
35.5361,-118.6909,2013-08-19,Terra,MODIS,56.0,0,297.6,52,2013,8,2013-08-19,19,medium,medium-high
35.5455,-119.3953,2013-01-28,Aqua,MODIS,5.3,0,288.1,54,2013,1,2013-01-28,28,medium,low
35.5588,-119.1407,2013-10-11,Aqua,MODIS,10.9,0,304.4,53,2013,10,2013-10-11,11,medium,low
35.572,-119.1675,2013-03-05,Aqua,MODIS,12.9,0,304.6,67,2013,3,2013-03-05,5,medium,low
35.5724,-120.5166,2013-03-13,Terra,MODIS,18.7,0,305.3,66,2013,3,2013-03-13,13,medium,low
35.5727,-119.1877,2013-02-26,Terra,MODIS,11.5,0,294.2,56,2013,2,2013-02-26,26,medium,low
35.5741,-119.1678,2013-03-05,Terra,MODIS,29.0,0,300.6,75,2013,3,2013-03-05,5,high,medium-low
35.5762,-119.1846,2013-02-28,Terra,MODIS,7.4,0,297.7,62,2013,2,2013-02-28,28,medium,low
35.5794,-119.1837,2013-03-05,Aqua,MODIS,17.2,0,304.2,72,2013,3,2013-03-05,5,high,low
35.5864,-120.7173,2013-02-06,Aqua,MODIS,4.1,0,294.0,50,2013,2,2013-02-06,6,medium,low
35.5993,-118.912,2013-07-09,Aqua,MODIS,22.0,0,328.0,90,2013,7,2013-07-09,9,high,medium-low
35.6009,-118.9011,2013-07-09,Aqua,MODIS,16.3,0,327.2,87,2013,7,2013-07-09,9,high,low
35.6203,-120.3639,2013-02-06,Aqua,MODIS,13.7,0,296.1,77,2013,2,2013-02-06,6,high,low
35.621,-115.3544,2013-01-09,Aqua,MODIS,5.0,0,287.7,62,2013,1,2013-01-09,9,medium,low
35.6213,-120.839,2013-07-07,Aqua,MODIS,19.1,0,315.9,69,2013,7,2013-07-07,7,medium,low
35.6232,-120.3612,2013-02-12,Terra,MODIS,11.6,0,294.8,76,2013,2,2013-02-12,12,high,low
35.6328,-120.4037,2013-12-20,Terra,MODIS,7.0,0,288.0,61,2013,12,2013-12-20,20,medium,low
35.6543,-119.2976,2013-10-29,Aqua,MODIS,27.5,0,286.6,74,2013,10,2013-10-29,29,high,medium-low
35.6971,-118.5974,2013-08-19,Terra,MODIS,10.8,0,290.8,66,2013,8,2013-08-19,19,medium,low
35.7001,-118.5809,2013-08-19,Terra,MODIS,16.4,0,289.9,80,2013,8,2013-08-19,19,high,low
35.7043,-118.6017,2013-08-19,Terra,MODIS,122.0,0,296.3,83,2013,8,2013-08-19,19,high,high
35.7051,-118.5891,2013-08-19,Terra,MODIS,24.3,0,291.2,95,2013,8,2013-08-19,19,high,medium-low
35.732,-119.0668,2013-02-13,Aqua,MODIS,23.7,0,294.5,81,2013,2,2013-02-13,13,high,medium-low
35.7334,-119.3016,2013-02-28,Terra,MODIS,7.4,0,297.8,52,2013,2,2013-02-28,28,medium,low
35.7343,-119.0718,2013-02-12,Aqua,MODIS,12.4,0,289.9,55,2013,2,2013-02-12,12,medium,low
35.7365,-120.6245,2013-03-18,Terra,MODIS,5.4,0,284.9,50,2013,3,2013-03-18,18,medium,low
35.7373,-119.2991,2013-01-29,Terra,MODIS,7.3,0,277.8,54,2013,1,2013-01-29,29,medium,low
35.7394,-119.3013,2013-12-04,Terra,MODIS,35.5,0,285.4,85,2013,12,2013-12-04,4,high,medium-low
35.7404,-119.0569,2013-02-12,Terra,MODIS,17.2,0,291.1,78,2013,2,2013-02-12,12,high,low
35.7405,-119.0643,2013-01-15,Terra,MODIS,20.8,0,281.9,73,2013,1,2013-01-15,15,high,medium-low
35.7412,-119.8864,2013-02-05,Terra,MODIS,7.3,0,293.7,70,2013,2,2013-02-05,5,medium,low
35.7423,-119.0685,2013-02-12,Terra,MODIS,15.6,0,288.2,77,2013,2,2013-02-12,12,high,low
35.7425,-119.2994,2013-02-28,Terra,MODIS,9.7,0,298.5,70,2013,2,2013-02-28,28,medium,low
35.7428,-119.8974,2013-02-05,Terra,MODIS,4.8,0,294.8,53,2013,2,2013-02-05,5,medium,low
35.7651,-114.9874,2013-11-06,Terra,MODIS,5.8,0,298.9,51,2013,11,2013-11-06,6,medium,low
35.7723,-114.974,2013-11-06,Terra,MODIS,41.0,0,299.7,81,2013,11,2013-11-06,6,high,medium-low
35.7756,-114.99,2013-11-18,Aqua,MODIS,37.6,0,299.5,90,2013,11,2013-11-18,18,high,medium-low
35.7775,-114.9779,2013-11-18,Aqua,MODIS,8.9,0,301.0,69,2013,11,2013-11-18,18,medium,low
35.7813,-114.9719,2013-11-06,Terra,MODIS,234.2,0,303.9,87,2013,11,2013-11-06,6,high,high
35.7936,-119.1879,2013-06-10,Aqua,MODIS,53.4,0,306.8,78,2013,6,2013-06-10,10,high,medium-high
35.8021,-120.8086,2013-05-29,Aqua,MODIS,41.3,0,322.3,94,2013,5,2013-05-29,29,high,medium-low
35.8085,-119.2735,2013-12-21,Aqua,MODIS,6.8,0,289.3,55,2013,12,2013-12-21,21,medium,low
35.8101,-119.2592,2013-12-21,Aqua,MODIS,12.4,0,289.9,68,2013,12,2013-12-21,21,medium,low
35.8178,-120.7288,2013-06-04,Terra,MODIS,8.3,0,313.5,69,2013,6,2013-06-04,4,medium,low
35.8619,-119.165,2013-12-21,Aqua,MODIS,15.5,0,289.3,71,2013,12,2013-12-21,21,high,low
35.8712,-119.2796,2013-02-26,Aqua,MODIS,6.8,0,296.7,61,2013,2,2013-02-26,26,medium,low
35.8743,-119.2632,2013-02-26,Aqua,MODIS,10.1,0,297.3,66,2013,2,2013-02-26,26,medium,low
35.8784,-119.2141,2013-04-17,Terra,MODIS,19.7,0,301.5,80,2013,4,2013-04-17,17,high,low
35.8802,-119.2257,2013-04-17,Terra,MODIS,5.9,0,304.5,53,2013,4,2013-04-17,17,medium,low
35.8934,-119.0435,2013-04-21,Terra,MODIS,13.2,0,311.5,59,2013,4,2013-04-21,21,medium,low
35.8986,-119.788,2013-11-23,Aqua,MODIS,19.7,0,292.2,81,2013,11,2013-11-23,23,high,low
35.9001,-121.2264,2013-05-22,Aqua,MODIS,119.2,0,316.5,100,2013,5,2013-05-22,22,high,high
35.9006,-119.7759,2013-11-23,Aqua,MODIS,12.8,0,292.3,76,2013,11,2013-11-23,23,high,low
35.9018,-121.2159,2013-06-12,Aqua,MODIS,14.9,0,319.3,52,2013,6,2013-06-12,12,medium,low
35.9039,-119.0367,2013-04-06,Terra,MODIS,29.0,0,302.0,76,2013,4,2013-04-06,6,high,medium-low
35.9046,-121.2341,2013-05-22,Aqua,MODIS,73.1,0,313.9,84,2013,5,2013-05-22,22,high,medium-high
35.9066,-121.2219,2013-05-22,Aqua,MODIS,107.6,0,322.4,100,2013,5,2013-05-22,22,high,medium-high
35.9102,-121.2102,2013-05-21,Terra,MODIS,22.9,0,311.2,82,2013,5,2013-05-21,21,high,medium-low
35.9139,-121.2364,2013-05-22,Aqua,MODIS,44.6,0,314.8,73,2013,5,2013-05-22,22,high,medium-low
35.917,-119.1229,2013-10-14,Terra,MODIS,39.1,0,298.9,83,2013,10,2013-10-14,14,high,medium-low
35.9187,-119.1268,2013-10-05,Terra,MODIS,10.9,0,302.7,54,2013,10,2013-10-05,5,medium,low
35.9191,-119.1272,2013-10-03,Terra,MODIS,24.5,0,299.9,82,2013,10,2013-10-03,3,high,medium-low
35.9207,-119.1381,2013-10-03,Terra,MODIS,9.5,0,297.6,62,2013,10,2013-10-03,3,medium,low
35.925,-121.2377,2013-05-22,Terra,MODIS,70.5,0,311.0,82,2013,5,2013-05-22,22,high,medium-high
35.9262,-120.8656,2013-05-03,Terra,MODIS,6.3,0,319.9,58,2013,5,2013-05-03,3,medium,low
35.9269,-121.2318,2013-05-22,Terra,MODIS,70.2,0,311.6,84,2013,5,2013-05-22,22,high,medium-high
35.9397,-120.9021,2013-03-28,Aqua,MODIS,13.9,0,288.5,70,2013,3,2013-03-28,28,medium,low
35.9459,-121.2798,2013-05-31,Terra,MODIS,27.4,0,285.3,74,2013,5,2013-05-31,31,high,medium-low
35.9529,-120.9169,2013-12-13,Terra,MODIS,4.9,0,286.1,52,2013,12,2013-12-13,13,medium,low
35.9561,-120.9076,2013-12-21,Aqua,MODIS,6.5,0,292.9,63,2013,12,2013-12-21,21,medium,low
35.958,-121.2835,2013-05-31,Terra,MODIS,73.2,0,286.2,100,2013,5,2013-05-31,31,high,medium-high
35.9581,-121.2692,2013-05-31,Aqua,MODIS,14.8,0,283.6,84,2013,5,2013-05-31,31,high,low
35.9597,-121.2808,2013-05-31,Aqua,MODIS,10.3,0,282.7,66,2013,5,2013-05-31,31,medium,low
36.0151,-118.2776,2013-08-21,Aqua,MODIS,62.8,0,287.9,84,2013,8,2013-08-21,21,high,medium-high
36.0172,-119.1286,2013-12-21,Aqua,MODIS,11.8,0,290.1,67,2013,12,2013-12-21,21,medium,low
36.0181,-119.2499,2013-08-01,Terra,MODIS,6.3,0,291.6,52,2013,8,2013-08-01,1,medium,low
36.0188,-118.2678,2013-08-23,Aqua,MODIS,15.3,0,282.2,58,2013,8,2013-08-23,23,medium,low
36.0196,-118.2678,2013-08-23,Terra,MODIS,20.5,0,306.9,65,2013,8,2013-08-23,23,medium,low
36.0197,-119.1249,2013-12-24,Terra,MODIS,11.2,0,286.4,68,2013,12,2013-12-24,24,medium,low
36.0243,-119.315,2013-01-10,Aqua,MODIS,15.0,0,281.0,51,2013,1,2013-01-10,10,medium,low
36.0314,-121.2741,2013-08-23,Terra,MODIS,72.2,0,311.1,100,2013,8,2013-08-23,23,high,medium-high
36.0341,-121.2639,2013-08-24,Terra,MODIS,66.8,0,308.0,55,2013,8,2013-08-24,24,medium,medium-high
36.0356,-121.2686,2013-08-23,Aqua,MODIS,85.3,0,310.2,52,2013,8,2013-08-23,23,medium,medium-high
36.0362,-121.264,2013-08-22,Aqua,MODIS,121.1,0,321.0,100,2013,8,2013-08-22,22,high,high
36.0367,-121.27,2013-08-24,Terra,MODIS,111.2,0,308.5,78,2013,8,2013-08-24,24,high,medium-high
36.0377,-121.2503,2013-08-22,Aqua,MODIS,99.7,0,318.0,100,2013,8,2013-08-22,22,high,medium-high
36.0388,-121.2764,2013-08-23,Aqua,MODIS,33.4,0,285.4,54,2013,8,2013-08-23,23,medium,medium-low
36.0399,-119.4647,2013-06-03,Terra,MODIS,6.4,0,293.4,59,2013,6,2013-06-03,3,medium,low
36.0403,-121.2722,2013-08-23,Terra,MODIS,162.6,0,316.8,100,2013,8,2013-08-23,23,high,high
36.0419,-121.2831,2013-08-23,Terra,MODIS,34.7,0,307.4,57,2013,8,2013-08-23,23,medium,medium-low
36.0424,-121.2834,2013-08-23,Aqua,MODIS,40.5,0,285.4,68,2013,8,2013-08-23,23,medium,medium-low
36.0448,-118.9705,2013-05-02,Aqua,MODIS,30.4,0,315.0,78,2013,5,2013-05-02,2,high,medium-low
36.0454,-121.2852,2013-08-24,Aqua,MODIS,40.2,0,319.1,92,2013,8,2013-08-24,24,high,medium-low
36.046,-121.2663,2013-08-22,Aqua,MODIS,307.4,0,324.0,100,2013,8,2013-08-22,22,high,high
36.0469,-121.2743,2013-08-24,Aqua,MODIS,35.5,0,317.5,90,2013,8,2013-08-24,24,high,medium-low
36.0476,-121.2523,2013-08-22,Aqua,MODIS,251.0,0,321.1,100,2013,8,2013-08-22,22,high,high
36.0492,-121.2605,2013-08-24,Terra,MODIS,58.9,0,307.2,54,2013,8,2013-08-24,24,medium,medium-high
36.0517,-121.2729,2013-08-23,Aqua,MODIS,41.2,0,285.9,62,2013,8,2013-08-23,23,medium,medium-low
36.0533,-119.1172,2013-01-28,Aqua,MODIS,11.7,0,284.5,61,2013,1,2013-01-28,28,medium,low
36.0544,-119.0337,2013-05-17,Aqua,MODIS,19.3,0,309.6,74,2013,5,2013-05-17,17,high,low
36.0554,-121.2999,2013-08-23,Terra,MODIS,145.5,0,287.8,100,2013,8,2013-08-23,23,high,high
36.0558,-121.2685,2013-08-22,Aqua,MODIS,556.7,0,326.9,100,2013,8,2013-08-22,22,high,high
36.0574,-119.0179,2013-05-17,Aqua,MODIS,12.6,0,309.3,61,2013,5,2013-05-17,17,medium,low
36.0575,-121.254,2013-08-22,Aqua,MODIS,576.9,0,325.5,100,2013,8,2013-08-22,22,high,high
36.0596,-119.0913,2013-11-06,Terra,MODIS,15.8,0,294.4,75,2013,11,2013-11-06,6,high,low
36.0612,-119.1039,2013-11-06,Terra,MODIS,8.6,0,296.6,64,2013,11,2013-11-06,6,medium,low
36.0632,-121.3066,2013-08-23,Terra,MODIS,129.7,0,287.3,100,2013,8,2013-08-23,23,high,high
36.0641,-118.66,2013-08-31,Aqua,MODIS,86.3,0,300.8,92,2013,8,2013-08-31,31,high,medium-high
36.0657,-121.27,2013-08-22,Aqua,MODIS,30.0,0,308.3,71,2013,8,2013-08-22,22,high,medium-low
36.0657,-118.6449,2013-08-31,Aqua,MODIS,34.4,0,296.2,68,2013,8,2013-08-31,31,medium,medium-low
36.0674,-121.2556,2013-08-22,Aqua,MODIS,29.6,0,306.6,69,2013,8,2013-08-22,22,medium,medium-low
36.0788,-120.0758,2013-10-06,Aqua,MODIS,17.6,0,307.0,68,2013,10,2013-10-06,6,medium,low
36.1018,-118.5377,2013-11-05,Aqua,MODIS,20.5,0,280.8,74,2013,11,2013-11-05,5,high,low
36.1039,-119.1227,2013-11-16,Terra,MODIS,11.4,0,290.8,55,2013,11,2013-11-16,16,medium,low
36.1083,-120.1477,2013-12-20,Terra,MODIS,14.5,0,285.9,74,2013,12,2013-12-20,20,high,low
36.1084,-119.1278,2013-11-16,Terra,MODIS,9.9,0,290.7,52,2013,11,2013-11-16,16,medium,low
36.1309,-119.5118,2013-06-21,Terra,MODIS,11.5,0,291.4,82,2013,6,2013-06-21,21,high,low
36.1326,-119.5007,2013-06-21,Terra,MODIS,28.0,0,291.5,100,2013,6,2013-06-21,21,high,medium-low
36.1333,-119.4973,2013-06-21,Aqua,MODIS,16.8,0,285.8,71,2013,6,2013-06-21,21,high,low
36.1423,-120.1268,2013-02-03,Terra,MODIS,5.9,0,291.8,56,2013,2,2013-02-03,3,medium,low
36.1478,-121.0564,2013-02-21,Terra,MODIS,4.1,0,290.6,57,2013,2,2013-02-21,21,medium,low
36.1567,-119.1119,2013-02-18,Aqua,MODIS,15.1,0,294.3,61,2013,2,2013-02-18,18,medium,low
36.1577,-119.1173,2013-02-18,Aqua,MODIS,12.5,0,294.3,55,2013,2,2013-02-18,18,medium,low
36.1673,-115.5934,2013-06-03,Terra,MODIS,36.1,0,290.0,93,2013,6,2013-06-03,3,high,medium-low
36.1723,-119.0498,2013-05-23,Terra,MODIS,28.2,0,305.4,79,2013,5,2013-05-23,23,high,medium-low
36.173,-120.1007,2013-02-03,Terra,MODIS,13.6,0,289.8,75,2013,2,2013-02-03,3,high,low
36.1745,-119.096,2013-02-26,Aqua,MODIS,8.4,0,292.7,57,2013,2,2013-02-26,26,medium,low
36.1778,-115.7,2013-07-05,Aqua,MODIS,325.7,0,313.1,100,2013,7,2013-07-05,5,high,high
36.1797,-115.6722,2013-07-05,Aqua,MODIS,1042.7,0,324.2,100,2013,7,2013-07-05,5,high,high
36.181,-115.7063,2013-07-05,Aqua,MODIS,385.5,0,313.0,100,2013,7,2013-07-05,5,high,high
36.1814,-115.6474,2013-07-05,Aqua,MODIS,1098.5,0,317.7,100,2013,7,2013-07-05,5,high,high
36.1827,-115.6728,2013-07-05,Terra,MODIS,76.6,0,311.0,92,2013,7,2013-07-05,5,high,medium-high
36.1829,-115.6771,2013-07-05,Aqua,MODIS,1284.5,0,329.2,100,2013,7,2013-07-05,5,high,high
36.1836,-115.6163,2013-07-05,Aqua,MODIS,205.9,0,305.0,92,2013,7,2013-07-05,5,high,high
36.1844,-119.085,2013-02-26,Terra,MODIS,26.6,0,289.9,78,2013,2,2013-02-26,26,high,medium-low
36.1845,-115.6911,2013-07-05,Terra,MODIS,58.6,0,311.7,88,2013,7,2013-07-05,5,high,medium-high
36.1845,-115.6524,2013-07-05,Aqua,MODIS,3608.7,0,334.5,100,2013,7,2013-07-05,5,high,high
36.1856,-115.6159,2013-07-08,Aqua,MODIS,200.1,0,315.2,98,2013,7,2013-07-08,8,high,high
36.1863,-115.6233,2013-07-05,Aqua,MODIS,1488.0,0,309.8,100,2013,7,2013-07-05,5,high,high
36.1863,-115.6218,2013-07-08,Aqua,MODIS,361.6,0,316.5,100,2013,7,2013-07-08,8,high,high
36.1874,-119.1006,2013-02-26,Terra,MODIS,28.8,0,289.0,79,2013,2,2013-02-26,26,high,medium-low
36.1878,-115.6467,2013-07-09,Aqua,MODIS,38.4,0,299.2,81,2013,7,2013-07-09,9,high,medium-low
36.188,-115.6581,2013-07-08,Terra,MODIS,120.9,0,289.1,100,2013,7,2013-07-08,8,high,high
36.1888,-115.6349,2013-07-10,Terra,MODIS,44.3,0,289.0,68,2013,7,2013-07-10,10,medium,medium-low
36.1889,-115.6781,2013-07-05,Terra,MODIS,18.6,0,293.4,65,2013,7,2013-07-05,5,medium,low
36.189,-115.6025,2013-07-09,Terra,MODIS,97.3,0,294.5,51,2013,7,2013-07-09,9,medium,medium-high
36.1892,-115.6347,2013-07-09,Aqua,MODIS,205.1,0,298.6,100,2013,7,2013-07-09,9,high,high
36.1905,-115.6615,2013-07-05,Terra,MODIS,74.6,0,298.6,100,2013,7,2013-07-05,5,high,medium-high
36.1905,-115.6022,2013-07-08,Aqua,MODIS,279.9,0,312.7,100,2013,7,2013-07-08,8,high,high
36.1909,-115.6207,2013-07-09,Aqua,MODIS,113.3,0,300.2,100,2013,7,2013-07-09,9,high,medium-high
36.1916,-115.7054,2013-07-05,Aqua,MODIS,808.7,0,312.7,100,2013,7,2013-07-05,5,high,high
36.1924,-115.652,2013-07-08,Terra,MODIS,204.8,0,288.9,100,2013,7,2013-07-08,8,high,high
36.1926,-115.6066,2013-07-09,Aqua,MODIS,183.0,0,301.3,100,2013,7,2013-07-09,9,high,high
36.1937,-115.6756,2013-07-05,Aqua,MODIS,1343.6,0,321.4,100,2013,7,2013-07-05,5,high,high
36.1937,-115.6699,2013-07-05,Terra,MODIS,832.0,0,328.9,100,2013,7,2013-07-05,5,high,high
36.1938,-120.0194,2013-03-23,Terra,MODIS,16.2,0,293.0,75,2013,3,2013-03-23,23,high,low
36.1938,-115.6109,2013-07-08,Terra,MODIS,584.1,0,323.2,100,2013,7,2013-07-08,8,high,high
36.194,-115.6473,2013-07-08,Aqua,MODIS,107.4,0,314.3,88,2013,7,2013-07-08,8,high,medium-high
36.194,-115.6386,2013-07-08,Aqua,MODIS,252.5,0,315.8,100,2013,7,2013-07-08,8,high,high
36.1944,-115.6374,2013-07-06,Terra,MODIS,29.4,0,291.1,63,2013,7,2013-07-06,6,medium,medium-low
36.1949,-115.7113,2013-07-05,Aqua,MODIS,166.5,0,309.2,91,2013,7,2013-07-05,5,high,high
36.1954,-115.6876,2013-07-05,Terra,MODIS,784.1,0,326.7,100,2013,7,2013-07-05,5,high,high
36.1954,-115.6513,2013-07-05,Aqua,MODIS,6976.0,0,400.1,100,2013,7,2013-07-05,5,high,high
36.1955,-115.5811,2013-07-09,Aqua,MODIS,31.7,0,290.7,77,2013,7,2013-07-09,9,high,medium-low
36.1958,-115.6237,2013-07-08,Terra,MODIS,1175.0,0,339.0,100,2013,7,2013-07-08,8,high,high
36.1965,-115.6077,2013-07-09,Aqua,MODIS,13.4,0,289.6,60,2013,7,2013-07-09,9,medium,low
36.1968,-115.6812,2013-07-05,Aqua,MODIS,330.6,0,312.8,100,2013,7,2013-07-05,5,high,high
36.1973,-115.6269,2013-07-09,Terra,MODIS,12.5,0,289.7,81,2013,7,2013-07-09,9,high,low
36.1973,-115.6199,2013-07-08,Terra,MODIS,314.3,0,290.6,100,2013,7,2013-07-08,8,high,high
36.1975,-115.6252,2013-07-08,Aqua,MODIS,29.1,0,287.8,92,2013,7,2013-07-08,8,high,medium-low
36.1976,-115.6206,2013-07-05,Aqua,MODIS,2784.6,0,307.0,100,2013,7,2013-07-05,5,high,high
36.1979,-115.6363,2013-07-08,Terra,MODIS,130.9,0,315.9,100,2013,7,2013-07-08,8,high,high
36.1983,-115.6183,2013-07-08,Aqua,MODIS,670.0,0,320.6,100,2013,7,2013-07-08,8,high,high
36.1984,-115.7001,2013-07-05,Terra,MODIS,40.3,0,293.7,100,2013,7,2013-07-05,5,high,medium-low
36.1985,-115.6555,2013-07-05,Aqua,MODIS,4498.9,0,335.5,100,2013,7,2013-07-05,5,high,high
36.1989,-115.616,2013-07-09,Terra,MODIS,21.5,0,291.4,100,2013,7,2013-07-09,9,high,medium-low
36.199,-115.624,2013-07-08,Aqua,MODIS,382.4,0,318.5,100,2013,7,2013-07-08,8,high,high
36.2,-115.6074,2013-07-09,Terra,MODIS,146.8,0,299.6,75,2013,7,2013-07-09,9,high,high
36.2001,-115.6874,2013-07-04,Aqua,MODIS,372.6,0,287.0,100,2013,7,2013-07-04,4,high,high
36.2002,-115.6811,2013-07-05,Terra,MODIS,515.5,0,317.3,100,2013,7,2013-07-05,5,high,high
36.2003,-115.6273,2013-07-05,Aqua,MODIS,2885.8,0,306.7,100,2013,7,2013-07-05,5,high,high
36.2004,-115.6051,2013-07-09,Terra,MODIS,84.6,0,299.9,100,2013,7,2013-07-09,9,high,medium-high
36.201,-115.627,2013-07-07,Terra,MODIS,11.3,0,289.1,69,2013,7,2013-07-07,7,medium,low
36.201,-115.6161,2013-07-08,Terra,MODIS,312.9,0,290.2,100,2013,7,2013-07-08,8,high,high
36.2016,-115.529,2013-07-10,Terra,MODIS,87.5,0,302.1,78,2013,7,2013-07-10,10,high,medium-high
36.2018,-115.6984,2013-07-04,Aqua,MODIS,172.3,0,287.2,100,2013,7,2013-07-04,4,high,high
36.2019,-115.6634,2013-07-05,Terra,MODIS,1603.2,0,347.0,100,2013,7,2013-07-05,5,high,high
36.202,-115.5942,2013-07-09,Terra,MODIS,713.4,0,336.1,100,2013,7,2013-07-09,9,high,high
36.2021,-115.6168,2013-07-06,Aqua,MODIS,74.5,0,310.9,92,2013,7,2013-07-06,6,high,medium-high
36.2026,-115.5978,2013-07-08,Aqua,MODIS,113.4,0,306.1,86,2013,7,2013-07-08,8,high,medium-high
36.2029,-115.6086,2013-07-08,Terra,MODIS,36.5,0,307.6,75,2013,7,2013-07-08,8,high,medium-low
36.2031,-118.9815,2013-01-27,Terra,MODIS,11.2,0,277.9,56,2013,1,2013-01-27,27,medium,low
36.2032,-115.6302,2013-07-05,Aqua,MODIS,60.8,0,291.6,74,2013,7,2013-07-05,5,high,medium-high
36.2032,-115.6049,2013-07-08,Aqua,MODIS,189.8,0,307.9,97,2013,7,2013-07-08,8,high,high
36.2032,-115.5399,2013-07-10,Terra,MODIS,252.3,0,324.7,87,2013,7,2013-07-10,10,high,high
36.2033,-115.648,2013-07-05,Terra,MODIS,999.0,0,322.3,100,2013,7,2013-07-05,5,high,high
36.2033,-115.5547,2013-07-09,Terra,MODIS,130.6,0,299.8,63,2013,7,2013-07-09,9,medium,high
36.2034,-115.7094,2013-07-04,Aqua,MODIS,10.7,0,282.0,82,2013,7,2013-07-04,4,high,low
36.2036,-115.5832,2013-07-09,Terra,MODIS,185.5,0,310.1,100,2013,7,2013-07-09,9,high,high
36.2037,-115.5956,2013-07-09,Aqua,MODIS,41.4,0,295.7,84,2013,7,2013-07-09,9,high,medium-low
36.2039,-115.565,2013-07-10,Terra,MODIS,146.0,0,291.7,100,2013,7,2013-07-10,10,high,high
36.2042,-115.5889,2013-07-09,Aqua,MODIS,23.6,0,291.7,87,2013,7,2013-07-09,9,high,medium-low
36.2045,-115.6953,2013-07-03,Terra,MODIS,30.4,0,313.2,76,2013,7,2013-07-03,3,high,medium-low
36.2046,-115.603,2013-07-06,Aqua,MODIS,203.3,0,313.8,100,2013,7,2013-07-06,6,high,high
36.2047,-115.6674,2013-07-05,Terra,MODIS,45.1,0,308.8,56,2013,7,2013-07-05,5,medium,medium-low
36.2047,-115.551,2013-07-10,Terra,MODIS,156.4,0,317.2,79,2013,7,2013-07-10,10,high,high
36.2048,-118.4394,2013-08-24,Aqua,MODIS,194.9,0,318.5,100,2013,8,2013-08-24,24,high,high
36.205,-115.6214,2013-07-08,Terra,MODIS,49.9,0,312.6,89,2013,7,2013-07-08,8,high,medium-high
36.2051,-115.5834,2013-07-09,Aqua,MODIS,663.6,0,316.9,100,2013,7,2013-07-09,9,high,high
36.2054,-115.7107,2013-07-05,Aqua,MODIS,70.0,0,306.4,77,2013,7,2013-07-05,5,high,medium-high
36.2054,-115.5991,2013-07-09,Terra,MODIS,280.0,0,303.8,90,2013,7,2013-07-09,9,high,high
36.2061,-115.5231,2013-07-10,Terra,MODIS,37.3,0,291.3,57,2013,7,2013-07-10,10,medium,medium-low
36.2063,-118.4261,2013-08-24,Aqua,MODIS,136.0,0,311.6,100,2013,8,2013-08-24,24,high,high
36.2063,-115.5621,2013-07-10,Terra,MODIS,95.8,0,312.3,87,2013,7,2013-07-10,10,high,medium-high
36.2064,-115.6846,2013-07-05,Terra,MODIS,95.3,0,308.8,95,2013,7,2013-07-05,5,high,medium-high
36.2066,-115.6027,2013-07-06,Terra,MODIS,100.3,0,307.1,78,2013,7,2013-07-06,6,high,medium-high
36.2066,-115.5704,2013-07-09,Aqua,MODIS,909.0,0,314.8,100,2013,7,2013-07-09,9,high,high
36.207,-115.6348,2013-07-06,Terra,MODIS,90.6,0,295.3,100,2013,7,2013-07-06,6,high,medium-high
36.2071,-118.4006,2013-08-24,Terra,MODIS,250.2,0,298.9,82,2013,8,2013-08-24,24,high,high
36.2071,-115.64,2013-07-06,Terra,MODIS,72.9,0,294.0,100,2013,7,2013-07-06,6,high,medium-high
36.2073,-115.6014,2013-07-06,Aqua,MODIS,942.1,0,329.8,100,2013,7,2013-07-06,6,high,high
36.2076,-118.4481,2013-08-24,Terra,MODIS,26.8,0,287.3,100,2013,8,2013-08-24,24,high,medium-low
36.2076,-118.4055,2013-08-24,Terra,MODIS,250.7,0,299.0,81,2013,8,2013-08-24,24,high,high
36.2077,-115.6244,2013-07-09,Terra,MODIS,16.2,0,285.4,96,2013,7,2013-07-09,9,high,low
36.2079,-118.4311,2013-08-25,Terra,MODIS,16.7,0,307.5,72,2013,8,2013-08-25,25,high,low
36.2082,-115.5571,2013-07-09,Aqua,MODIS,193.4,0,297.6,100,2013,7,2013-07-09,9,high,high
36.2088,-115.6133,2013-07-06,Aqua,MODIS,695.0,0,316.3,100,2013,7,2013-07-06,6,high,high
36.2089,-118.4251,2013-08-24,Aqua,MODIS,23.7,0,283.4,76,2013,8,2013-08-24,24,high,medium-low
36.2089,-115.6901,2013-07-05,Terra,MODIS,40.2,0,295.5,100,2013,7,2013-07-05,5,high,medium-low
36.209,-115.6878,2013-07-03,Terra,MODIS,27.9,0,311.7,69,2013,7,2013-07-03,3,medium,medium-low
36.209,-115.6855,2013-07-04,Aqua,MODIS,60.1,0,274.0,100,2013,7,2013-07-04,4,high,medium-high
36.2091,-115.5571,2013-07-10,Terra,MODIS,260.4,0,293.2,100,2013,7,2013-07-10,10,high,high
36.2092,-118.4372,2013-08-24,Terra,MODIS,93.5,0,295.1,100,2013,8,2013-08-24,24,high,medium-high
36.2094,-115.6543,2013-07-05,Aqua,MODIS,310.0,0,304.4,99,2013,7,2013-07-05,5,high,high
36.2099,-115.6095,2013-07-06,Aqua,MODIS,221.3,0,317.4,100,2013,7,2013-07-06,6,high,high
36.2102,-115.6244,2013-07-06,Aqua,MODIS,40.5,0,291.4,100,2013,7,2013-07-06,6,high,medium-low
36.2104,-115.6994,2013-07-03,Terra,MODIS,120.0,0,315.5,100,2013,7,2013-07-03,3,high,high
36.2106,-115.6706,2013-07-05,Terra,MODIS,294.4,0,316.1,100,2013,7,2013-07-05,5,high,high
36.2107,-115.6966,2013-07-04,Aqua,MODIS,74.6,0,280.9,100,2013,7,2013-07-04,4,high,medium-high
36.2108,-115.6892,2013-07-04,Aqua,MODIS,128.1,0,302.8,100,2013,7,2013-07-04,4,high,high
36.2108,-115.6732,2013-07-03,Aqua,MODIS,65.7,0,278.7,83,2013,7,2013-07-03,3,high,medium-high
36.2108,-115.6026,2013-07-09,Terra,MODIS,65.1,0,294.7,100,2013,7,2013-07-09,9,high,medium-high
36.2109,-115.6163,2013-07-06,Terra,MODIS,132.7,0,295.9,100,2013,7,2013-07-06,6,high,high
36.2112,-115.6206,2013-07-06,Terra,MODIS,146.7,0,297.0,100,2013,7,2013-07-06,6,high,high
36.2113,-115.701,2013-07-04,Terra,MODIS,17.4,0,279.4,72,2013,7,2013-07-04,4,high,low
36.2115,-115.6844,2013-07-05,Terra,MODIS,62.1,0,297.1,93,2013,7,2013-07-05,5,high,medium-high
36.2116,-115.627,2013-07-08,Aqua,MODIS,88.4,0,312.5,77,2013,7,2013-07-08,8,high,medium-high
36.2116,-115.6232,2013-07-05,Aqua,MODIS,125.8,0,294.0,68,2013,7,2013-07-05,5,medium,high
36.2117,-115.5692,2013-07-09,Aqua,MODIS,46.1,0,295.5,100,2013,7,2013-07-09,9,high,medium-low
36.2119,-115.7115,2013-07-03,Terra,MODIS,39.9,0,305.3,79,2013,7,2013-07-03,3,high,medium-low
36.2121,-115.6659,2013-07-05,Aqua,MODIS,52.5,0,291.5,61,2013,7,2013-07-05,5,medium,medium-high
36.2121,-115.6546,2013-07-05,Terra,MODIS,1208.0,0,339.0,100,2013,7,2013-07-05,5,high,high
36.2122,-118.442,2013-08-24,Aqua,MODIS,31.6,0,282.3,89,2013,8,2013-08-24,24,high,medium-low
36.2124,-115.7077,2013-07-04,Aqua,MODIS,121.0,0,286.6,100,2013,7,2013-07-04,4,high,high
36.2124,-115.6195,2013-07-06,Aqua,MODIS,59.9,0,309.4,72,2013,7,2013-07-06,6,high,medium-high
36.2124,-115.5916,2013-07-09,Terra,MODIS,1603.6,0,333.5,100,2013,7,2013-07-09,9,high,high
36.2125,-115.6781,2013-07-04,Aqua,MODIS,174.3,0,298.2,94,2013,7,2013-07-04,4,high,high
36.2125,-115.659,2013-07-05,Aqua,MODIS,217.8,0,305.5,93,2013,7,2013-07-05,5,high,high
36.2127,-120.2239,2013-02-07,Terra,MODIS,9.6,0,288.8,64,2013,2,2013-02-07,7,medium,low
36.2128,-115.7061,2013-07-03,Aqua,MODIS,59.9,0,273.8,78,2013,7,2013-07-03,3,high,medium-high
36.2129,-115.5934,2013-07-06,Aqua,MODIS,105.0,0,303.8,98,2013,7,2013-07-06,6,high,medium-high
36.213,-118.4542,2013-08-24,Aqua,MODIS,260.6,0,324.9,100,2013,8,2013-08-24,24,high,high
36.2132,-115.6664,2013-07-05,Terra,MODIS,491.6,0,317.8,100,2013,7,2013-07-05,5,high,high
36.2134,-118.4367,2013-08-24,Aqua,MODIS,44.6,0,284.8,100,2013,8,2013-08-24,24,high,medium-low
36.2135,-115.6428,2013-07-05,Terra,MODIS,71.1,0,304.3,83,2013,7,2013-07-05,5,high,medium-high
36.2136,-115.6378,2013-07-05,Terra,MODIS,620.6,0,314.0,100,2013,7,2013-07-05,5,high,high
36.214,-115.6866,2013-07-04,Terra,MODIS,43.6,0,279.8,100,2013,7,2013-07-04,4,high,medium-low
36.214,-115.5807,2013-07-09,Terra,MODIS,443.6,0,320.9,100,2013,7,2013-07-09,9,high,high
36.2143,-120.2381,2013-02-07,Terra,MODIS,12.7,0,290.2,69,2013,2,2013-02-07,7,medium,low
36.2143,-115.5639,2013-07-09,Terra,MODIS,517.4,0,305.7,99,2013,7,2013-07-09,9,high,high
36.2144,-115.6303,2013-07-05,Aqua,MODIS,152.0,0,294.5,85,2013,7,2013-07-05,5,high,high
36.2145,-118.4412,2013-08-24,Aqua,MODIS,2129.0,0,400.1,100,2013,8,2013-08-24,24,high,high
36.2147,-115.6508,2013-07-05,Terra,MODIS,1858.1,0,340.7,100,2013,7,2013-07-05,5,high,high
36.2147,-115.5854,2013-07-09,Aqua,MODIS,139.2,0,304.6,100,2013,7,2013-07-09,9,high,high
36.2151,-115.6048,2013-07-06,Aqua,MODIS,309.1,0,308.1,100,2013,7,2013-07-06,6,high,high
36.2151,-115.5869,2013-07-09,Aqua,MODIS,65.8,0,296.3,100,2013,7,2013-07-09,9,high,medium-high
36.2152,-118.4323,2013-08-26,Aqua,MODIS,24.1,0,313.3,82,2013,8,2013-08-26,26,high,medium-low
36.2153,-118.4182,2013-08-25,Terra,MODIS,22.3,0,303.3,78,2013,8,2013-08-25,25,high,medium-low
36.2154,-118.4206,2013-08-26,Aqua,MODIS,14.2,0,283.3,78,2013,8,2013-08-26,26,high,low
36.2155,-118.4243,2013-08-26,Terra,MODIS,36.1,0,287.2,100,2013,8,2013-08-26,26,high,medium-low
36.2155,-115.5698,2013-07-09,Terra,MODIS,60.4,0,297.7,100,2013,7,2013-07-09,9,high,medium-high
36.2156,-121.2446,2013-02-01,Terra,MODIS,13.2,0,291.0,69,2013,2,2013-02-01,1,medium,low
36.2158,-115.6073,2013-07-08,Aqua,MODIS,1487.7,0,321.8,100,2013,7,2013-07-08,8,high,high
36.216,-118.4282,2013-08-24,Aqua,MODIS,1777.4,0,339.1,100,2013,8,2013-08-24,24,high,high
36.216,-115.5982,2013-07-06,Terra,MODIS,23.8,0,291.5,69,2013,7,2013-07-06,6,medium,medium-low
36.2163,-115.5717,2013-07-09,Aqua,MODIS,941.9,0,313.1,100,2013,7,2013-07-09,9,high,high
36.2165,-118.4501,2013-08-24,Terra,MODIS,10.8,0,282.3,74,2013,8,2013-08-24,24,high,low
36.2165,-115.6039,2013-07-09,Terra,MODIS,272.6,0,308.5,90,2013,7,2013-07-09,9,high,high
36.2165,-115.5987,2013-07-06,Aqua,MODIS,254.9,0,304.3,100,2013,7,2013-07-06,6,high,high
36.2166,-115.6312,2013-07-05,Terra,MODIS,534.0,0,304.2,100,2013,7,2013-07-05,5,high,high
36.2167,-118.4213,2013-08-26,Aqua,MODIS,51.8,0,307.7,94,2013,8,2013-08-26,26,high,medium-high
36.2168,-118.4292,2013-08-25,Terra,MODIS,74.2,0,312.0,99,2013,8,2013-08-25,25,high,medium-high
36.2179,-115.6835,2013-07-04,Aqua,MODIS,38.5,0,274.9,100,2013,7,2013-07-04,4,high,medium-low
36.2179,-115.5582,2013-07-09,Aqua,MODIS,1573.7,0,308.1,100,2013,7,2013-07-09,9,high,high
36.218,-118.4392,2013-08-24,Terra,MODIS,18.9,0,284.4,97,2013,8,2013-08-24,24,high,low
36.2181,-115.6155,2013-07-09,Terra,MODIS,14.2,0,285.9,74,2013,7,2013-07-09,9,high,low
36.2181,-115.6112,2013-07-06,Aqua,MODIS,192.0,0,299.3,100,2013,7,2013-07-06,6,high,high
36.2182,-121.2586,2013-02-01,Terra,MODIS,42.8,0,293.5,87,2013,2,2013-02-01,1,high,medium-low
36.2183,-115.6858,2013-07-03,Terra,MODIS,66.2,0,312.1,95,2013,7,2013-07-03,3,high,medium-high
36.2184,-118.4402,2013-08-25,Terra,MODIS,26.5,0,311.7,82,2013,8,2013-08-25,25,high,medium-low
36.2185,-115.6239,2013-07-05,Aqua,MODIS,382.0,0,293.8,100,2013,7,2013-07-05,5,high,high
36.2189,-115.5477,2013-07-09,Aqua,MODIS,20.1,0,292.9,66,2013,7,2013-07-09,9,medium,low
36.2192,-115.6922,2013-07-04,Terra,MODIS,67.6,0,280.6,100,2013,7,2013-07-04,4,high,medium-high
36.2195,-115.5447,2013-07-09,Aqua,MODIS,71.3,0,287.0,95,2013,7,2013-07-09,9,high,medium-high
36.2196,-119.0657,2013-01-28,Aqua,MODIS,12.8,0,288.1,71,2013,1,2013-01-28,28,high,low
36.2196,-118.4434,2013-08-25,Aqua,MODIS,636.7,0,301.0,100,2013,8,2013-08-25,25,high,high
36.2197,-115.697,2013-07-03,Terra,MODIS,57.7,0,313.4,93,2013,7,2013-07-03,3,high,medium-high
36.2197,-115.6429,2013-07-06,Terra,MODIS,238.5,0,301.0,100,2013,7,2013-07-06,6,high,high
36.2198,-115.5629,2013-07-10,Terra,MODIS,86.8,0,290.9,96,2013,7,2013-07-10,10,high,medium-high
36.2201,-118.4493,2013-08-24,Terra,MODIS,563.7,0,299.9,95,2013,8,2013-08-24,24,high,high
36.2201,-118.4167,2013-08-25,Aqua,MODIS,32.5,0,284.4,57,2013,8,2013-08-25,25,medium,medium-low
36.2201,-115.5578,2013-07-09,Terra,MODIS,965.5,0,307.4,100,2013,7,2013-07-09,9,high,high
36.2202,-118.4539,2013-08-24,Terra,MODIS,439.7,0,299.8,91,2013,8,2013-08-24,24,high,high
36.2204,-115.6113,2013-07-06,Aqua,MODIS,61.7,0,304.7,75,2013,7,2013-07-06,6,high,medium-high
36.2207,-115.5845,2013-07-08,Aqua,MODIS,106.2,0,302.3,83,2013,7,2013-07-08,8,high,medium-high
36.221,-115.634,2013-07-06,Aqua,MODIS,27.2,0,293.3,100,2013,7,2013-07-06,6,high,medium-low
36.2211,-119.0537,2013-01-28,Aqua,MODIS,9.2,0,287.0,65,2013,1,2013-01-28,28,medium,low
36.2213,-115.5936,2013-07-09,Terra,MODIS,285.6,0,307.0,100,2013,7,2013-07-09,9,high,high
36.2216,-118.4359,2013-08-25,Aqua,MODIS,800.2,0,300.7,100,2013,8,2013-08-25,25,high,high
36.2219,-115.6745,2013-07-05,Terra,MODIS,109.8,0,302.3,100,2013,7,2013-07-05,5,high,medium-high
36.2219,-115.5949,2013-07-09,Terra,MODIS,210.2,0,309.9,66,2013,7,2013-07-09,9,medium,high
36.222,-115.6773,2013-07-04,Terra,MODIS,36.7,0,278.4,100,2013,7,2013-07-04,4,high,medium-low
36.2221,-118.422,2013-08-26,Terra,MODIS,47.0,0,298.9,50,2013,8,2013-08-26,26,medium,medium-high
36.2222,-115.5649,2013-07-09,Aqua,MODIS,161.4,0,305.0,100,2013,7,2013-07-09,9,high,high
36.2224,-115.6451,2013-07-06,Aqua,MODIS,23.6,0,288.1,81,2013,7,2013-07-06,6,high,medium-low
36.2227,-115.6886,2013-07-05,Terra,MODIS,24.0,0,292.9,58,2013,7,2013-07-05,5,medium,medium-low
36.2228,-115.5827,2013-07-09,Terra,MODIS,1602.8,0,345.5,100,2013,7,2013-07-09,9,high,high
36.2233,-115.6593,2013-07-05,Aqua,MODIS,226.6,0,299.4,94,2013,7,2013-07-05,5,high,high
36.2234,-115.6583,2013-07-05,Terra,MODIS,967.1,0,320.4,100,2013,7,2013-07-05,5,high,high
36.2239,-115.6232,2013-07-06,Terra,MODIS,760.9,0,314.8,100,2013,7,2013-07-06,6,high,high
36.224,-118.4342,2013-08-26,Aqua,MODIS,28.9,0,314.0,85,2013,8,2013-08-26,26,high,medium-low
36.2241,-115.6301,2013-07-08,Aqua,MODIS,343.9,0,318.0,100,2013,7,2013-07-08,8,high,high
36.2242,-118.4432,2013-08-24,Aqua,MODIS,543.0,0,325.3,100,2013,8,2013-08-24,24,high,high
36.2242,-118.4163,2013-08-25,Terra,MODIS,81.1,0,304.1,100,2013,8,2013-08-25,25,high,medium-high
36.2243,-115.5869,2013-07-09,Aqua,MODIS,41.4,0,296.1,84,2013,7,2013-07-09,9,high,medium-low
36.2244,-115.6703,2013-07-05,Terra,MODIS,151.0,0,303.3,100,2013,7,2013-07-05,5,high,high
36.2244,-115.6403,2013-07-05,Terra,MODIS,54.8,0,296.8,51,2013,7,2013-07-05,5,medium,medium-high
36.2244,-115.5717,2013-07-09,Terra,MODIS,515.0,0,322.3,100,2013,7,2013-07-09,9,high,high
36.2248,-118.4184,2013-08-26,Aqua,MODIS,32.5,0,287.2,79,2013,8,2013-08-26,26,high,medium-low
36.2249,-118.4263,2013-08-26,Terra,MODIS,47.9,0,290.5,100,2013,8,2013-08-26,26,high,medium-high
36.2249,-115.6408,2013-07-05,Terra,MODIS,802.9,0,310.4,100,2013,7,2013-07-05,5,high,high
36.2254,-115.665,2013-07-03,Aqua,MODIS,148.6,0,279.9,100,2013,7,2013-07-03,3,high,high
36.2256,-118.4233,2013-08-26,Aqua,MODIS,103.7,0,312.5,100,2013,8,2013-08-26,26,high,medium-high
36.2256,-115.6277,2013-07-05,Aqua,MODIS,176.7,0,292.7,88,2013,7,2013-07-05,5,high,high
36.2257,-118.4304,2013-08-24,Aqua,MODIS,814.3,0,314.4,100,2013,8,2013-08-24,24,high,high
36.2257,-118.4272,2013-08-25,Terra,MODIS,240.6,0,313.8,100,2013,8,2013-08-25,25,high,high
36.2259,-115.6545,2013-07-05,Terra,MODIS,1047.4,0,318.0,100,2013,7,2013-07-05,5,high,high
36.2259,-115.6148,2013-07-05,Aqua,MODIS,247.6,0,290.3,100,2013,7,2013-07-05,5,high,high
36.226,-115.5732,2013-07-09,Aqua,MODIS,60.3,0,292.8,67,2013,7,2013-07-09,9,medium,medium-high
36.226,-115.5608,2013-07-09,Terra,MODIS,53.6,0,297.3,100,2013,7,2013-07-09,9,high,medium-high
36.2264,-115.6644,2013-07-05,Aqua,MODIS,152.8,0,298.2,86,2013,7,2013-07-05,5,high,high
36.2269,-115.6712,2013-07-06,Terra,MODIS,62.3,0,288.6,91,2013,7,2013-07-06,6,high,medium-high
36.2269,-115.5974,2013-07-08,Terra,MODIS,97.1,0,306.9,100,2013,7,2013-07-08,8,high,medium-high
36.227,-118.4138,2013-08-26,Terra,MODIS,20.7,0,286.6,57,2013,8,2013-08-26,26,medium,low
36.2271,-118.4124,2013-08-26,Aqua,MODIS,75.3,0,306.1,99,2013,8,2013-08-26,26,high,medium-high
36.2273,-120.2319,2013-01-28,Aqua,MODIS,20.1,0,288.9,81,2013,1,2013-01-28,28,high,low
36.2273,-118.4383,2013-08-25,Terra,MODIS,17.1,0,305.7,60,2013,8,2013-08-25,25,medium,low
36.2273,-115.6085,2013-07-06,Aqua,MODIS,58.1,0,299.4,100,2013,7,2013-07-06,6,high,medium-high
36.2276,-115.6999,2013-07-03,Aqua,MODIS,162.9,0,276.1,100,2013,7,2013-07-03,3,high,high
36.2276,-115.5595,2013-07-09,Aqua,MODIS,185.7,0,287.7,100,2013,7,2013-07-09,9,high,high
36.2278,-115.635,2013-07-05,Terra,MODIS,358.1,0,298.6,100,2013,7,2013-07-05,5,high,high
36.2279,-115.6476,2013-07-07,Terra,MODIS,20.4,0,284.2,69,2013,7,2013-07-07,7,medium,low
36.2283,-115.636,2013-07-05,Aqua,MODIS,223.6,0,291.9,92,2013,7,2013-07-05,5,high,high
36.2287,-118.4055,2013-08-25,Aqua,MODIS,197.6,0,297.3,86,2013,8,2013-08-25,25,high,high
36.2287,-115.6005,2013-07-06,Terra,MODIS,1248.0,0,313.1,100,2013,7,2013-07-06,6,high,high
36.2288,-115.6082,2013-07-08,Aqua,MODIS,3241.5,0,335.3,100,2013,7,2013-07-08,8,high,high
36.2289,-115.6094,2013-07-08,Terra,MODIS,111.4,0,316.1,100,2013,7,2013-07-08,8,high,medium-high
36.229,-115.6947,2013-07-03,Terra,MODIS,45.9,0,306.7,81,2013,7,2013-07-03,3,high,medium-low
36.2292,-115.546,2013-07-09,Aqua,MODIS,158.7,0,278.9,100,2013,7,2013-07-09,9,high,high
36.2294,-115.668,2013-07-05,Aqua,MODIS,115.7,0,290.0,73,2013,7,2013-07-05,5,high,medium-high
36.2294,-115.5434,2013-07-09,Aqua,MODIS,49.4,0,294.1,100,2013,7,2013-07-09,9,high,medium-high
36.2303,-115.6318,2013-07-06,Aqua,MODIS,67.6,0,296.2,100,2013,7,2013-07-06,6,high,medium-high
36.2309,-118.4122,2013-08-27,Terra,MODIS,46.2,0,286.3,88,2013,8,2013-08-27,27,high,medium-low
36.2313,-115.6985,2013-07-05,Terra,MODIS,46.3,0,291.0,100,2013,7,2013-07-05,5,high,medium-low
36.2316,-115.6427,2013-07-06,Aqua,MODIS,94.1,0,291.8,100,2013,7,2013-07-06,6,high,medium-high
36.2323,-118.4411,2013-08-26,Terra,MODIS,11.8,0,285.2,52,2013,8,2013-08-26,26,medium,low
36.2327,-115.6439,2013-07-06,Terra,MODIS,478.6,0,299.0,100,2013,7,2013-07-06,6,high,high
36.2327,-115.5608,2013-07-09,Aqua,MODIS,140.7,0,296.8,100,2013,7,2013-07-09,9,high,high
36.2329,-118.4362,2013-08-26,Aqua,MODIS,69.5,0,307.9,98,2013,8,2013-08-26,26,high,medium-high
36.2329,-115.5809,2013-07-06,Terra,MODIS,268.6,0,296.1,100,2013,7,2013-07-06,6,high,high
36.2331,-115.679,2013-07-05,Terra,MODIS,85.2,0,297.1,100,2013,7,2013-07-05,5,high,medium-high
36.2331,-115.588,2013-07-08,Aqua,MODIS,179.4,0,302.1,95,2013,7,2013-07-08,8,high,high
36.2332,-115.655,2013-07-06,Aqua,MODIS,17.1,0,284.9,91,2013,7,2013-07-06,6,high,low
36.2332,-115.5737,2013-07-09,Terra,MODIS,31.9,0,299.2,100,2013,7,2013-07-09,9,high,medium-low
36.2336,-115.5529,2013-07-09,Aqua,MODIS,109.7,0,296.5,100,2013,7,2013-07-09,9,high,medium-high
36.2337,-115.6978,2013-07-09,Terra,MODIS,12.8,0,286.3,81,2013,7,2013-07-09,9,high,low
36.2337,-115.5835,2013-07-06,Aqua,MODIS,34.0,0,301.0,100,2013,7,2013-07-06,6,high,medium-low
36.2341,-118.4163,2013-08-26,Aqua,MODIS,28.8,0,287.3,65,2013,8,2013-08-26,26,medium,medium-low
36.2344,-118.4253,2013-08-26,Aqua,MODIS,95.5,0,308.5,100,2013,8,2013-08-26,26,high,medium-high
36.2345,-118.428,2013-08-26,Terra,MODIS,47.8,0,291.0,100,2013,8,2013-08-26,26,high,medium-high
36.2346,-115.6625,2013-07-05,Terra,MODIS,334.9,0,300.5,100,2013,7,2013-07-05,5,high,high
36.2347,-115.6212,2013-07-05,Aqua,MODIS,183.6,0,288.6,100,2013,7,2013-07-05,5,high,high
36.2348,-115.5628,2013-07-09,Terra,MODIS,63.1,0,302.9,100,2013,7,2013-07-09,9,high,medium-high
36.2348,-115.5197,2013-07-09,Terra,MODIS,467.7,0,298.8,98,2013,7,2013-07-09,9,high,high
36.2351,-115.5948,2013-07-06,Aqua,MODIS,118.6,0,310.3,100,2013,7,2013-07-06,6,high,medium-high
36.236,-118.4143,2013-08-26,Aqua,MODIS,42.0,0,301.4,89,2013,8,2013-08-26,26,high,medium-low
36.2363,-115.6441,2013-07-05,Terra,MODIS,265.8,0,294.6,100,2013,7,2013-07-05,5,high,high
36.2364,-118.4162,2013-08-26,Terra,MODIS,25.3,0,287.5,78,2013,8,2013-08-26,26,high,medium-low
36.2364,-115.5518,2013-07-09,Terra,MODIS,45.2,0,298.4,100,2013,7,2013-07-09,9,high,medium-low
36.2365,-115.606,2013-07-06,Aqua,MODIS,155.8,0,307.8,100,2013,7,2013-07-06,6,high,high
36.2367,-115.5589,2013-07-09,Terra,MODIS,1468.0,0,310.5,100,2013,7,2013-07-09,9,high,high
36.2369,-115.6239,2013-07-06,Terra,MODIS,841.8,0,306.6,100,2013,7,2013-07-06,6,high,high
36.237,-115.6315,2013-07-08,Aqua,MODIS,301.4,0,307.9,100,2013,7,2013-07-08,8,high,high
36.2379,-115.5409,2013-07-09,Terra,MODIS,28.7,0,294.6,100,2013,7,2013-07-09,9,high,medium-low
36.238,-115.6628,2013-07-05,Aqua,MODIS,389.4,0,291.4,100,2013,7,2013-07-05,5,high,high
36.238,-115.5655,2013-07-06,Aqua,MODIS,54.3,0,297.4,100,2013,7,2013-07-06,6,high,medium-high
36.2381,-115.6181,2013-07-06,Aqua,MODIS,32.3,0,295.8,100,2013,7,2013-07-06,6,high,medium-low
36.2383,-115.6984,2013-07-05,Aqua,MODIS,96.9,0,300.4,57,2013,7,2013-07-05,5,medium,medium-high
36.2386,-115.571,2013-07-06,Aqua,MODIS,34.2,0,311.2,73,2013,7,2013-07-06,6,high,medium-low
36.2389,-115.5475,2013-07-09,Aqua,MODIS,62.4,0,279.2,81,2013,7,2013-07-09,9,high,medium-high
36.239,-115.6726,2013-07-05,Terra,MODIS,121.8,0,303.8,91,2013,7,2013-07-05,5,high,high
36.2395,-115.577,2013-07-06,Aqua,MODIS,251.8,0,317.5,100,2013,7,2013-07-06,6,high,high
36.2396,-115.6301,2013-07-06,Aqua,MODIS,43.4,0,292.9,100,2013,7,2013-07-06,6,high,medium-low
36.2401,-121.5934,2013-07-17,Aqua,MODIS,785.5,0,313.5,100,2013,7,2013-07-17,17,high,high
36.2402,-115.671,2013-07-06,Terra,MODIS,46.3,0,286.7,93,2013,7,2013-07-06,6,high,medium-low
36.2402,-115.6703,2013-07-05,Aqua,MODIS,175.2,0,297.7,84,2013,7,2013-07-05,5,high,high
36.2408,-115.6906,2013-07-05,Terra,MODIS,99.5,0,304.7,93,2013,7,2013-07-05,5,high,medium-high
36.2409,-115.5882,2013-07-06,Aqua,MODIS,404.1,0,330.3,100,2013,7,2013-07-06,6,high,high
36.2411,-115.6418,2013-07-06,Aqua,MODIS,47.0,0,288.4,100,2013,7,2013-07-06,6,high,medium-high
36.2415,-118.4212,2013-08-27,Terra,MODIS,44.5,0,285.8,87,2013,8,2013-08-27,27,high,medium-low
36.2416,-115.6099,2013-07-08,Aqua,MODIS,195.3,0,303.0,97,2013,7,2013-07-08,8,high,high
36.2416,-115.6019,2013-07-06,Terra,MODIS,1274.5,0,300.8,100,2013,7,2013-07-06,6,high,high
36.2423,-115.5993,2013-07-06,Aqua,MODIS,1920.8,0,400.1,100,2013,7,2013-07-06,6,high,high
36.2425,-121.5575,2013-07-17,Aqua,MODIS,416.7,0,312.3,100,2013,7,2013-07-17,17,high,high
36.2425,-115.6998,2013-07-09,Terra,MODIS,12.7,0,286.1,80,2013,7,2013-07-09,9,high,low
36.2426,-115.6534,2013-07-06,Aqua,MODIS,14.9,0,284.3,86,2013,7,2013-07-06,6,high,low
36.2427,-115.7008,2013-07-05,Terra,MODIS,53.2,0,290.0,100,2013,7,2013-07-05,5,high,medium-high
36.2429,-115.5541,2013-07-09,Terra,MODIS,544.4,0,304.9,100,2013,7,2013-07-09,9,high,high
36.2431,-115.6323,2013-07-09,Terra,MODIS,17.2,0,291.6,55,2013,7,2013-07-09,9,medium,low
36.2432,-118.4273,2013-08-26,Aqua,MODIS,29.9,0,297.7,82,2013,8,2013-08-26,26,high,medium-low
36.2435,-115.6297,2013-07-08,Terra,MODIS,214.6,0,290.0,100,2013,7,2013-07-08,8,high,high
36.2436,-121.6024,2013-07-17,Aqua,MODIS,438.5,0,310.4,100,2013,7,2013-07-17,17,high,high
36.2437,-115.611,2013-07-06,Aqua,MODIS,652.6,0,312.6,100,2013,7,2013-07-06,6,high,high
36.2437,-115.5647,2013-07-09,Terra,MODIS,43.4,0,299.7,100,2013,7,2013-07-09,9,high,medium-low
36.244,-118.4294,2013-08-26,Terra,MODIS,17.1,0,285.9,60,2013,8,2013-08-26,26,medium,low
36.244,-118.4131,2013-08-27,Terra,MODIS,22.1,0,285.6,51,2013,8,2013-08-27,27,medium,medium-low
36.2441,-115.6432,2013-07-08,Terra,MODIS,131.9,0,302.8,100,2013,7,2013-07-08,8,high,high
36.2441,-115.5995,2013-07-06,Aqua,MODIS,62.9,0,304.8,79,2013,7,2013-07-06,6,high,medium-high
36.2443,-115.6838,2013-07-05,Terra,MODIS,424.8,0,303.6,100,2013,7,2013-07-05,5,high,high
36.2447,-115.6214,2013-07-09,Terra,MODIS,16.7,0,290.7,79,2013,7,2013-07-09,9,high,low
36.2448,-118.4162,2013-08-26,Aqua,MODIS,52.1,0,300.1,93,2013,8,2013-08-26,26,high,medium-high
36.2452,-115.5538,2013-07-09,Terra,MODIS,43.6,0,303.7,100,2013,7,2013-07-09,9,high,medium-low
36.2453,-115.593,2013-07-08,Terra,MODIS,38.2,0,313.0,69,2013,7,2013-07-08,8,medium,medium-low
36.2455,-115.5836,2013-07-06,Terra,MODIS,322.5,0,293.0,100,2013,7,2013-07-06,6,high,high
36.2456,-120.178,2013-10-08,Aqua,MODIS,21.8,0,305.6,73,2013,10,2013-10-08,8,high,medium-low
36.2456,-115.6773,2013-07-06,Aqua,MODIS,16.4,0,284.8,90,2013,7,2013-07-06,6,high,low
36.2459,-121.7905,2013-12-17,Terra,MODIS,18.2,0,274.4,72,2013,12,2013-12-17,17,high,low
36.2459,-118.4182,2013-08-26,Terra,MODIS,19.3,0,286.2,93,2013,8,2013-08-26,26,high,low
36.246,-121.5659,2013-07-17,Aqua,MODIS,740.5,0,313.1,100,2013,7,2013-07-17,17,high,high
36.246,-115.6674,2013-07-05,Aqua,MODIS,391.9,0,290.0,100,2013,7,2013-07-05,5,high,high
36.246,-115.6645,2013-07-05,Terra,MODIS,210.3,0,295.8,100,2013,7,2013-07-05,5,high,high
36.2463,-115.6104,2013-07-09,Terra,MODIS,22.5,0,291.8,100,2013,7,2013-07-09,9,high,medium-low
36.2465,-115.5866,2013-07-06,Aqua,MODIS,95.5,0,310.1,96,2013,7,2013-07-06,6,high,medium-high
36.2468,-115.5428,2013-07-09,Terra,MODIS,30.9,0,301.8,100,2013,7,2013-07-09,9,high,medium-low
36.2473,-115.6053,2013-07-08,Terra,MODIS,46.2,0,305.5,81,2013,7,2013-07-08,8,high,medium-low
36.2473,-115.5638,2013-07-06,Aqua,MODIS,164.6,0,309.3,100,2013,7,2013-07-06,6,high,high
36.2485,-115.6392,2013-07-08,Aqua,MODIS,1240.5,0,314.2,100,2013,7,2013-07-08,8,high,high
36.2488,-115.5753,2013-07-06,Aqua,MODIS,500.8,0,335.1,100,2013,7,2013-07-06,6,high,high
36.2489,-115.5736,2013-07-06,Aqua,MODIS,32.3,0,310.3,61,2013,7,2013-07-06,6,medium,medium-low
36.2497,-121.7915,2013-12-16,Aqua,MODIS,16.2,0,290.8,62,2013,12,2013-12-16,16,medium,low
36.25,-115.67,2013-07-05,Terra,MODIS,94.0,0,301.3,86,2013,7,2013-07-05,5,high,medium-high
36.2502,-115.5864,2013-07-06,Aqua,MODIS,785.1,0,334.1,100,2013,7,2013-07-06,6,high,high
36.2503,-115.6377,2013-07-09,Aqua,MODIS,66.9,0,289.8,82,2013,7,2013-07-09,9,high,medium-high
36.2505,-115.665,2013-07-05,Terra,MODIS,43.5,0,297.9,70,2013,7,2013-07-05,5,medium,medium-low
36.2506,-121.7837,2013-12-16,Aqua,MODIS,56.6,0,290.8,100,2013,12,2013-12-16,16,high,medium-high
36.2512,-115.6705,2013-07-06,Aqua,MODIS,17.1,0,283.8,92,2013,7,2013-07-06,6,high,low
36.2515,-115.6496,2013-07-05,Aqua,MODIS,198.4,0,287.4,100,2013,7,2013-07-05,5,high,high
36.2516,-115.598,2013-07-06,Aqua,MODIS,466.2,0,315.6,100,2013,7,2013-07-06,6,high,high
36.2516,-115.5416,2013-07-09,Aqua,MODIS,54.8,0,275.5,73,2013,7,2013-07-09,9,high,medium-high
36.2517,-115.6868,2013-07-05,Terra,MODIS,89.5,0,301.5,90,2013,7,2013-07-05,5,high,medium-high
36.2519,-115.6804,2013-07-05,Terra,MODIS,123.8,0,302.2,96,2013,7,2013-07-05,5,high,high
36.252,-115.6343,2013-07-09,Terra,MODIS,26.1,0,294.7,88,2013,7,2013-07-09,9,high,medium-low
36.2522,-121.7948,2013-12-16,Aqua,MODIS,302.4,0,299.9,100,2013,12,2013-12-16,16,high,high
36.2522,-119.2123,2013-02-26,Terra,MODIS,5.9,0,290.5,51,2013,2,2013-02-26,26,medium,low
36.2526,-115.6172,2013-07-08,Aqua,MODIS,40.0,0,290.9,100,2013,7,2013-07-08,8,high,medium-low
36.253,-115.618,2013-07-08,Aqua,MODIS,594.9,0,305.3,100,2013,7,2013-07-08,8,high,high
36.2531,-115.6397,2013-07-08,Terra,MODIS,89.8,0,305.8,100,2013,7,2013-07-08,8,high,medium-high
36.2532,-120.176,2013-10-08,Terra,MODIS,12.2,0,303.8,57,2013,10,2013-10-08,8,medium,low
36.2532,-115.6106,2013-07-06,Aqua,MODIS,74.7,0,294.1,100,2013,7,2013-07-06,6,high,medium-high
36.2533,-115.609,2013-07-06,Terra,MODIS,19.2,0,289.8,54,2013,7,2013-07-06,6,medium,low
36.2533,-115.5584,2013-07-09,Terra,MODIS,399.3,0,301.8,95,2013,7,2013-07-09,9,high,high
36.2535,-115.6234,2013-07-09,Terra,MODIS,21.3,0,294.1,88,2013,7,2013-07-09,9,high,medium-low
36.2537,-121.8059,2013-12-16,Aqua,MODIS,11.2,0,284.2,67,2013,12,2013-12-16,16,medium,low
36.2547,-121.808,2013-12-17,Terra,MODIS,107.3,0,278.6,100,2013,12,2013-12-17,17,high,medium-high
36.2547,-118.4525,2013-09-08,Aqua,MODIS,103.5,0,293.4,73,2013,9,2013-09-08,8,high,medium-high
36.2551,-115.6124,2013-07-09,Terra,MODIS,36.5,0,296.1,100,2013,7,2013-07-09,9,high,medium-low
36.2555,-115.6872,2013-07-05,Terra,MODIS,242.1,0,291.7,100,2013,7,2013-07-05,5,high,high
36.2564,-121.7923,2013-12-17,Terra,MODIS,22.0,0,274.7,84,2013,12,2013-12-17,17,high,medium-low
36.2566,-115.5621,2013-07-06,Aqua,MODIS,150.4,0,305.4,100,2013,7,2013-07-06,6,high,high
36.2567,-115.6015,2013-07-09,Terra,MODIS,24.2,0,293.3,100,2013,7,2013-07-09,9,high,medium-low
36.2577,-115.6636,2013-07-05,Terra,MODIS,103.6,0,291.2,100,2013,7,2013-07-05,5,high,medium-high
36.2581,-115.5736,2013-07-06,Aqua,MODIS,514.8,0,329.3,100,2013,7,2013-07-06,6,high,high
36.2589,-115.6516,2013-07-05,Aqua,MODIS,53.2,0,285.2,69,2013,7,2013-07-05,5,medium,medium-high
36.2591,-115.6126,2013-07-10,Terra,MODIS,68.4,0,289.5,74,2013,7,2013-07-10,10,high,medium-high
36.2596,-115.5853,2013-07-06,Aqua,MODIS,341.8,0,311.3,100,2013,7,2013-07-06,6,high,high
36.2597,-118.4534,2013-09-09,Aqua,MODIS,25.7,0,293.8,54,2013,9,2013-09-09,9,medium,medium-low
36.2602,-118.4562,2013-09-08,Terra,MODIS,128.6,0,301.0,100,2013,9,2013-09-08,8,high,high
36.2611,-115.5975,2013-07-06,Aqua,MODIS,22.0,0,291.3,97,2013,7,2013-07-06,6,high,medium-low
36.2627,-115.5302,2013-07-09,Aqua,MODIS,134.2,0,285.3,100,2013,7,2013-07-09,9,high,high
36.2645,-115.6064,2013-07-10,Terra,MODIS,53.9,0,289.6,60,2013,7,2013-07-10,10,medium,medium-high
36.274,-119.2048,2013-02-28,Terra,MODIS,3.6,0,293.8,57,2013,2,2013-02-28,28,medium,low
36.2807,-119.3555,2013-10-05,Terra,MODIS,15.2,0,304.3,74,2013,10,2013-10-05,5,high,low
36.2827,-119.3484,2013-10-05,Terra,MODIS,14.8,0,303.0,75,2013,10,2013-10-05,5,high,low
36.285,-119.1597,2013-06-04,Terra,MODIS,20.0,0,307.0,79,2013,6,2013-06-04,4,high,low
36.3054,-121.2789,2013-11-25,Terra,MODIS,5.0,0,292.5,55,2013,11,2013-11-25,25,medium,low
36.3158,-121.2893,2013-11-18,Terra,MODIS,6.7,0,285.0,57,2013,11,2013-11-18,18,medium,low
36.3489,-119.1915,2013-01-27,Terra,MODIS,12.9,0,284.2,72,2013,1,2013-01-27,27,high,low
36.3501,-119.2341,2013-11-16,Terra,MODIS,10.9,0,291.3,55,2013,11,2013-11-16,16,medium,low
36.3524,-119.472,2013-12-05,Aqua,MODIS,13.3,0,288.0,70,2013,12,2013-12-05,5,medium,low
36.3538,-119.4661,2013-12-07,Aqua,MODIS,7.7,0,284.4,60,2013,12,2013-12-07,7,medium,low
36.3576,-119.477,2013-12-04,Terra,MODIS,6.7,0,284.9,53,2013,12,2013-12-04,4,medium,low
36.3591,-119.6602,2013-11-20,Terra,MODIS,5.6,0,290.1,63,2013,11,2013-11-20,20,medium,low
36.364,-119.2577,2013-11-19,Aqua,MODIS,14.5,0,290.5,71,2013,11,2013-11-19,19,high,low
36.3693,-121.3471,2013-02-12,Terra,MODIS,4.8,0,288.8,50,2013,2,2013-02-12,12,medium,low
36.3724,-120.1251,2013-02-03,Terra,MODIS,38.5,0,291.9,89,2013,2,2013-02-03,3,high,medium-low
36.3816,-120.1228,2013-02-03,Terra,MODIS,80.9,0,293.7,98,2013,2,2013-02-03,3,high,medium-high
36.3906,-120.1179,2013-11-23,Aqua,MODIS,3.2,0,290.7,53,2013,11,2013-11-23,23,medium,low
36.4153,-120.3526,2013-01-30,Aqua,MODIS,10.4,0,296.7,62,2013,1,2013-01-30,30,medium,low
36.4155,-119.2892,2013-11-20,Terra,MODIS,7.8,0,286.6,68,2013,11,2013-11-20,20,medium,low
36.417,-120.3364,2013-02-03,Terra,MODIS,10.5,0,292.5,72,2013,2,2013-02-03,3,high,low
36.4171,-120.3411,2013-01-30,Aqua,MODIS,28.2,0,296.7,82,2013,1,2013-01-30,30,high,medium-low
36.4172,-119.3002,2013-11-20,Terra,MODIS,6.2,0,285.2,64,2013,11,2013-11-20,20,medium,low
36.4187,-119.2864,2013-01-28,Aqua,MODIS,12.3,0,287.5,52,2013,1,2013-01-28,28,medium,low
36.4189,-120.3482,2013-02-03,Terra,MODIS,16.2,0,292.6,78,2013,2,2013-02-03,3,high,low
36.4244,-120.3548,2013-01-30,Aqua,MODIS,10.0,0,294.3,64,2013,1,2013-01-30,30,medium,low
36.4262,-120.3341,2013-02-03,Terra,MODIS,26.3,0,293.1,85,2013,2,2013-02-03,3,high,medium-low
36.4281,-120.3459,2013-02-03,Terra,MODIS,41.3,0,292.1,91,2013,2,2013-02-03,3,high,medium-low
36.433,-121.0209,2013-10-10,Aqua,MODIS,75.8,0,298.8,77,2013,10,2013-10-10,10,high,medium-high
36.4462,-121.0063,2013-10-10,Terra,MODIS,25.2,0,299.3,85,2013,10,2013-10-10,10,high,medium-low
36.4465,-119.7979,2013-12-04,Terra,MODIS,11.1,0,284.4,68,2013,12,2013-12-04,4,medium,low
36.4483,-121.3189,2013-12-20,Terra,MODIS,18.2,0,289.3,80,2013,12,2013-12-20,20,high,low
36.4486,-119.8102,2013-12-04,Terra,MODIS,17.4,0,285.7,76,2013,12,2013-12-04,4,high,low
36.4501,-121.3301,2013-12-20,Terra,MODIS,5.3,0,288.1,57,2013,12,2013-12-20,20,medium,low
36.4538,-119.6017,2013-11-16,Aqua,MODIS,5.2,0,293.4,58,2013,11,2013-11-16,16,medium,low
36.4545,-119.8151,2013-02-12,Terra,MODIS,12.1,0,287.5,74,2013,2,2013-02-12,12,high,low
36.4562,-118.4182,2013-08-26,Aqua,MODIS,11.3,0,301.8,50,2013,8,2013-08-26,26,medium,low
36.4591,-119.603,2013-11-16,Terra,MODIS,20.0,0,291.7,71,2013,11,2013-11-16,16,high,low
36.4627,-119.8676,2013-09-27,Terra,MODIS,23.1,0,301.6,54,2013,9,2013-09-27,27,medium,medium-low
36.4639,-119.863,2013-09-28,Terra,MODIS,19.2,0,304.5,71,2013,9,2013-09-28,28,high,low
36.4649,-119.8616,2013-09-27,Aqua,MODIS,8.5,0,308.7,67,2013,9,2013-09-27,27,medium,low
36.466,-119.5356,2013-12-04,Aqua,MODIS,15.4,0,287.3,59,2013,12,2013-12-04,4,medium,low
36.4677,-119.5206,2013-12-04,Terra,MODIS,12.8,0,284.8,69,2013,12,2013-12-04,4,medium,low
36.4689,-119.4685,2013-04-29,Aqua,MODIS,18.9,0,311.7,78,2013,4,2013-04-29,29,high,low
36.4698,-119.5331,2013-12-04,Terra,MODIS,33.4,0,285.4,85,2013,12,2013-12-04,4,high,medium-low
36.4718,-119.5305,2013-12-04,Aqua,MODIS,14.9,0,287.4,57,2013,12,2013-12-04,4,medium,low
36.4744,-119.239,2013-02-28,Terra,MODIS,6.9,0,294.9,59,2013,2,2013-02-28,28,medium,low
36.4746,-119.5807,2013-12-21,Aqua,MODIS,4.7,0,291.0,51,2013,12,2013-12-21,21,medium,low
36.4754,-119.5741,2013-12-21,Aqua,MODIS,6.3,0,290.6,60,2013,12,2013-12-21,21,medium,low
36.4824,-119.8237,2013-12-06,Terra,MODIS,5.8,0,282.2,53,2013,12,2013-12-06,6,medium,low
36.4838,-119.5722,2013-11-17,Aqua,MODIS,9.5,0,294.2,52,2013,11,2013-11-17,17,medium,low
36.4858,-119.8284,2013-11-16,Aqua,MODIS,4.7,0,293.1,59,2013,11,2013-11-16,16,medium,low
36.4867,-119.541,2013-06-22,Terra,MODIS,13.2,0,312.1,70,2013,6,2013-06-22,22,medium,low
36.4883,-119.5135,2013-11-16,Terra,MODIS,11.2,0,291.3,62,2013,11,2013-11-16,16,medium,low
36.489,-119.8145,2013-11-16,Terra,MODIS,14.7,0,290.9,68,2013,11,2013-11-16,16,medium,low
36.4936,-119.4106,2013-10-30,Terra,MODIS,21.7,0,293.6,77,2013,10,2013-10-30,30,high,medium-low
36.4953,-119.4264,2013-10-30,Terra,MODIS,13.2,0,293.5,69,2013,10,2013-10-30,30,medium,low
36.5034,-119.8705,2013-12-21,Aqua,MODIS,5.0,0,290.6,53,2013,12,2013-12-21,21,medium,low
36.5042,-119.5278,2013-11-05,Aqua,MODIS,8.7,0,296.5,71,2013,11,2013-11-05,5,high,low
36.5049,-119.8567,2013-12-21,Aqua,MODIS,8.9,0,291.2,65,2013,12,2013-12-21,21,medium,low
36.5065,-119.8612,2013-04-10,Terra,MODIS,9.6,0,308.2,75,2013,4,2013-04-10,10,high,low
36.5079,-119.4045,2013-04-29,Aqua,MODIS,23.2,0,311.4,82,2013,4,2013-04-29,29,high,medium-low
36.5098,-119.3927,2013-04-29,Aqua,MODIS,26.7,0,311.4,86,2013,4,2013-04-29,29,high,medium-low
36.5101,-119.366,2013-05-15,Aqua,MODIS,15.2,0,312.0,76,2013,5,2013-05-15,15,high,low
36.5108,-119.5078,2013-11-05,Terra,MODIS,36.0,0,291.4,66,2013,11,2013-11-05,5,medium,medium-low
36.5124,-120.1204,2013-02-03,Terra,MODIS,11.1,0,287.5,71,2013,2,2013-02-03,3,high,low
36.5126,-119.5126,2013-11-05,Terra,MODIS,46.4,0,291.5,70,2013,11,2013-11-05,5,medium,medium-low
36.5132,-119.5297,2013-11-05,Aqua,MODIS,10.8,0,295.5,74,2013,11,2013-11-05,5,high,low
36.5142,-119.3373,2013-10-31,Terra,MODIS,17.0,0,295.7,68,2013,10,2013-10-31,31,medium,low
36.5153,-120.1226,2013-01-30,Aqua,MODIS,6.5,0,295.1,54,2013,1,2013-01-30,30,medium,low
36.516,-119.3743,2013-05-15,Aqua,MODIS,19.6,0,314.0,81,2013,5,2013-05-15,15,high,low
36.5175,-119.7458,2013-12-21,Aqua,MODIS,14.1,0,290.7,73,2013,12,2013-12-21,21,high,low
36.5176,-120.1132,2013-02-03,Terra,MODIS,11.2,0,289.5,66,2013,2,2013-02-03,3,medium,low
36.5191,-119.7319,2013-12-21,Aqua,MODIS,26.6,0,291.5,82,2013,12,2013-12-21,21,high,medium-low
36.5192,-120.0073,2013-11-20,Terra,MODIS,9.6,0,290.8,72,2013,11,2013-11-20,20,high,low
36.5197,-120.0073,2013-02-21,Terra,MODIS,5.5,0,286.9,51,2013,2,2013-02-21,21,medium,low
36.5208,-120.0184,2013-11-20,Terra,MODIS,11.0,0,289.6,74,2013,11,2013-11-20,20,high,low
36.5208,-119.3832,2013-04-29,Aqua,MODIS,17.4,0,316.2,76,2013,4,2013-04-29,29,high,low
36.5229,-120.3133,2013-01-30,Aqua,MODIS,24.8,0,296.2,86,2013,1,2013-01-30,30,high,medium-low
36.5233,-120.303,2013-02-03,Terra,MODIS,10.3,0,289.5,71,2013,2,2013-02-03,3,high,low
36.5269,-114.4111,2013-03-13,Terra,MODIS,6.4,0,300.5,50,2013,3,2013-03-13,13,medium,low
36.5273,-119.8899,2013-01-28,Aqua,MODIS,5.3,0,289.5,62,2013,1,2013-01-28,28,medium,low
36.5285,-114.4225,2013-03-13,Terra,MODIS,83.0,0,299.5,100,2013,3,2013-03-13,13,high,medium-high
36.5288,-120.1228,2013-02-03,Terra,MODIS,54.3,0,290.5,93,2013,2,2013-02-03,3,high,medium-high
36.5301,-119.3309,2013-05-31,Aqua,MODIS,12.6,0,314.9,73,2013,5,2013-05-31,31,high,low
36.5337,-119.6553,2013-11-20,Terra,MODIS,6.8,0,290.0,66,2013,11,2013-11-20,20,medium,low
36.5353,-119.6663,2013-11-20,Terra,MODIS,3.7,0,289.3,54,2013,11,2013-11-20,20,medium,low
36.5406,-119.7679,2013-11-20,Terra,MODIS,9.2,0,290.3,72,2013,11,2013-11-20,20,high,low
36.5406,-119.4905,2013-11-17,Aqua,MODIS,10.5,0,293.0,52,2013,11,2013-11-17,17,medium,low
36.5422,-119.7789,2013-11-20,Terra,MODIS,3.5,0,290.2,54,2013,11,2013-11-20,20,medium,low
36.5425,-119.4683,2013-11-17,Aqua,MODIS,10.9,0,292.9,55,2013,11,2013-11-17,17,medium,low
36.544,-119.4739,2013-11-17,Aqua,MODIS,16.0,0,292.8,64,2013,11,2013-11-17,17,medium,low
36.5441,-119.564,2013-04-16,Terra,MODIS,14.2,0,280.4,76,2013,4,2013-04-16,16,high,low
36.5547,-121.2082,2013-03-16,Aqua,MODIS,47.1,0,297.5,69,2013,3,2013-03-16,16,medium,medium-high
36.5555,-121.2158,2013-03-16,Aqua,MODIS,40.0,0,297.1,66,2013,3,2013-03-16,16,medium,medium-low
36.5654,-119.6311,2013-04-26,Terra,MODIS,15.4,0,311.6,80,2013,4,2013-04-26,26,high,low
36.5658,-119.4983,2013-04-29,Aqua,MODIS,13.4,0,311.5,73,2013,4,2013-04-29,29,high,low
36.5678,-119.9651,2013-11-23,Aqua,MODIS,9.4,0,287.8,68,2013,11,2013-11-23,23,medium,low
36.5716,-119.9714,2013-11-23,Aqua,MODIS,5.2,0,288.1,55,2013,11,2013-11-23,23,medium,low
36.5717,-119.4993,2013-10-21,Terra,MODIS,7.5,0,299.5,53,2013,10,2013-10-21,21,medium,low
36.5723,-119.5382,2013-12-20,Aqua,MODIS,14.4,0,287.5,60,2013,12,2013-12-20,20,medium,low
36.573,-119.5416,2013-12-07,Aqua,MODIS,20.2,0,285.2,71,2013,12,2013-12-07,7,high,low
36.5733,-119.5127,2013-10-21,Terra,MODIS,26.2,0,300.0,80,2013,10,2013-10-21,21,high,medium-low
36.5749,-119.2539,2013-11-05,Terra,MODIS,19.7,0,292.1,57,2013,11,2013-11-05,5,medium,low
36.5756,-118.0227,2013-02-24,Aqua,MODIS,141.4,0,308.2,100,2013,2,2013-02-24,24,high,high
36.5771,-121.816,2013-10-15,Aqua,MODIS,27.2,0,302.1,60,2013,10,2013-10-15,15,medium,medium-low
36.5772,-118.0116,2013-02-24,Aqua,MODIS,16.4,0,293.9,55,2013,2,2013-02-24,24,medium,low
36.5785,-118.0041,2013-02-24,Terra,MODIS,44.5,0,286.7,75,2013,2,2013-02-24,24,high,medium-low
36.5786,-119.9173,2013-12-21,Aqua,MODIS,6.8,0,290.1,61,2013,12,2013-12-21,21,medium,low
36.5794,-119.5283,2013-12-20,Terra,MODIS,29.6,0,286.3,84,2013,12,2013-12-20,20,high,medium-low
36.5802,-119.9036,2013-12-21,Aqua,MODIS,11.2,0,290.6,70,2013,12,2013-12-21,21,medium,low
36.5809,-121.7971,2013-10-15,Aqua,MODIS,489.3,0,316.0,100,2013,10,2013-10-15,15,high,high
36.5819,-119.764,2013-12-20,Aqua,MODIS,15.1,0,287.4,60,2013,12,2013-12-20,20,medium,low
36.5824,-121.7816,2013-10-15,Terra,MODIS,24.7,0,307.5,79,2013,10,2013-10-15,15,high,medium-low
36.5845,-118.0313,2013-02-24,Terra,MODIS,125.6,0,287.2,89,2013,2,2013-02-24,24,high,high
36.5845,-118.0248,2013-02-24,Aqua,MODIS,187.8,0,308.9,100,2013,2,2013-02-24,24,high,high
36.5846,-121.7783,2013-10-15,Aqua,MODIS,53.3,0,304.1,84,2013,10,2013-10-15,15,high,medium-high
36.5848,-121.7948,2013-10-15,Terra,MODIS,393.7,0,325.0,100,2013,10,2013-10-15,15,high,high
36.5857,-121.8076,2013-10-16,Terra,MODIS,18.4,0,284.5,93,2013,10,2013-10-16,16,high,low
36.5871,-121.808,2013-10-15,Terra,MODIS,156.8,0,311.1,100,2013,10,2013-10-15,15,high,high
36.5872,-121.7962,2013-10-16,Terra,MODIS,14.4,0,286.2,83,2013,10,2013-10-16,16,high,low
36.5874,-121.7835,2013-10-14,Terra,MODIS,25.0,0,299.3,65,2013,10,2013-10-14,14,medium,medium-low
36.5894,-121.8068,2013-10-14,Terra,MODIS,217.7,0,301.2,99,2013,10,2013-10-14,14,high,high
36.591,-119.5177,2013-02-15,Aqua,MODIS,12.9,0,300.3,78,2013,2,2013-02-15,15,high,low
36.5912,-118.0236,2013-02-24,Terra,MODIS,234.6,0,289.3,96,2013,2,2013-02-24,24,high,high
36.592,-121.8008,2013-10-15,Aqua,MODIS,72.1,0,308.3,88,2013,10,2013-10-15,15,high,medium-high
36.5927,-119.5066,2013-02-15,Aqua,MODIS,8.1,0,300.1,72,2013,2,2013-02-15,15,high,low
36.5934,-118.0269,2013-02-24,Aqua,MODIS,67.5,0,297.1,98,2013,2,2013-02-24,24,high,medium-high
36.5941,-119.4989,2013-11-20,Terra,MODIS,11.7,0,290.4,76,2013,11,2013-11-20,20,high,low
36.5945,-121.7921,2013-10-15,Terra,MODIS,79.2,0,320.4,96,2013,10,2013-10-15,15,high,medium-high
36.5957,-119.5099,2013-11-20,Terra,MODIS,29.6,0,291.4,88,2013,11,2013-11-20,20,high,medium-low
36.5959,-121.8188,2013-10-14,Aqua,MODIS,30.8,0,302.6,68,2013,10,2013-10-14,14,medium,medium-low
36.5968,-121.8054,2013-10-15,Terra,MODIS,40.1,0,314.4,87,2013,10,2013-10-15,15,high,medium-low
36.5973,-119.4738,2013-11-16,Terra,MODIS,7.9,0,291.1,59,2013,11,2013-11-16,16,medium,low
36.5976,-121.8028,2013-10-14,Aqua,MODIS,56.1,0,305.6,80,2013,10,2013-10-14,14,high,medium-high
36.5977,-119.4911,2013-11-16,Aqua,MODIS,13.7,0,294.3,74,2013,11,2013-11-16,16,high,low
36.5978,-121.7953,2013-10-14,Aqua,MODIS,45.5,0,304.5,75,2013,10,2013-10-14,14,high,medium-low
36.5998,-121.7824,2013-10-14,Terra,MODIS,243.8,0,303.1,100,2013,10,2013-10-14,14,high,high
36.6008,-119.4916,2013-11-16,Terra,MODIS,27.9,0,291.5,78,2013,11,2013-11-16,16,high,medium-low
36.6018,-121.8051,2013-10-14,Terra,MODIS,1420.1,0,318.6,100,2013,10,2013-10-14,14,high,high
36.6043,-121.7986,2013-10-14,Terra,MODIS,638.6,0,312.3,100,2013,10,2013-10-14,14,high,high
36.6044,-118.019,2013-02-24,Terra,MODIS,67.9,0,286.6,81,2013,2,2013-02-24,24,high,medium-high
36.6062,-121.8216,2013-10-14,Terra,MODIS,34.4,0,298.2,55,2013,10,2013-10-14,14,medium,medium-low
36.6065,-118.2034,2013-02-05,Terra,MODIS,45.2,0,287.6,92,2013,2,2013-02-05,5,high,medium-low
36.6072,-119.8393,2013-01-28,Aqua,MODIS,3.7,0,288.7,52,2013,1,2013-01-28,28,medium,low
36.6083,-118.2149,2013-02-05,Terra,MODIS,45.3,0,285.3,92,2013,2,2013-02-05,5,high,medium-low
36.6087,-119.8274,2013-01-28,Aqua,MODIS,3.6,0,288.3,52,2013,1,2013-01-28,28,medium,low
36.6093,-118.0486,2013-02-24,Aqua,MODIS,20.4,0,294.8,83,2013,2,2013-02-24,24,high,low
36.6105,-118.046,2013-02-24,Terra,MODIS,63.6,0,286.1,80,2013,2,2013-02-24,24,high,medium-high
36.611,-118.0375,2013-02-24,Aqua,MODIS,30.3,0,295.2,88,2013,2,2013-02-24,24,high,medium-low
36.6132,-119.6101,2013-12-21,Aqua,MODIS,5.0,0,289.7,50,2013,12,2013-12-21,21,medium,low
36.6147,-119.607,2013-11-18,Terra,MODIS,19.1,0,271.9,75,2013,11,2013-11-18,18,high,low
36.6211,-119.0184,2013-02-18,Terra,MODIS,20.8,0,287.5,59,2013,2,2013-02-18,18,medium,medium-low
36.6274,-120.0254,2013-04-06,Aqua,MODIS,12.3,0,297.9,66,2013,4,2013-04-06,6,medium,low
36.6298,-119.764,2013-10-31,Aqua,MODIS,8.4,0,298.1,68,2013,10,2013-10-31,31,medium,low
36.6303,-119.7505,2013-10-31,Terra,MODIS,7.9,0,295.6,56,2013,10,2013-10-31,31,medium,low
36.6336,-119.7676,2013-10-31,Terra,MODIS,9.4,0,295.8,61,2013,10,2013-10-31,31,medium,low
36.6341,-119.7615,2013-10-31,Terra,MODIS,15.1,0,295.7,70,2013,10,2013-10-31,31,medium,low
36.6393,-121.4388,2013-04-12,Terra,MODIS,19.9,0,298.7,61,2013,4,2013-04-12,12,medium,low
36.6414,-121.4309,2013-04-12,Terra,MODIS,20.6,0,299.1,57,2013,4,2013-04-12,12,medium,low
36.6418,-119.4671,2013-04-17,Terra,MODIS,11.4,0,301.8,76,2013,4,2013-04-17,17,high,low
36.6432,-121.4461,2013-02-28,Terra,MODIS,15.2,0,292.4,74,2013,2,2013-02-28,28,high,low
36.6441,-119.5905,2013-11-20,Terra,MODIS,6.1,0,290.2,64,2013,11,2013-11-20,20,medium,low
36.6454,-119.4752,2013-09-26,Terra,MODIS,15.2,0,297.6,77,2013,9,2013-09-26,26,high,low
36.6457,-119.6016,2013-11-20,Terra,MODIS,9.8,0,289.8,72,2013,11,2013-11-20,20,high,low
36.6469,-119.4869,2013-09-26,Terra,MODIS,5.8,0,298.0,55,2013,9,2013-09-26,26,medium,low
36.6477,-121.3097,2013-10-27,Terra,MODIS,81.3,0,293.5,76,2013,10,2013-10-27,27,high,medium-high
36.651,-121.3584,2013-10-27,Aqua,MODIS,29.2,0,300.7,86,2013,10,2013-10-27,27,high,medium-low
36.6519,-119.8486,2013-09-27,Aqua,MODIS,5.3,0,304.6,50,2013,9,2013-09-27,27,medium,low
36.6523,-119.5515,2013-01-28,Aqua,MODIS,5.5,0,288.8,58,2013,1,2013-01-28,28,medium,low
36.6526,-121.3473,2013-10-27,Aqua,MODIS,396.7,0,321.5,100,2013,10,2013-10-27,27,high,high
36.6538,-119.5392,2013-01-28,Aqua,MODIS,12.7,0,288.9,73,2013,1,2013-01-28,28,high,low
36.6541,-121.3361,2013-10-27,Aqua,MODIS,146.3,0,305.4,100,2013,10,2013-10-27,27,high,high
36.6552,-121.3363,2013-10-27,Terra,MODIS,367.5,0,298.0,98,2013,10,2013-10-27,27,high,high
36.6554,-119.908,2013-02-23,Terra,MODIS,11.7,0,288.9,69,2013,2,2013-02-23,23,medium,low
36.6558,-121.3443,2013-10-27,Terra,MODIS,294.5,0,297.5,95,2013,10,2013-10-27,27,high,high
36.657,-119.922,2013-02-23,Terra,MODIS,6.9,0,289.2,57,2013,2,2013-02-23,23,medium,low
36.6579,-119.9186,2013-03-04,Terra,MODIS,13.8,0,295.0,66,2013,3,2013-03-04,4,medium,low
36.6587,-120.3738,2013-01-10,Aqua,MODIS,13.7,0,283.2,61,2013,1,2013-01-10,10,medium,low
36.6599,-121.3604,2013-10-27,Aqua,MODIS,320.4,0,314.3,100,2013,10,2013-10-27,27,high,high
36.6599,-119.5137,2013-12-20,Terra,MODIS,6.7,0,285.2,54,2013,12,2013-12-20,20,medium,low
36.6615,-121.3493,2013-10-27,Aqua,MODIS,377.3,0,310.6,100,2013,10,2013-10-27,27,high,high
36.662,-119.4762,2013-10-29,Terra,MODIS,23.9,0,290.7,66,2013,10,2013-10-29,29,medium,medium-low
36.6626,-119.5625,2013-08-21,Aqua,MODIS,10.1,0,292.2,68,2013,8,2013-08-21,21,medium,low
36.663,-121.3381,2013-10-27,Aqua,MODIS,38.2,0,295.6,89,2013,10,2013-10-27,27,high,medium-low
36.6648,-119.56,2013-10-16,Terra,MODIS,17.4,0,299.8,55,2013,10,2013-10-16,16,medium,low
36.6652,-121.3605,2013-11-07,Terra,MODIS,30.7,0,268.6,65,2013,11,2013-11-07,7,medium,medium-low
36.6671,-118.9836,2013-03-29,Terra,MODIS,27.2,0,289.2,64,2013,3,2013-03-29,29,medium,medium-low
36.6678,-119.6161,2013-12-20,Terra,MODIS,6.6,0,284.2,53,2013,12,2013-12-20,20,medium,low
36.6686,-119.5638,2013-12-20,Terra,MODIS,7.1,0,285.8,57,2013,12,2013-12-20,20,medium,low
36.669,-121.3295,2013-10-27,Terra,MODIS,70.3,0,291.2,71,2013,10,2013-10-27,27,high,medium-high
36.6695,-119.5503,2013-10-15,Aqua,MODIS,8.7,0,303.4,58,2013,10,2013-10-15,15,medium,low
36.6696,-121.3372,2013-10-27,Terra,MODIS,88.8,0,292.1,77,2013,10,2013-10-27,27,high,medium-high
36.6721,-119.7332,2013-02-22,Aqua,MODIS,7.2,0,290.3,69,2013,2,2013-02-22,22,medium,low
36.675,-119.5515,2013-10-16,Terra,MODIS,33.1,0,300.0,71,2013,10,2013-10-16,16,high,medium-low
36.6751,-119.5452,2013-10-15,Terra,MODIS,19.8,0,300.9,73,2013,10,2013-10-15,15,high,low
36.6757,-121.3558,2013-11-07,Terra,MODIS,193.1,0,270.6,75,2013,11,2013-11-07,7,high,high
36.6759,-119.5516,2013-10-15,Terra,MODIS,18.0,0,301.2,70,2013,10,2013-10-15,15,medium,low
36.6783,-119.7089,2013-04-10,Terra,MODIS,8.3,0,308.3,73,2013,4,2013-04-10,10,high,low
36.6784,-119.8407,2013-12-04,Terra,MODIS,9.4,0,283.5,62,2013,12,2013-12-04,4,medium,low
36.6796,-120.0093,2013-10-31,Aqua,MODIS,8.3,0,297.2,63,2013,10,2013-10-31,31,medium,low
36.6799,-119.72,2013-04-10,Terra,MODIS,22.5,0,308.1,85,2013,4,2013-04-10,10,high,medium-low
36.6799,-119.6185,2013-11-19,Aqua,MODIS,11.0,0,291.6,69,2013,11,2013-11-19,19,medium,low
36.6807,-119.9966,2013-10-31,Terra,MODIS,11.5,0,292.7,63,2013,10,2013-10-31,31,medium,low
36.6827,-119.7246,2013-04-10,Aqua,MODIS,25.5,0,305.0,64,2013,4,2013-04-10,10,medium,medium-low
36.6839,-120.0132,2013-10-31,Terra,MODIS,10.2,0,294.8,60,2013,10,2013-10-31,31,medium,low
36.6843,-120.0155,2013-10-25,Terra,MODIS,31.4,0,282.8,100,2013,10,2013-10-25,25,high,medium-low
36.685,-120.0168,2013-10-27,Terra,MODIS,9.9,0,282.2,61,2013,10,2013-10-27,27,medium,low
36.6858,-120.0038,2013-10-25,Terra,MODIS,9.9,0,282.2,57,2013,10,2013-10-25,25,medium,low
36.6867,-120.0055,2013-10-27,Terra,MODIS,28.5,0,282.7,100,2013,10,2013-10-27,27,high,medium-low
36.6872,-119.707,2013-04-10,Terra,MODIS,12.1,0,306.1,78,2013,4,2013-04-10,10,high,low
36.6876,-121.5323,2013-12-13,Terra,MODIS,6.7,0,287.1,53,2013,12,2013-12-13,13,medium,low
36.6888,-119.718,2013-04-10,Terra,MODIS,42.2,0,307.0,93,2013,4,2013-04-10,10,high,medium-low
36.6891,-121.5435,2013-12-13,Terra,MODIS,9.0,0,288.8,68,2013,12,2013-12-13,13,medium,low
36.6895,-119.9999,2013-10-31,Terra,MODIS,15.1,0,294.8,68,2013,10,2013-10-31,31,medium,low
36.6905,-121.5856,2013-02-28,Terra,MODIS,12.9,0,295.5,75,2013,2,2013-02-28,28,high,low
36.6907,-121.5547,2013-12-13,Terra,MODIS,12.9,0,287.2,75,2013,12,2013-12-13,13,high,low
36.7025,-120.4375,2013-11-16,Terra,MODIS,11.2,0,296.3,69,2013,11,2013-11-16,16,medium,low
36.7098,-119.6266,2013-10-30,Terra,MODIS,8.5,0,292.5,63,2013,10,2013-10-30,30,medium,low
36.7103,-120.6526,2013-12-04,Terra,MODIS,28.4,0,284.7,85,2013,12,2013-12-04,4,high,medium-low
36.712,-119.2335,2013-06-25,Aqua,MODIS,51.6,0,310.0,92,2013,6,2013-06-25,25,high,medium-high
36.7139,-119.6307,2013-11-06,Terra,MODIS,5.8,0,294.6,58,2013,11,2013-11-06,6,medium,low
36.7147,-119.6039,2013-12-20,Terra,MODIS,15.3,0,285.3,73,2013,12,2013-12-20,20,high,low
36.7232,-119.521,2013-09-28,Terra,MODIS,13.8,0,302.2,60,2013,9,2013-09-28,28,medium,low
36.7234,-120.7127,2013-01-27,Terra,MODIS,10.0,0,286.6,68,2013,1,2013-01-27,27,medium,low
36.736,-121.7565,2013-02-14,Terra,MODIS,6.5,0,292.8,55,2013,2,2013-02-14,14,medium,low
36.737,-120.0489,2013-10-10,Terra,MODIS,4.7,0,296.3,54,2013,10,2013-10-10,10,medium,low
36.7388,-119.5185,2013-02-15,Aqua,MODIS,11.5,0,296.9,74,2013,2,2013-02-15,15,high,low
36.7401,-119.5202,2013-02-15,Terra,MODIS,14.5,0,292.2,53,2013,2,2013-02-15,15,medium,low
36.747,-120.3679,2013-05-19,Terra,MODIS,17.0,0,311.9,76,2013,5,2013-05-19,19,high,low
36.7517,-120.1625,2013-12-05,Aqua,MODIS,18.2,0,285.5,75,2013,12,2013-12-05,5,high,low
36.752,-119.0354,2013-03-19,Aqua,MODIS,13.5,0,287.8,57,2013,3,2013-03-19,19,medium,low
36.7533,-120.149,2013-12-05,Aqua,MODIS,17.6,0,284.6,74,2013,12,2013-12-05,5,high,low
36.7554,-120.0583,2013-12-21,Aqua,MODIS,9.5,0,289.3,65,2013,12,2013-12-21,21,medium,low
36.7559,-120.3659,2013-05-19,Terra,MODIS,15.2,0,312.0,53,2013,5,2013-05-19,19,medium,low
36.7613,-114.1534,2013-02-12,Terra,MODIS,17.2,0,288.5,66,2013,2,2013-02-12,12,medium,low
36.7626,-119.5263,2013-04-17,Terra,MODIS,16.7,0,301.2,80,2013,4,2013-04-17,17,high,low
36.7644,-119.5377,2013-04-17,Terra,MODIS,21.3,0,301.2,83,2013,4,2013-04-17,17,high,medium-low
36.7661,-120.1368,2013-12-20,Terra,MODIS,11.2,0,285.1,69,2013,12,2013-12-20,20,medium,low
36.7683,-120.6943,2013-09-13,Aqua,MODIS,7.9,0,289.6,54,2013,9,2013-09-13,13,medium,low
36.7771,-120.6607,2013-11-16,Terra,MODIS,8.9,0,294.0,58,2013,11,2013-11-16,16,medium,low
36.7785,-120.0963,2013-12-20,Terra,MODIS,5.7,0,284.0,51,2013,12,2013-12-20,20,medium,low
36.7799,-120.676,2013-11-16,Terra,MODIS,23.8,0,293.8,78,2013,11,2013-11-16,16,high,medium-low
36.7817,-121.3048,2013-05-03,Aqua,MODIS,90.0,0,314.2,82,2013,5,2013-05-03,3,high,medium-high
36.7821,-119.9449,2013-12-20,Terra,MODIS,17.1,0,284.7,76,2013,12,2013-12-20,20,high,low
36.7826,-121.3128,2013-05-03,Aqua,MODIS,73.3,0,314.8,79,2013,5,2013-05-03,3,high,medium-high
36.7841,-119.957,2013-12-20,Terra,MODIS,6.8,0,284.0,54,2013,12,2013-12-20,20,medium,low
36.7842,-119.6335,2013-06-13,Terra,MODIS,8.2,0,316.1,57,2013,6,2013-06-13,13,medium,low
36.7867,-118.665,2013-04-11,Aqua,MODIS,94.1,0,299.9,100,2013,4,2013-04-11,11,high,medium-high
36.7928,-120.0901,2013-04-06,Terra,MODIS,15.7,0,284.5,70,2013,4,2013-04-06,6,medium,low
36.7963,-121.3292,2013-05-03,Terra,MODIS,7.7,0,317.9,55,2013,5,2013-05-03,3,medium,low
36.7968,-120.746,2013-03-23,Terra,MODIS,12.5,0,296.4,63,2013,3,2013-03-23,23,medium,low
36.798,-120.1422,2013-12-21,Aqua,MODIS,6.3,0,290.9,58,2013,12,2013-12-21,21,medium,low
36.7994,-119.9272,2013-10-11,Aqua,MODIS,9.9,0,304.4,72,2013,10,2013-10-11,11,high,low
36.7995,-120.1286,2013-12-21,Aqua,MODIS,14.2,0,290.8,73,2013,12,2013-12-21,21,high,low
36.8014,-120.0933,2013-04-06,Terra,MODIS,11.0,0,287.2,50,2013,4,2013-04-06,6,medium,low
36.8028,-120.1375,2013-11-28,Aqua,MODIS,10.0,0,291.8,71,2013,11,2013-11-28,28,high,low
36.8035,-120.0043,2013-12-21,Aqua,MODIS,6.6,0,289.0,57,2013,12,2013-12-21,21,medium,low
36.8052,-121.3272,2013-05-03,Terra,MODIS,9.0,0,318.8,62,2013,5,2013-05-03,3,medium,low
36.8066,-120.0013,2013-11-16,Aqua,MODIS,6.1,0,292.8,60,2013,11,2013-11-16,16,medium,low
36.8068,-118.6742,2013-08-19,Terra,MODIS,49.8,0,301.0,60,2013,8,2013-08-19,19,medium,medium-high
36.8085,-120.1516,2013-11-17,Aqua,MODIS,10.1,0,294.1,54,2013,11,2013-11-17,17,medium,low
36.8091,-119.9871,2013-11-16,Aqua,MODIS,8.3,0,292.1,66,2013,11,2013-11-16,16,medium,low
36.8121,-119.531,2013-06-07,Aqua,MODIS,77.2,0,324.9,100,2013,6,2013-06-07,7,high,medium-high
36.8203,-118.1506,2013-02-05,Terra,MODIS,6.7,0,293.9,69,2013,2,2013-02-05,5,medium,low
36.8243,-119.9807,2013-11-16,Terra,MODIS,9.0,0,289.7,60,2013,11,2013-11-16,16,medium,low
36.8268,-120.3269,2013-12-20,Aqua,MODIS,41.7,0,286.3,76,2013,12,2013-12-20,20,high,medium-low
36.83,-120.0369,2013-12-21,Aqua,MODIS,10.3,0,289.5,67,2013,12,2013-12-21,21,medium,low
36.8328,-120.3178,2013-03-14,Terra,MODIS,19.1,0,287.2,76,2013,3,2013-03-14,14,high,low
36.833,-120.039,2013-12-20,Terra,MODIS,9.4,0,283.7,64,2013,12,2013-12-20,20,medium,low
36.8342,-120.3172,2013-12-20,Terra,MODIS,22.2,0,283.3,80,2013,12,2013-12-20,20,high,medium-low
36.8361,-118.1584,2013-02-12,Terra,MODIS,5.3,0,288.2,50,2013,2,2013-02-12,12,medium,low
36.8362,-120.3289,2013-12-20,Terra,MODIS,23.0,0,283.7,81,2013,12,2013-12-20,20,high,medium-low
36.8453,-120.0353,2013-09-27,Aqua,MODIS,7.7,0,307.5,69,2013,9,2013-09-27,27,medium,low
36.8519,-121.4468,2013-03-10,Aqua,MODIS,10.5,0,298.7,64,2013,3,2013-03-10,10,medium,low
36.8534,-120.0366,2013-09-24,Terra,MODIS,13.1,0,304.6,76,2013,9,2013-09-24,24,high,low
36.8543,-120.0375,2013-09-27,Aqua,MODIS,13.2,0,304.7,77,2013,9,2013-09-27,27,high,low
36.8574,-121.4952,2013-12-13,Terra,MODIS,15.2,0,286.6,77,2013,12,2013-12-13,13,high,low
36.8601,-120.6438,2013-12-21,Aqua,MODIS,8.1,0,293.0,67,2013,12,2013-12-21,21,medium,low
36.8608,-118.2262,2013-03-18,Terra,MODIS,6.1,0,296.7,50,2013,3,2013-03-18,18,medium,low
36.8651,-120.064,2013-12-05,Aqua,MODIS,11.5,0,285.2,63,2013,12,2013-12-05,5,medium,low
36.8666,-121.7369,2013-12-22,Terra,MODIS,5.7,0,290.1,53,2013,12,2013-12-22,22,medium,low
36.867,-120.0651,2013-04-03,Terra,MODIS,23.6,0,295.2,82,2013,4,2013-04-03,3,high,medium-low
36.8674,-120.6367,2013-12-20,Terra,MODIS,5.6,0,286.5,50,2013,12,2013-12-20,20,medium,low
36.8682,-120.6385,2013-12-20,Aqua,MODIS,15.9,0,289.3,55,2013,12,2013-12-20,20,medium,low
36.8706,-119.8492,2013-04-22,Terra,MODIS,24.0,0,308.9,57,2013,4,2013-04-22,22,medium,medium-low
36.8719,-120.068,2013-01-28,Aqua,MODIS,23.1,0,288.4,82,2013,1,2013-01-28,28,high,medium-low
36.8725,-120.0599,2013-01-10,Aqua,MODIS,14.3,0,282.9,60,2013,1,2013-01-10,10,medium,low
36.8742,-120.0714,2013-01-12,Aqua,MODIS,8.5,0,284.4,60,2013,1,2013-01-12,12,medium,low
36.8797,-121.3565,2013-11-04,Terra,MODIS,4.2,0,296.0,59,2013,11,2013-11-04,4,medium,low
36.8811,-120.0392,2013-12-20,Terra,MODIS,10.4,0,283.6,66,2013,12,2013-12-20,20,medium,low
36.8813,-121.3687,2013-11-04,Terra,MODIS,12.0,0,296.2,74,2013,11,2013-11-04,4,high,low
36.8814,-121.3641,2013-11-02,Terra,MODIS,8.5,0,299.4,57,2013,11,2013-11-02,2,medium,low
36.8831,-120.0512,2013-12-20,Terra,MODIS,7.9,0,283.5,58,2013,12,2013-12-20,20,medium,low
36.8836,-120.0426,2013-11-17,Aqua,MODIS,16.4,0,293.5,64,2013,11,2013-11-17,17,medium,low
36.8853,-120.0431,2013-11-05,Aqua,MODIS,17.3,0,296.1,80,2013,11,2013-11-05,5,high,low
36.8868,-120.032,2013-11-05,Aqua,MODIS,18.9,0,297.2,81,2013,11,2013-11-05,5,high,low
36.9003,-120.1724,2013-12-04,Terra,MODIS,8.5,0,282.6,62,2013,12,2013-12-04,4,medium,low
36.9006,-120.2787,2013-12-05,Aqua,MODIS,25.3,0,289.0,81,2013,12,2013-12-05,5,high,medium-low
36.9009,-120.2844,2013-12-05,Aqua,MODIS,13.3,0,288.8,72,2013,12,2013-12-05,5,high,low
36.9022,-120.6585,2013-05-24,Aqua,MODIS,19.1,0,313.5,72,2013,5,2013-05-24,24,high,low
36.9024,-120.2709,2013-12-05,Aqua,MODIS,11.9,0,288.8,71,2013,12,2013-12-05,5,high,low
36.9053,-120.3446,2013-12-21,Aqua,MODIS,8.2,0,289.4,64,2013,12,2013-12-21,21,medium,low
36.9068,-120.3313,2013-12-21,Aqua,MODIS,12.9,0,288.5,72,2013,12,2013-12-21,21,high,low
36.908,-120.1051,2013-11-16,Terra,MODIS,9.8,0,291.7,63,2013,11,2013-11-16,16,medium,low
36.9336,-121.7104,2013-12-13,Terra,MODIS,6.7,0,286.7,60,2013,12,2013-12-13,13,medium,low
36.9372,-118.1802,2013-03-18,Terra,MODIS,29.8,0,294.6,82,2013,3,2013-03-18,18,high,medium-low
36.9398,-118.1778,2013-03-11,Terra,MODIS,20.3,0,302.4,83,2013,3,2013-03-11,11,high,low
36.9414,-118.1899,2013-03-11,Terra,MODIS,393.0,0,308.5,100,2013,3,2013-03-11,11,high,high
36.943000000000005,-118.2019,2013-03-11,Terra,MODIS,8.7,0,298.6,64,2013,3,2013-03-11,11,medium,low
36.948,-119.805,2013-03-11,Terra,MODIS,5.8,0,293.9,58,2013,3,2013-03-11,11,medium,low
36.9547,-120.1964,2013-12-21,Aqua,MODIS,7.4,0,289.9,59,2013,12,2013-12-21,21,medium,low
36.9552,-119.0624,2013-10-20,Aqua,MODIS,14.6,0,293.6,64,2013,10,2013-10-20,20,medium,low
36.9567,-119.0512,2013-10-20,Aqua,MODIS,15.6,0,290.6,67,2013,10,2013-10-20,20,medium,low
36.9586,-119.0523,2013-10-20,Terra,MODIS,67.8,0,289.3,63,2013,10,2013-10-20,20,medium,medium-high
36.96,-119.1769,2013-04-23,Aqua,MODIS,43.9,0,294.9,59,2013,4,2013-04-23,23,medium,medium-low
36.9614,-119.0566,2013-10-20,Terra,MODIS,85.7,0,289.6,71,2013,10,2013-10-20,20,high,medium-high
36.9642,-119.0645,2013-10-20,Aqua,MODIS,62.4,0,296.3,95,2013,10,2013-10-20,20,high,medium-high
36.9657,-119.0532,2013-10-20,Aqua,MODIS,62.5,0,293.5,95,2013,10,2013-10-20,20,high,medium-high
36.9674,-119.0545,2013-10-22,Aqua,MODIS,21.0,0,283.2,99,2013,10,2013-10-22,22,high,medium-low
36.9677,-120.2518,2013-11-20,Terra,MODIS,59.4,0,289.8,95,2013,11,2013-11-20,20,high,medium-high
36.9692,-120.2632,2013-11-20,Terra,MODIS,8.6,0,289.2,68,2013,11,2013-11-20,20,medium,low
36.9712,-120.1962,2013-12-20,Terra,MODIS,12.0,0,285.2,70,2013,12,2013-12-20,20,medium,low
36.973,-119.0703,2013-11-19,Aqua,MODIS,32.6,0,278.9,60,2013,11,2013-11-19,19,medium,medium-low
36.9732,-119.0663,2013-10-20,Aqua,MODIS,39.8,0,294.8,88,2013,10,2013-10-20,20,high,medium-low
36.9736,-119.0569,2013-10-19,Terra,MODIS,19.6,0,292.5,76,2013,10,2013-10-19,19,high,low
36.9744,-119.0546,2013-10-18,Aqua,MODIS,48.5,0,289.4,83,2013,10,2013-10-18,18,high,medium-high
36.9745,-120.1583,2013-12-20,Terra,MODIS,6.5,0,284.9,53,2013,12,2013-12-20,20,medium,low
36.9746,-120.1952,2013-12-20,Aqua,MODIS,16.0,0,286.4,59,2013,12,2013-12-20,20,medium,low
36.9747,-119.0551,2013-10-20,Aqua,MODIS,41.5,0,291.7,89,2013,10,2013-10-20,20,high,medium-low
36.9756,-119.0661,2013-11-17,Aqua,MODIS,27.1,0,284.1,56,2013,11,2013-11-17,17,medium,medium-low
36.9774,-119.7902,2013-06-15,Terra,MODIS,36.3,0,325.5,90,2013,6,2013-06-15,15,high,medium-low
36.9796,-119.0648,2013-11-16,Aqua,MODIS,13.6,0,279.9,63,2013,11,2013-11-16,16,medium,low
36.9833,-118.6192,2013-08-23,Aqua,MODIS,61.0,0,302.3,71,2013,8,2013-08-23,23,high,medium-high
36.9866,-115.7717,2013-07-07,Terra,MODIS,180.1,0,304.3,92,2013,7,2013-07-07,7,high,high
36.9871,-115.7968,2013-07-07,Aqua,MODIS,435.8,0,319.7,94,2013,7,2013-07-07,7,high,high
36.9879,-118.6214,2013-08-24,Aqua,MODIS,28.5,0,305.4,72,2013,8,2013-08-24,24,high,medium-low
36.9882,-118.5957,2013-08-23,Aqua,MODIS,53.9,0,300.4,67,2013,8,2013-08-23,23,medium,medium-high
36.9886,-115.8007,2013-07-07,Terra,MODIS,96.1,0,300.5,77,2013,7,2013-07-07,7,high,medium-high
36.9894,-118.6081,2013-08-24,Aqua,MODIS,249.9,0,312.9,100,2013,8,2013-08-24,24,high,high
36.9909,-118.5951,2013-08-24,Aqua,MODIS,186.0,0,307.2,100,2013,8,2013-08-24,24,high,high
36.9939,-118.6026,2013-08-26,Aqua,MODIS,16.9,0,309.7,69,2013,8,2013-08-26,26,medium,low
36.9953,-118.5918,2013-08-25,Terra,MODIS,15.4,0,301.0,56,2013,8,2013-08-25,25,medium,low
36.9958,-118.6209,2013-08-23,Aqua,MODIS,146.7,0,301.6,92,2013,8,2013-08-23,23,high,high
36.9962,-120.2305,2013-12-20,Aqua,MODIS,15.5,0,286.8,55,2013,12,2013-12-20,20,medium,low
36.9962,-118.6089,2013-08-24,Terra,MODIS,15.3,0,287.3,88,2013,8,2013-08-24,24,high,low
36.9968,-118.6029,2013-08-25,Terra,MODIS,24.4,0,306.5,78,2013,8,2013-08-25,25,high,medium-low
36.997,-115.8163,2013-07-07,Aqua,MODIS,51.1,0,299.8,79,2013,7,2013-07-07,7,high,medium-high
36.9987,-115.798,2013-07-07,Aqua,MODIS,452.9,0,307.5,94,2013,7,2013-07-07,7,high,high
36.9989,-118.6117,2013-08-24,Aqua,MODIS,146.8,0,308.8,100,2013,8,2013-08-24,24,high,high
37.0005,-118.5985,2013-08-23,Aqua,MODIS,111.0,0,300.0,87,2013,8,2013-08-23,23,high,medium-high
37.0005,-118.598,2013-08-24,Aqua,MODIS,314.0,0,309.1,100,2013,8,2013-08-24,24,high,high
37.0005,-115.7712,2013-07-07,Terra,MODIS,107.0,0,306.4,83,2013,7,2013-07-07,7,high,medium-high
37.0026,-115.8001,2013-07-07,Terra,MODIS,62.7,0,302.6,57,2013,7,2013-07-07,7,medium,medium-high
37.0057,-120.045,2013-12-20,Aqua,MODIS,18.5,0,287.7,64,2013,12,2013-12-20,20,medium,low
37.0088,-120.0511,2013-12-20,Aqua,MODIS,12.2,0,288.2,51,2013,12,2013-12-20,20,medium,low
37.0096,-119.7631,2013-06-17,Terra,MODIS,12.7,0,293.2,69,2013,6,2013-06-17,17,medium,low
37.0118,-120.0368,2013-12-20,Terra,MODIS,7.0,0,286.3,58,2013,12,2013-12-20,20,medium,low
37.0142,-119.2487,2013-03-26,Aqua,MODIS,9.8,0,290.8,56,2013,3,2013-03-26,26,medium,low
37.0192,-120.2065,2013-10-30,Terra,MODIS,8.7,0,294.2,56,2013,10,2013-10-30,30,medium,low
37.0211,-120.1344,2013-11-26,Aqua,MODIS,13.7,0,290.4,68,2013,11,2013-11-26,26,medium,low
37.0232,-119.2506,2013-03-26,Aqua,MODIS,9.2,0,289.9,50,2013,3,2013-03-26,26,medium,low
37.0295,-120.0986,2013-09-17,Aqua,MODIS,35.5,0,302.7,55,2013,9,2013-09-17,17,medium,medium-low
37.0301,-120.0949,2013-09-17,Terra,MODIS,5.1,0,304.4,53,2013,9,2013-09-17,17,medium,low
37.0317,-120.1062,2013-09-17,Terra,MODIS,21.3,0,306.2,83,2013,9,2013-09-17,17,high,medium-low
37.0318,-120.1908,2013-10-17,Terra,MODIS,22.4,0,300.7,82,2013,10,2013-10-17,17,high,medium-low
37.0361,-119.2533,2013-11-11,Terra,MODIS,14.4,0,290.7,76,2013,11,2013-11-11,11,high,low
37.0379,-120.089,2013-04-24,Terra,MODIS,24.6,0,309.6,84,2013,4,2013-04-24,24,high,medium-low
37.038,-119.2648,2013-11-11,Terra,MODIS,28.0,0,292.7,86,2013,11,2013-11-11,11,high,medium-low
37.0399,-119.2663,2013-11-09,Aqua,MODIS,13.8,0,292.0,61,2013,11,2013-11-09,9,medium,low
37.0499,-120.3674,2013-04-01,Terra,MODIS,12.2,0,294.9,61,2013,4,2013-04-01,1,medium,low
37.0623,-120.4497,2013-04-08,Terra,MODIS,5.5,0,288.3,55,2013,4,2013-04-08,8,medium,low
37.0748,-120.1037,2013-05-17,Aqua,MODIS,15.8,0,302.1,60,2013,5,2013-05-17,17,medium,low
37.0759,-120.1026,2013-05-17,Terra,MODIS,35.3,0,303.0,84,2013,5,2013-05-17,17,high,medium-low
37.076,-120.0961,2013-05-17,Terra,MODIS,40.7,0,302.7,87,2013,5,2013-05-17,17,high,medium-low
37.0805,-120.0439,2013-12-05,Aqua,MODIS,8.5,0,287.6,57,2013,12,2013-12-05,5,medium,low
37.0813,-120.0377,2013-11-19,Aqua,MODIS,13.4,0,290.0,74,2013,11,2013-11-19,19,high,low
37.0884,-120.1871,2013-11-17,Aqua,MODIS,17.9,0,293.1,68,2013,11,2013-11-17,17,medium,low
37.0884,-120.087,2013-05-24,Aqua,MODIS,17.3,0,307.5,72,2013,5,2013-05-24,24,high,low
37.0921,-120.0367,2013-12-04,Terra,MODIS,16.0,0,282.7,75,2013,12,2013-12-04,4,high,low
37.0951,-119.7085,2013-04-02,Aqua,MODIS,11.7,0,299.8,74,2013,4,2013-04-02,2,high,low
37.1071,-119.6685,2013-04-30,Aqua,MODIS,26.8,0,309.2,59,2013,4,2013-04-30,30,medium,medium-low
37.1072,-120.2138,2013-10-12,Terra,MODIS,32.5,0,303.1,88,2013,10,2013-10-12,12,high,medium-low
37.109,-119.6413,2013-04-30,Aqua,MODIS,115.0,0,307.9,87,2013,4,2013-04-30,30,high,medium-high
37.1186,-119.5004,2013-04-10,Terra,MODIS,15.2,0,296.3,74,2013,4,2013-04-10,10,high,low
37.1221,-120.2074,2013-10-05,Terra,MODIS,11.6,0,305.8,61,2013,10,2013-10-05,5,medium,low
37.1222,-120.216,2013-10-10,Aqua,MODIS,23.4,0,295.9,55,2013,10,2013-10-10,10,medium,medium-low
37.1222,-120.2107,2013-10-10,Terra,MODIS,25.4,0,298.3,86,2013,10,2013-10-10,10,high,medium-low
37.1226,-120.2175,2013-10-29,Aqua,MODIS,13.4,0,288.9,67,2013,10,2013-10-29,29,medium,low
37.1275,-120.2092,2013-10-17,Terra,MODIS,19.6,0,304.7,81,2013,10,2013-10-17,17,high,low
37.1282,-120.2082,2013-10-08,Terra,MODIS,31.3,0,303.8,85,2013,10,2013-10-08,8,high,medium-low
37.1295,-120.221,2013-10-17,Terra,MODIS,13.6,0,304.6,67,2013,10,2013-10-17,17,medium,low
37.1429,-114.1634,2013-08-18,Terra,MODIS,7.9,0,315.2,58,2013,8,2013-08-18,18,medium,low
37.1535,-121.6305,2013-12-20,Terra,MODIS,8.7,0,286.4,68,2013,12,2013-12-20,20,medium,low
37.1624,-121.6285,2013-12-20,Terra,MODIS,7.4,0,286.4,50,2013,12,2013-12-20,20,medium,low
37.181,-119.7007,2013-01-30,Aqua,MODIS,7.1,0,289.1,62,2013,1,2013-01-30,30,medium,low
37.1853,-119.5693,2013-02-13,Aqua,MODIS,7.4,0,288.1,60,2013,2,2013-02-13,13,medium,low
37.1858,-122.2605,2013-11-09,Aqua,MODIS,66.2,0,291.5,82,2013,11,2013-11-09,9,high,medium-high
37.186,-122.2653,2013-11-09,Aqua,MODIS,65.0,0,291.5,82,2013,11,2013-11-09,9,high,medium-high
37.1899,-114.8274,2013-07-05,Terra,MODIS,15.3,0,314.1,67,2013,7,2013-07-05,5,medium,low
37.1905,-122.2608,2013-11-10,Terra,MODIS,8.0,0,283.7,52,2013,11,2013-11-10,10,medium,low
37.1911,-122.2418,2013-11-09,Aqua,MODIS,16.0,0,290.5,51,2013,11,2013-11-09,9,medium,low
37.1917,-114.8448,2013-07-05,Terra,MODIS,33.8,0,314.6,81,2013,7,2013-07-05,5,high,medium-low
37.1921,-122.2497,2013-11-10,Terra,MODIS,17.5,0,285.0,93,2013,11,2013-11-10,10,high,low
37.1965,-122.2474,2013-11-09,Terra,MODIS,6.0,0,291.9,50,2013,11,2013-11-09,9,medium,low
37.1983,-122.259,2013-11-09,Terra,MODIS,11.8,0,292.3,70,2013,11,2013-11-09,9,medium,low
37.199,-120.7661,2013-10-30,Terra,MODIS,26.8,0,292.5,77,2013,10,2013-10-30,30,high,medium-low
37.2009,-122.2517,2013-11-10,Terra,MODIS,30.0,0,286.5,100,2013,11,2013-11-10,10,high,medium-low
37.2172,-119.2232,2013-11-05,Aqua,MODIS,14.4,0,279.9,53,2013,11,2013-11-05,5,medium,low
37.2227,-120.7991,2013-10-17,Terra,MODIS,12.3,0,301.7,71,2013,10,2013-10-17,17,high,low
37.2238,-119.5943,2013-03-19,Aqua,MODIS,5.3,0,291.4,56,2013,3,2013-03-19,19,medium,low
37.224,-119.3291,2013-08-06,Aqua,MODIS,91.4,0,317.0,91,2013,8,2013-08-06,6,high,medium-high
37.2245,-120.8105,2013-10-17,Terra,MODIS,30.9,0,301.7,87,2013,10,2013-10-17,17,high,medium-low
37.2245,-119.3222,2013-08-05,Aqua,MODIS,68.7,0,307.2,89,2013,8,2013-08-05,5,high,medium-high
37.2262,-119.2253,2013-11-05,Aqua,MODIS,24.4,0,281.1,58,2013,11,2013-11-05,5,medium,medium-low
37.2273,-120.5351,2013-06-03,Terra,MODIS,47.7,0,303.5,52,2013,6,2013-06-03,3,medium,medium-high
37.2281,-119.3028,2013-08-05,Aqua,MODIS,110.4,0,304.7,97,2013,8,2013-08-05,5,high,medium-high
37.2282,-119.3117,2013-08-05,Terra,MODIS,74.0,0,303.0,92,2013,8,2013-08-05,5,high,medium-high
37.2313,-119.3245,2013-08-06,Terra,MODIS,24.4,0,295.8,100,2013,8,2013-08-06,6,high,medium-low
37.2319,-119.31,2013-08-05,Aqua,MODIS,134.4,0,307.1,99,2013,8,2013-08-05,5,high,high
37.2326,-119.3135,2013-08-06,Terra,MODIS,27.4,0,294.7,100,2013,8,2013-08-06,6,high,medium-low
37.2336,-119.2989,2013-08-05,Aqua,MODIS,15.0,0,276.6,79,2013,8,2013-08-05,5,high,low
37.2347,-119.3219,2013-08-06,Aqua,MODIS,19.8,0,290.7,57,2013,8,2013-08-06,6,medium,low
37.2348,-119.3258,2013-08-05,Aqua,MODIS,27.2,0,304.9,58,2013,8,2013-08-05,5,medium,medium-low
37.2352,-119.331,2013-08-06,Aqua,MODIS,174.5,0,314.5,100,2013,8,2013-08-06,6,high,high
37.2359,-119.2959,2013-08-05,Terra,MODIS,104.6,0,301.7,97,2013,8,2013-08-05,5,high,medium-high
37.2366,-119.3158,2013-08-06,Aqua,MODIS,55.2,0,307.0,80,2013,8,2013-08-06,6,high,medium-high
37.2366,-119.3103,2013-08-04,Terra,MODIS,41.6,0,291.9,100,2013,8,2013-08-04,4,high,medium-low
37.2373,-119.3003,2013-08-04,Terra,MODIS,48.6,0,291.6,100,2013,8,2013-08-04,4,high,medium-high
37.2379,-119.3197,2013-08-02,Aqua,MODIS,209.6,0,302.3,82,2013,8,2013-08-02,2,high,high
37.2381,-119.2948,2013-08-04,Terra,MODIS,48.1,0,290.5,100,2013,8,2013-08-04,4,high,medium-high
37.2383,-119.3087,2013-08-05,Terra,MODIS,93.0,0,303.4,95,2013,8,2013-08-05,5,high,medium-high
37.2383,-119.3067,2013-08-05,Aqua,MODIS,48.3,0,300.6,79,2013,8,2013-08-05,5,high,medium-high
37.2392,-122.3692,2013-02-28,Terra,MODIS,6.8,0,289.3,54,2013,2,2013-02-28,28,medium,low
37.2395,-119.3348,2013-08-04,Aqua,MODIS,59.8,0,306.9,53,2013,8,2013-08-04,4,medium,medium-high
37.2403,-119.307,2013-08-03,Aqua,MODIS,83.0,0,307.7,99,2013,8,2013-08-03,3,high,medium-high
37.2412,-119.3101,2013-08-04,Aqua,MODIS,65.3,0,304.1,59,2013,8,2013-08-04,4,medium,medium-high
37.2417,-120.3918,2013-11-12,Aqua,MODIS,5.3,0,293.6,56,2013,11,2013-11-12,12,medium,low
37.2422,-119.2943,2013-08-03,Aqua,MODIS,17.9,0,300.9,59,2013,8,2013-08-03,3,medium,low
37.2436,-119.3004,2013-08-02,Terra,MODIS,75.5,0,299.6,94,2013,8,2013-08-02,2,high,medium-high
37.2451,-119.3123,2013-08-03,Terra,MODIS,34.4,0,291.9,100,2013,8,2013-08-03,3,high,medium-low
37.2454,-119.3047,2013-08-01,Aqua,MODIS,27.9,0,305.9,80,2013,8,2013-08-01,1,high,medium-low
37.2455,-119.3164,2013-08-02,Terra,MODIS,44.3,0,300.8,85,2013,8,2013-08-02,2,high,medium-low
37.2466,-120.7756,2013-06-26,Terra,MODIS,34.0,0,303.6,57,2013,6,2013-06-26,26,medium,medium-low
37.247,-119.3163,2013-08-03,Aqua,MODIS,29.1,0,309.0,81,2013,8,2013-08-03,3,high,medium-low
37.248000000000005,-119.3102,2013-08-04,Terra,MODIS,22.5,0,292.8,73,2013,8,2013-08-04,4,high,medium-low
37.2489,-119.2921,2013-08-03,Terra,MODIS,16.3,0,288.5,61,2013,8,2013-08-03,3,medium,low
37.2508,-119.2988,2013-08-02,Aqua,MODIS,70.3,0,287.0,50,2013,8,2013-08-02,2,medium,medium-high
37.2511,-119.3172,2013-08-02,Aqua,MODIS,256.5,0,302.5,86,2013,8,2013-08-02,2,high,high
37.2518,-119.3014,2013-08-03,Aqua,MODIS,20.6,0,291.3,100,2013,8,2013-08-03,3,high,low
37.2519,-119.3023,2013-08-02,Terra,MODIS,40.0,0,289.4,76,2013,8,2013-08-02,2,high,medium-low
37.2529,-119.3098,2013-07-30,Aqua,MODIS,23.5,0,304.5,58,2013,7,2013-07-30,30,medium,medium-low
37.2532,-120.3094,2013-11-23,Aqua,MODIS,9.4,0,289.5,67,2013,11,2013-11-23,23,medium,low
37.2533,-119.2986,2013-08-02,Terra,MODIS,77.8,0,298.8,95,2013,8,2013-08-02,2,high,medium-high
37.2534,-119.3126,2013-08-03,Aqua,MODIS,47.1,0,293.7,100,2013,8,2013-08-03,3,high,medium-high
37.2542,-119.3301,2013-08-03,Aqua,MODIS,23.4,0,307.6,60,2013,8,2013-08-03,3,medium,medium-low
37.2543,-119.2973,2013-07-30,Aqua,MODIS,51.6,0,302.5,85,2013,7,2013-07-30,30,high,medium-high
37.2544,-119.3065,2013-08-01,Aqua,MODIS,70.5,0,310.9,98,2013,8,2013-08-01,1,high,medium-high
37.2546,-119.3213,2013-08-02,Aqua,MODIS,166.0,0,302.3,77,2013,8,2013-08-02,2,high,high
37.2549,-119.2989,2013-08-01,Terra,MODIS,91.4,0,297.1,68,2013,8,2013-08-01,1,medium,medium-high
37.2552,-119.3145,2013-08-02,Terra,MODIS,146.4,0,302.6,100,2013,8,2013-08-02,2,high,high
37.2553,-119.3165,2013-08-03,Terra,MODIS,29.5,0,292.0,98,2013,8,2013-08-03,3,high,medium-low
37.2559,-119.303,2013-08-01,Terra,MODIS,115.0,0,298.1,78,2013,8,2013-08-01,1,high,medium-high
37.256,-119.3188,2013-08-03,Aqua,MODIS,73.9,0,311.2,98,2013,8,2013-08-03,3,high,medium-high
37.2566,-119.335,2013-08-02,Terra,MODIS,29.2,0,288.9,63,2013,8,2013-08-02,2,medium,medium-low
37.2572,-114.3748,2013-05-04,Aqua,MODIS,40.9,0,315.1,76,2013,5,2013-05-04,4,high,medium-low
37.2576,-119.3129,2013-08-01,Terra,MODIS,13.2,0,292.9,87,2013,8,2013-08-01,1,high,low
37.2576,-119.2918,2013-07-31,Terra,MODIS,27.9,0,301.2,82,2013,7,2013-07-31,31,high,medium-low
37.2584,-119.3072,2013-08-02,Terra,MODIS,42.5,0,290.2,79,2013,8,2013-08-02,2,high,medium-low
37.2593,-119.303,2013-07-31,Terra,MODIS,35.8,0,304.7,87,2013,7,2013-07-31,31,high,medium-low
37.2597,-119.2999,2013-08-01,Terra,MODIS,17.0,0,292.4,95,2013,8,2013-08-01,1,high,low
37.26,-119.328,2013-08-03,Terra,MODIS,83.9,0,300.5,74,2013,8,2013-08-03,3,high,medium-high
37.2617,-119.2873,2013-08-01,Terra,MODIS,16.5,0,290.7,78,2013,8,2013-08-01,1,high,low
37.2618,-119.3248,2013-07-30,Aqua,MODIS,34.5,0,306.7,77,2013,7,2013-07-30,30,high,medium-low
37.262,-119.3191,2013-08-01,Aqua,MODIS,95.6,0,314.3,100,2013,8,2013-08-01,1,high,medium-high
37.262,-119.304,2013-07-28,Aqua,MODIS,85.6,0,300.6,80,2013,7,2013-07-28,28,high,medium-high
37.2622,-119.299,2013-07-30,Terra,MODIS,10.1,0,291.5,62,2013,7,2013-07-30,30,medium,low
37.2623,-119.3106,2013-08-03,Aqua,MODIS,25.9,0,291.4,100,2013,8,2013-08-03,3,high,medium-low
37.2624,-120.8188,2013-10-29,Terra,MODIS,16.0,0,292.4,68,2013,10,2013-10-29,29,medium,low
37.263000000000005,-119.3036,2013-08-01,Aqua,MODIS,11.6,0,290.4,68,2013,8,2013-08-01,1,medium,low
37.2632,-119.3112,2013-07-30,Aqua,MODIS,73.6,0,307.2,93,2013,7,2013-07-30,30,high,medium-high
37.2634,-119.3083,2013-08-01,Aqua,MODIS,74.3,0,310.8,99,2013,8,2013-08-01,1,high,medium-high
37.2639,-119.3218,2013-08-03,Aqua,MODIS,41.2,0,291.1,100,2013,8,2013-08-03,3,high,medium-low
37.264,-119.3264,2013-08-02,Terra,MODIS,39.8,0,289.8,76,2013,8,2013-08-02,2,high,medium-low
37.2651,-119.3212,2013-08-03,Aqua,MODIS,33.9,0,308.5,85,2013,8,2013-08-03,3,high,medium-low
37.2659,-119.286,2013-07-30,Aqua,MODIS,193.1,0,305.5,100,2013,7,2013-07-30,30,high,high
37.2665,-119.2898,2013-07-31,Terra,MODIS,25.3,0,301.2,80,2013,7,2013-07-31,31,high,medium-low
37.2666,-119.3016,2013-07-29,Terra,MODIS,21.2,0,301.9,68,2013,7,2013-07-29,29,medium,medium-low
37.2672,-119.2733,2013-07-30,Aqua,MODIS,93.2,0,300.9,95,2013,7,2013-07-30,30,high,medium-high
37.2682,-119.2785,2013-07-30,Aqua,MODIS,33.2,0,288.5,62,2013,7,2013-07-30,30,medium,medium-low
37.2685,-119.3125,2013-07-29,Terra,MODIS,21.6,0,303.8,75,2013,7,2013-07-29,29,high,medium-low
37.2685,-119.2666,2013-07-30,Terra,MODIS,90.3,0,291.0,53,2013,7,2013-07-30,30,medium,medium-high
37.2686,-119.3173,2013-07-30,Terra,MODIS,6.9,0,293.4,55,2013,7,2013-07-30,30,medium,low
37.2688,-119.3022,2013-08-01,Terra,MODIS,25.2,0,291.6,100,2013,8,2013-08-01,1,high,medium-low
37.2698,-119.3122,2013-07-31,Terra,MODIS,17.0,0,305.3,72,2013,7,2013-07-31,31,high,low
37.2705,-119.2901,2013-08-01,Aqua,MODIS,22.4,0,289.7,54,2013,8,2013-08-01,1,medium,medium-low
37.2708,-119.2895,2013-08-01,Terra,MODIS,32.1,0,290.4,100,2013,8,2013-08-01,1,high,medium-low
37.271,-119.321,2013-08-01,Aqua,MODIS,23.5,0,312.9,74,2013,8,2013-08-01,1,high,medium-low
37.2714,-119.3235,2013-07-31,Terra,MODIS,31.3,0,306.6,85,2013,7,2013-07-31,31,high,medium-low
37.2715,-119.2958,2013-07-30,Terra,MODIS,18.7,0,292.1,100,2013,7,2013-07-30,30,high,low
37.2721,-119.3262,2013-07-30,Aqua,MODIS,42.8,0,308.8,83,2013,7,2013-07-30,30,high,medium-low
37.2723,-119.335,2013-08-03,Aqua,MODIS,22.4,0,306.0,76,2013,8,2013-08-03,3,high,medium-low
37.2724,-119.3092,2013-07-28,Aqua,MODIS,24.8,0,289.6,58,2013,7,2013-07-28,28,medium,medium-low
37.2729,-119.2844,2013-07-29,Aqua,MODIS,17.7,0,289.9,52,2013,7,2013-07-29,29,medium,low
37.273,-119.3234,2013-07-28,Aqua,MODIS,313.9,0,307.5,100,2013,7,2013-07-28,28,high,high
37.273,-119.2849,2013-07-30,Terra,MODIS,38.4,0,292.8,100,2013,7,2013-07-30,30,high,medium-low
37.2741,-119.2881,2013-07-29,Terra,MODIS,54.3,0,301.1,91,2013,7,2013-07-29,29,high,medium-high
37.2742,-119.3234,2013-08-03,Aqua,MODIS,16.6,0,308.6,66,2013,8,2013-08-03,3,medium,low
37.2745,-119.3342,2013-07-26,Aqua,MODIS,124.0,0,301.6,77,2013,7,2013-07-26,26,high,high
37.2745,-119.301,2013-07-28,Terra,MODIS,38.0,0,294.1,100,2013,7,2013-07-28,28,high,medium-low
37.2756,-119.317,2013-07-27,Aqua,MODIS,41.8,0,301.4,81,2013,7,2013-07-27,27,high,medium-low
37.2758,-120.3154,2013-08-26,Aqua,MODIS,12.3,0,314.0,72,2013,8,2013-08-26,26,high,low
37.276,-119.3053,2013-07-26,Aqua,MODIS,1551.8,0,304.0,100,2013,7,2013-07-26,26,high,high
37.2761,-119.2882,2013-07-30,Aqua,MODIS,213.8,0,307.7,100,2013,7,2013-07-30,30,high,high
37.2773,-119.2818,2013-07-26,Aqua,MODIS,255.1,0,296.1,91,2013,7,2013-07-26,26,high,high
37.2774,-119.2758,2013-07-30,Aqua,MODIS,451.9,0,307.4,100,2013,7,2013-07-30,30,high,high
37.2781,-119.3298,2013-07-26,Aqua,MODIS,259.5,0,302.5,91,2013,7,2013-07-26,26,high,high
37.2785,-119.301,2013-07-27,Aqua,MODIS,189.3,0,300.8,100,2013,7,2013-07-27,27,high,high
37.2789,-119.3236,2013-07-24,Terra,MODIS,15.6,0,298.9,54,2013,7,2013-07-24,24,medium,low
37.2797,-119.303,2013-07-26,Aqua,MODIS,2010.9,0,306.2,100,2013,7,2013-07-26,26,high,high
37.2799,-119.308,2013-07-27,Terra,MODIS,27.6,0,289.0,72,2013,7,2013-07-27,27,high,medium-low
37.2808,-119.3238,2013-07-23,Aqua,MODIS,170.9,0,305.8,100,2013,7,2013-07-23,23,high,high
37.2811,-119.2791,2013-07-26,Aqua,MODIS,199.1,0,296.6,86,2013,7,2013-07-26,26,high,high
37.2819,-119.2869,2013-07-30,Terra,MODIS,61.0,0,293.5,100,2013,7,2013-07-30,30,high,medium-high
37.2821,-119.3125,2013-07-23,Aqua,MODIS,20.6,0,300.3,70,2013,7,2013-07-23,23,medium,low
37.2825,-119.2685,2013-07-31,Terra,MODIS,49.2,0,302.0,93,2013,7,2013-07-31,31,high,medium-high
37.2829,-119.273,2013-07-31,Terra,MODIS,114.5,0,286.2,92,2013,7,2013-07-31,31,high,medium-high
37.2836,-119.2863,2013-07-29,Terra,MODIS,22.5,0,297.2,64,2013,7,2013-07-29,29,medium,medium-low
37.2841,-119.2797,2013-07-31,Terra,MODIS,140.0,0,305.5,100,2013,7,2013-07-31,31,high,high
37.2842,-119.3418,2013-07-24,Aqua,MODIS,240.4,0,294.7,88,2013,7,2013-07-24,24,high,high
37.2861,-119.3384,2013-07-24,Terra,MODIS,122.2,0,289.5,100,2013,7,2013-07-24,24,high,high
37.2863,-119.2902,2013-07-30,Aqua,MODIS,57.3,0,303.3,89,2013,7,2013-07-30,30,high,medium-high
37.2865,-119.275,2013-08-01,Aqua,MODIS,27.1,0,303.8,80,2013,8,2013-08-01,1,high,medium-low
37.2871,-119.3244,2013-07-23,Terra,MODIS,36.0,0,291.0,100,2013,7,2013-07-23,23,high,medium-low
37.2875,-119.2765,2013-07-31,Terra,MODIS,133.7,0,286.4,97,2013,7,2013-07-31,31,high,high
37.2876,-119.2773,2013-07-30,Aqua,MODIS,95.7,0,298.3,96,2013,7,2013-07-30,30,high,medium-high
37.2878,-119.3085,2013-07-24,Terra,MODIS,128.3,0,289.6,100,2013,7,2013-07-24,24,high,high
37.288,-119.3215,2013-07-24,Terra,MODIS,15.9,0,299.5,56,2013,7,2013-07-24,24,medium,low
37.2889,-119.3399,2013-07-24,Aqua,MODIS,408.4,0,293.5,97,2013,7,2013-07-24,24,high,high
37.2899,-119.28,2013-07-29,Aqua,MODIS,85.3,0,298.1,89,2013,7,2013-07-29,29,high,medium-high
37.291,-119.2814,2013-08-01,Terra,MODIS,16.1,0,287.3,54,2013,8,2013-08-01,1,medium,low
37.291,-119.2725,2013-07-29,Terra,MODIS,110.2,0,301.1,100,2013,7,2013-07-29,29,high,medium-high
37.2912,-119.3073,2013-07-26,Aqua,MODIS,420.7,0,301.4,99,2013,7,2013-07-26,26,high,high
37.2924,-119.2778,2013-07-30,Terra,MODIS,46.2,0,292.0,100,2013,7,2013-07-30,30,high,medium-low
37.2926,-119.2825,2013-07-26,Aqua,MODIS,181.2,0,295.5,85,2013,7,2013-07-26,26,high,high
37.2928,-119.269,2013-08-03,Aqua,MODIS,8.3,0,282.8,56,2013,8,2013-08-03,3,medium,low
37.2929,-119.2692,2013-08-01,Terra,MODIS,18.1,0,286.5,61,2013,8,2013-08-01,1,medium,low
37.293,-119.284,2013-07-29,Terra,MODIS,180.6,0,304.1,100,2013,7,2013-07-29,29,high,high
37.2932,-119.2697,2013-08-08,Aqua,MODIS,20.6,0,298.4,67,2013,8,2013-08-08,8,medium,low
37.2941,-120.7232,2013-03-23,Terra,MODIS,5.5,0,296.8,55,2013,3,2013-03-23,23,medium,low
37.2949,-119.265,2013-08-17,Terra,MODIS,9.2,0,287.9,67,2013,8,2013-08-17,17,medium,low
37.2954,-119.3067,2013-07-24,Terra,MODIS,53.6,0,302.1,93,2013,7,2013-07-24,24,high,medium-high
37.2955,-119.2766,2013-08-01,Aqua,MODIS,24.6,0,300.0,78,2013,8,2013-08-01,1,high,medium-low
37.2957,-119.2952,2013-07-24,Aqua,MODIS,200.9,0,294.0,84,2013,7,2013-07-24,24,high,high
37.296,-119.2901,2013-07-25,Aqua,MODIS,23.1,0,273.7,58,2013,7,2013-07-25,25,medium,medium-low
37.2965,-119.2771,2013-07-29,Terra,MODIS,41.8,0,300.1,88,2013,7,2013-07-29,29,high,medium-low
37.2971,-119.3194,2013-07-24,Terra,MODIS,80.4,0,302.0,99,2013,7,2013-07-24,24,high,medium-high
37.2976,-119.6804,2013-02-13,Aqua,MODIS,7.1,0,288.5,58,2013,2,2013-02-13,13,medium,low
37.2977,-119.2616,2013-08-10,Aqua,MODIS,16.6,0,300.7,68,2013,8,2013-08-10,10,medium,low
37.298,-119.2782,2013-07-30,Aqua,MODIS,24.6,0,295.6,61,2013,7,2013-07-30,30,medium,medium-low
37.298,-119.2648,2013-08-12,Aqua,MODIS,32.4,0,300.7,77,2013,8,2013-08-12,12,high,medium-low
37.2988,-120.9316,2013-05-27,Terra,MODIS,16.6,0,283.2,92,2013,5,2013-05-27,27,high,low
37.2993,-119.2505,2013-08-10,Aqua,MODIS,24.1,0,301.3,79,2013,8,2013-08-10,10,high,medium-low
37.2999,-119.294,2013-07-25,Aqua,MODIS,18.9,0,291.6,60,2013,7,2013-07-25,25,medium,low
37.3001,-119.2929,2013-07-24,Aqua,MODIS,267.1,0,294.2,90,2013,7,2013-07-24,24,high,high
37.3009,-119.3145,2013-07-24,Terra,MODIS,127.2,0,289.9,100,2013,7,2013-07-24,24,high,high
37.3011,-119.2598,2013-08-08,Terra,MODIS,14.9,0,283.1,88,2013,8,2013-08-08,8,high,low
37.3014,-119.2794,2013-07-30,Terra,MODIS,31.6,0,290.2,100,2013,7,2013-07-30,30,high,medium-low
37.3017,-119.2221,2013-08-26,Aqua,MODIS,18.8,0,301.5,72,2013,8,2013-08-26,26,high,low
37.3022,-119.2886,2013-07-24,Terra,MODIS,74.3,0,287.6,59,2013,7,2013-07-24,24,medium,medium-high
37.3024,-119.2718,2013-07-28,Aqua,MODIS,92.7,0,296.4,84,2013,7,2013-07-28,28,high,medium-high
37.3028,-119.292,2013-07-24,Terra,MODIS,47.9,0,296.4,90,2013,7,2013-07-24,24,high,medium-high
37.303,-119.3095,2013-07-24,Terra,MODIS,123.2,0,289.4,100,2013,7,2013-07-24,24,high,high
37.3037,-119.262,2013-07-29,Terra,MODIS,22.0,0,298.0,73,2013,7,2013-07-29,29,high,medium-low
37.3043,-119.2582,2013-08-08,Aqua,MODIS,19.4,0,299.1,63,2013,8,2013-08-08,8,medium,low
37.3045,-119.3047,2013-07-24,Terra,MODIS,73.3,0,302.9,97,2013,7,2013-07-24,24,high,medium-high
37.3046,-119.2827,2013-07-24,Terra,MODIS,44.2,0,286.8,53,2013,7,2013-07-24,24,medium,medium-low
37.3047,-119.3397,2013-07-26,Aqua,MODIS,105.4,0,301.0,72,2013,7,2013-07-26,26,high,medium-high
37.3049,-119.2652,2013-07-29,Aqua,MODIS,54.6,0,298.4,69,2013,7,2013-07-29,29,medium,medium-high
37.3051,-119.3267,2013-07-25,Aqua,MODIS,19.9,0,291.9,100,2013,7,2013-07-25,25,high,low
37.3052,-119.2583,2013-08-12,Aqua,MODIS,10.1,0,283.5,65,2013,8,2013-08-12,12,medium,low
37.3057,-119.2737,2013-07-29,Terra,MODIS,50.8,0,298.8,91,2013,7,2013-07-29,29,high,medium-high
37.3058,-119.2274,2013-08-28,Aqua,MODIS,27.9,0,298.7,74,2013,8,2013-08-28,28,high,medium-low
37.306,-119.2668,2013-08-01,Aqua,MODIS,13.2,0,302.2,53,2013,8,2013-08-01,1,medium,low
37.3062,-119.317,2013-07-24,Terra,MODIS,37.4,0,300.5,87,2013,7,2013-07-24,24,high,medium-low
37.3065,-119.3081,2013-07-26,Aqua,MODIS,97.8,0,299.0,71,2013,7,2013-07-26,26,high,medium-high
37.3075,-119.2556,2013-08-01,Aqua,MODIS,43.5,0,303.5,90,2013,8,2013-08-01,1,high,medium-low
37.3077,-120.9337,2013-05-27,Terra,MODIS,17.8,0,283.1,94,2013,5,2013-05-27,27,high,low
37.3078,-119.2305,2013-08-03,Aqua,MODIS,15.6,0,298.6,67,2013,8,2013-08-03,3,medium,low
37.3081,-119.2798,2013-07-26,Aqua,MODIS,335.0,0,295.6,95,2013,7,2013-07-26,26,high,high
37.3081,-119.2786,2013-07-28,Terra,MODIS,71.2,0,291.6,100,2013,7,2013-07-28,28,high,medium-high
37.3089,-119.2626,2013-07-27,Terra,MODIS,55.8,0,293.0,79,2013,7,2013-07-27,27,high,medium-high
37.309,-119.2451,2013-07-29,Aqua,MODIS,94.6,0,299.6,90,2013,7,2013-07-29,29,high,medium-high
37.309,-119.2443,2013-08-01,Aqua,MODIS,33.9,0,304.1,85,2013,8,2013-08-01,1,high,medium-low
37.3091,-119.3071,2013-07-24,Aqua,MODIS,120.5,0,292.0,67,2013,7,2013-07-24,24,medium,high
37.3094,-119.2848,2013-07-24,Terra,MODIS,26.8,0,294.0,76,2013,7,2013-07-24,24,high,medium-low
37.3096,-119.2517,2013-08-02,Terra,MODIS,22.0,0,294.5,65,2013,8,2013-08-02,2,medium,medium-low
37.3098,-119.2681,2013-07-27,Terra,MODIS,54.7,0,293.8,60,2013,7,2013-07-27,27,medium,medium-high
37.3099,-119.2642,2013-07-30,Aqua,MODIS,23.4,0,299.2,66,2013,7,2013-07-30,30,medium,medium-low
37.3105,-119.2329,2013-08-01,Aqua,MODIS,56.0,0,306.2,94,2013,8,2013-08-01,1,high,medium-high
37.3106,-119.3025,2013-07-25,Aqua,MODIS,18.5,0,294.5,93,2013,7,2013-07-25,25,high,low
37.311,-119.2973,2013-07-24,Terra,MODIS,64.2,0,297.8,94,2013,7,2013-07-24,24,high,medium-high
37.3114,-119.2717,2013-07-27,Terra,MODIS,28.6,0,286.1,54,2013,7,2013-07-27,27,medium,medium-low
37.3115,-119.2497,2013-07-30,Aqua,MODIS,143.9,0,303.4,100,2013,7,2013-07-30,30,high,high
37.312,-119.2215,2013-08-01,Aqua,MODIS,21.3,0,302.5,74,2013,8,2013-08-01,1,high,medium-low
37.3123,-119.3134,2013-07-25,Aqua,MODIS,28.3,0,294.6,100,2013,7,2013-07-25,25,high,medium-low
37.3128,-119.2281,2013-08-05,Aqua,MODIS,29.3,0,296.7,62,2013,8,2013-08-05,5,medium,medium-low
37.3129,-119.2589,2013-07-29,Terra,MODIS,25.2,0,300.7,54,2013,7,2013-07-29,29,medium,medium-low
37.313,-119.2354,2013-07-30,Aqua,MODIS,71.3,0,302.9,91,2013,7,2013-07-30,30,high,medium-high
37.3134,-119.2584,2013-07-30,Terra,MODIS,22.6,0,290.3,100,2013,7,2013-07-30,30,high,medium-low
37.3134,-119.2534,2013-08-01,Aqua,MODIS,12.4,0,285.5,60,2013,8,2013-08-01,1,medium,low
37.314,-119.3244,2013-07-25,Aqua,MODIS,10.0,0,290.3,63,2013,7,2013-07-25,25,medium,low
37.3144,-119.2677,2013-07-27,Aqua,MODIS,161.1,0,300.9,100,2013,7,2013-07-27,27,high,high
37.3146,-119.2513,2013-08-01,Terra,MODIS,16.6,0,288.4,89,2013,8,2013-08-01,1,high,low
37.3149,-119.247,2013-07-30,Terra,MODIS,37.0,0,292.5,100,2013,7,2013-07-30,30,high,medium-low
37.315,-119.2719,2013-07-27,Aqua,MODIS,16.2,0,287.0,63,2013,7,2013-07-27,27,medium,low
37.3151,-119.2698,2013-07-28,Aqua,MODIS,268.2,0,300.7,100,2013,7,2013-07-28,28,high,high
37.3156,-119.3116,2013-07-25,Terra,MODIS,35.9,0,271.6,59,2013,7,2013-07-25,25,medium,medium-low
37.3158,-119.2222,2013-08-06,Terra,MODIS,13.3,0,281.0,61,2013,8,2013-08-06,6,medium,low
37.316,-119.2779,2013-07-25,Aqua,MODIS,18.3,0,290.3,85,2013,7,2013-07-25,25,high,low
37.3164,-119.2357,2013-07-30,Terra,MODIS,24.7,0,291.3,100,2013,7,2013-07-30,30,high,medium-low
37.3165,-119.2394,2013-08-01,Terra,MODIS,17.9,0,288.4,92,2013,8,2013-08-01,1,high,low
37.3167,-119.2541,2013-07-27,Aqua,MODIS,181.4,0,297.7,100,2013,7,2013-07-27,27,high,high
37.3169,-119.249,2013-07-28,Aqua,MODIS,464.2,0,300.4,100,2013,7,2013-07-28,28,high,high
37.3173,-119.247,2013-07-27,Terra,MODIS,37.5,0,291.8,68,2013,7,2013-07-27,27,medium,medium-low
37.3177,-119.2889,2013-07-25,Aqua,MODIS,27.3,0,293.1,92,2013,7,2013-07-25,25,high,medium-low
37.3178,-119.2757,2013-07-28,Aqua,MODIS,69.5,0,299.8,62,2013,7,2013-07-28,28,medium,medium-high
37.3179,-119.2244,2013-07-30,Terra,MODIS,10.2,0,287.8,66,2013,7,2013-07-30,30,medium,low
37.318000000000005,-119.2318,2013-07-29,Terra,MODIS,82.3,0,297.9,97,2013,7,2013-07-29,29,high,medium-high
37.3184,-119.3529,2013-07-26,Aqua,MODIS,107.7,0,299.7,63,2013,7,2013-07-26,26,medium,medium-high
37.3184,-119.2275,2013-08-01,Terra,MODIS,34.6,0,289.6,100,2013,8,2013-08-01,1,high,medium-low
37.3186,-119.2217,2013-08-03,Aqua,MODIS,26.3,0,299.9,80,2013,8,2013-08-03,3,high,medium-low
37.3194,-119.2553,2013-07-28,Aqua,MODIS,422.1,0,302.4,100,2013,7,2013-07-28,28,high,high
37.3195,-119.3,2013-07-25,Aqua,MODIS,51.8,0,295.6,100,2013,7,2013-07-25,25,high,medium-high
37.3195,-119.2572,2013-07-27,Terra,MODIS,118.1,0,295.4,95,2013,7,2013-07-27,27,high,medium-high
37.3196,-120.6922,2013-12-04,Terra,MODIS,7.3,0,282.3,55,2013,12,2013-12-04,4,medium,low
37.3196,-119.252,2013-07-29,Aqua,MODIS,127.5,0,300.6,95,2013,7,2013-07-29,29,high,high
37.32,-119.3399,2013-07-26,Aqua,MODIS,107.9,0,300.1,64,2013,7,2013-07-26,26,medium,medium-high
37.32,-119.2647,2013-07-28,Terra,MODIS,36.9,0,291.0,97,2013,7,2013-07-28,28,high,medium-low
37.3201,-119.2435,2013-07-29,Terra,MODIS,359.6,0,307.5,100,2013,7,2013-07-29,29,high,high
37.3204,-119.2629,2013-07-27,Terra,MODIS,87.6,0,296.5,91,2013,7,2013-07-27,27,high,medium-high
37.3205,-119.3114,2013-07-26,Aqua,MODIS,127.2,0,300.9,67,2013,7,2013-07-26,26,medium,high
37.3205,-119.21,2013-08-03,Aqua,MODIS,61.6,0,301.0,95,2013,8,2013-08-03,3,high,medium-high
37.321,-119.2342,2013-07-28,Aqua,MODIS,48.0,0,294.5,64,2013,7,2013-07-28,28,medium,medium-high
37.3211,-119.223,2013-08-01,Aqua,MODIS,51.6,0,301.3,92,2013,8,2013-08-01,1,high,medium-high
37.3212,-119.3109,2013-07-25,Aqua,MODIS,21.4,0,291.7,96,2013,7,2013-07-25,25,high,medium-low
37.3216,-119.2502,2013-07-28,Terra,MODIS,23.2,0,289.0,82,2013,7,2013-07-28,28,high,medium-low
37.322,-119.3047,2013-07-26,Aqua,MODIS,194.1,0,300.6,75,2013,7,2013-07-26,26,high,high
37.322,-119.2822,2013-07-26,Aqua,MODIS,350.3,0,297.3,90,2013,7,2013-07-26,26,high,high
37.322,-119.279,2013-07-27,Terra,MODIS,43.1,0,289.0,89,2013,7,2013-07-27,27,high,medium-low
37.3221,-119.2553,2013-07-29,Terra,MODIS,37.4,0,301.8,58,2013,7,2013-07-29,29,medium,medium-low
37.3223,-119.2198,2013-08-04,Aqua,MODIS,78.1,0,298.9,72,2013,8,2013-08-04,4,high,medium-high
37.3224,-119.198,2013-08-03,Aqua,MODIS,83.7,0,299.9,99,2013,8,2013-08-03,3,high,medium-high
37.3226,-119.2115,2013-08-01,Aqua,MODIS,58.1,0,299.0,93,2013,8,2013-08-01,1,high,medium-high
37.323,-119.2048,2013-08-05,Aqua,MODIS,16.6,0,285.7,83,2013,8,2013-08-05,5,high,low
37.3235,-119.2784,2013-07-27,Terra,MODIS,68.5,0,298.9,72,2013,7,2013-07-27,27,high,medium-high
37.3235,-119.2353,2013-07-30,Aqua,MODIS,68.8,0,301.8,90,2013,7,2013-07-30,30,high,medium-high
37.3236,-119.2321,2013-07-29,Aqua,MODIS,61.5,0,293.6,82,2013,7,2013-07-29,29,high,medium-high
37.3237,-119.2754,2013-07-26,Aqua,MODIS,366.8,0,295.2,91,2013,7,2013-07-26,26,high,high
37.3237,-119.2716,2013-07-27,Aqua,MODIS,61.3,0,299.1,83,2013,7,2013-07-27,27,high,medium-high
37.3238,-121.0202,2013-06-22,Terra,MODIS,11.0,0,311.4,56,2013,6,2013-06-22,22,medium,low
37.3239,-119.2039,2013-08-03,Terra,MODIS,52.3,0,291.2,73,2013,8,2013-08-03,3,high,medium-high
37.3251,-119.2204,2013-07-30,Aqua,MODIS,50.9,0,300.9,84,2013,7,2013-07-30,30,high,medium-high
37.3255,-119.2371,2013-07-30,Terra,MODIS,45.2,0,295.2,100,2013,7,2013-07-30,30,high,medium-low
37.3256,-119.1973,2013-08-03,Terra,MODIS,101.4,0,291.8,86,2013,8,2013-08-03,3,high,medium-high
37.326,-119.207,2013-08-04,Terra,MODIS,34.8,0,288.0,86,2013,8,2013-08-04,4,high,medium-low
37.3262,-119.2582,2013-07-27,Terra,MODIS,28.5,0,287.6,63,2013,7,2013-07-27,27,medium,medium-low
37.3264,-119.2928,2013-07-26,Terra,MODIS,37.5,0,292.5,59,2013,7,2013-07-26,26,medium,medium-low
37.3265,-119.2021,2013-08-03,Terra,MODIS,27.6,0,286.9,64,2013,8,2013-08-03,3,medium,medium-low
37.3268,-120.6848,2013-11-23,Aqua,MODIS,12.9,0,288.3,71,2013,11,2013-11-23,23,high,low
37.327,-119.2257,2013-07-30,Terra,MODIS,46.6,0,291.6,100,2013,7,2013-07-30,30,high,medium-high
37.3271,-119.2706,2013-07-28,Terra,MODIS,30.8,0,292.3,76,2013,7,2013-07-28,28,high,medium-low
37.3273,-119.2305,2013-08-01,Terra,MODIS,24.9,0,291.4,100,2013,8,2013-08-01,1,high,medium-low
37.3279,-119.2688,2013-07-28,Aqua,MODIS,126.7,0,300.2,91,2013,7,2013-07-28,28,high,high
37.3283,-119.2989,2013-07-26,Terra,MODIS,43.4,0,293.1,69,2013,7,2013-07-26,26,medium,medium-low
37.3283,-119.1971,2013-08-03,Aqua,MODIS,25.5,0,286.9,100,2013,8,2013-08-03,3,high,medium-low
37.3286,-119.2357,2013-08-01,Aqua,MODIS,33.3,0,303.1,85,2013,8,2013-08-01,1,high,medium-low
37.3292,-119.2188,2013-08-01,Terra,MODIS,54.2,0,293.6,100,2013,8,2013-08-01,1,high,medium-high
37.3293,-119.2402,2013-07-29,Terra,MODIS,35.4,0,295.2,74,2013,7,2013-07-29,29,high,medium-low
37.3297,-119.2471,2013-07-28,Aqua,MODIS,76.9,0,295.3,81,2013,7,2013-07-28,28,high,medium-high
37.3302,-119.2243,2013-08-01,Aqua,MODIS,55.2,0,303.1,92,2013,8,2013-08-01,1,high,medium-high
37.3304,-119.2755,2013-07-28,Aqua,MODIS,62.4,0,300.4,59,2013,7,2013-07-28,28,medium,medium-high
37.3304,-119.2652,2013-07-28,Terra,MODIS,45.8,0,292.4,94,2013,7,2013-07-28,28,high,medium-low
37.3304,-119.2583,2013-07-29,Aqua,MODIS,50.3,0,298.9,51,2013,7,2013-07-29,29,medium,medium-high
37.3308,-119.289,2013-07-27,Aqua,MODIS,41.5,0,304.9,68,2013,7,2013-07-27,27,medium,medium-low
37.331,-119.2069,2013-08-01,Terra,MODIS,47.2,0,290.4,100,2013,8,2013-08-01,1,high,medium-high
37.3313,-119.2009,2013-08-03,Aqua,MODIS,44.8,0,301.3,89,2013,8,2013-08-03,3,high,medium-low
37.3316,-119.213,2013-08-01,Aqua,MODIS,83.4,0,302.3,99,2013,8,2013-08-01,1,high,medium-high
37.3321,-119.2538,2013-07-28,Aqua,MODIS,85.3,0,296.3,76,2013,7,2013-07-28,28,high,medium-high
37.3324,-119.2499,2013-07-30,Aqua,MODIS,81.3,0,305.8,94,2013,7,2013-07-30,30,high,medium-high
37.3331,-119.2839,2013-07-27,Terra,MODIS,74.0,0,291.9,100,2013,7,2013-07-27,27,high,medium-high
37.3331,-119.2018,2013-08-01,Aqua,MODIS,18.9,0,296.7,54,2013,8,2013-08-01,1,medium,low
37.3332,-119.2752,2013-07-27,Aqua,MODIS,36.9,0,292.2,99,2013,7,2013-07-27,27,high,medium-low
37.3332,-119.2748,2013-07-27,Aqua,MODIS,38.7,0,300.4,61,2013,7,2013-07-27,27,medium,medium-low
37.3335,-119.2688,2013-07-27,Terra,MODIS,60.5,0,297.7,77,2013,7,2013-07-27,27,high,medium-high
37.3338,-119.2385,2013-08-01,Terra,MODIS,24.5,0,292.2,100,2013,8,2013-08-01,1,high,medium-low
37.334,-119.2354,2013-07-30,Aqua,MODIS,63.6,0,300.5,89,2013,7,2013-07-30,30,high,medium-high
37.3345,-119.2387,2013-07-30,Terra,MODIS,15.6,0,289.8,61,2013,7,2013-07-30,30,medium,low
37.3346,-119.2102,2013-08-02,Terra,MODIS,46.3,0,286.3,64,2013,8,2013-08-02,2,medium,medium-low
37.3347,-119.2874,2013-07-27,Aqua,MODIS,25.3,0,291.3,95,2013,7,2013-07-27,27,high,medium-low
37.3349,-120.8904,2013-12-20,Terra,MODIS,5.2,0,286.4,51,2013,12,2013-12-20,20,medium,low
37.3357,-119.2267,2013-08-01,Terra,MODIS,64.7,0,296.9,100,2013,8,2013-08-01,1,high,medium-high
37.3357,-119.2216,2013-08-02,Terra,MODIS,21.4,0,296.8,55,2013,8,2013-08-02,2,medium,medium-low
37.3358,-119.1986,2013-08-03,Terra,MODIS,40.9,0,292.7,63,2013,8,2013-08-03,3,medium,medium-low
37.3369,-119.2854,2013-07-27,Terra,MODIS,69.5,0,301.0,79,2013,7,2013-07-27,27,high,medium-high
37.3374,-119.2831,2013-07-29,Aqua,MODIS,46.2,0,304.5,55,2013,7,2013-07-29,29,medium,medium-low
37.3374,-119.282,2013-07-26,Aqua,MODIS,236.0,0,295.6,84,2013,7,2013-07-26,26,high,high
37.3375,-119.2714,2013-07-28,Terra,MODIS,24.3,0,290.6,81,2013,7,2013-07-28,28,high,medium-low
37.3376,-119.2148,2013-08-01,Terra,MODIS,43.6,0,291.0,100,2013,8,2013-08-01,1,high,medium-low
37.3377,-119.2374,2013-08-01,Aqua,MODIS,47.1,0,306.9,92,2013,8,2013-08-01,1,high,medium-high
37.3378,-119.2781,2013-07-29,Terra,MODIS,90.3,0,287.2,100,2013,7,2013-07-29,29,high,medium-high
37.3385,-119.2558,2013-07-30,Aqua,MODIS,54.5,0,305.4,84,2013,7,2013-07-30,30,high,medium-high
37.3387,-119.2904,2013-07-28,Aqua,MODIS,164.0,0,302.3,83,2013,7,2013-07-28,28,high,high
37.3391,-119.2747,2013-07-26,Aqua,MODIS,121.7,0,294.2,65,2013,7,2013-07-26,26,medium,high
37.3392,-119.2259,2013-08-01,Aqua,MODIS,69.0,0,306.9,98,2013,8,2013-08-01,1,high,medium-high
37.3396,-119.2027,2013-08-01,Terra,MODIS,10.0,0,286.1,67,2013,8,2013-08-01,1,medium,low
37.34,-119.2413,2013-07-30,Aqua,MODIS,88.1,0,302.0,95,2013,7,2013-07-30,30,high,medium-high
37.3404,-119.2934,2013-07-27,Terra,MODIS,56.5,0,292.2,100,2013,7,2013-07-27,27,high,medium-high
37.3404,-119.2914,2013-07-27,Aqua,MODIS,92.2,0,306.5,86,2013,7,2013-07-27,27,high,medium-high
37.3405,-119.2685,2013-07-28,Aqua,MODIS,81.0,0,299.0,80,2013,7,2013-07-28,28,high,medium-high
37.3406,-119.263,2013-07-30,Terra,MODIS,8.7,0,292.0,63,2013,7,2013-07-30,30,medium,low
37.3414,-119.2633,2013-07-29,Aqua,MODIS,102.4,0,300.9,91,2013,7,2013-07-29,29,high,medium-high
37.3421,-119.2518,2013-07-30,Terra,MODIS,28.7,0,292.6,100,2013,7,2013-07-30,30,high,medium-low
37.3428,-119.2616,2013-07-29,Terra,MODIS,53.7,0,302.7,92,2013,7,2013-07-29,29,high,medium-high
37.3428,-119.2511,2013-07-30,Aqua,MODIS,109.5,0,304.9,99,2013,7,2013-07-30,30,high,medium-high
37.3428,-119.241,2013-08-01,Terra,MODIS,30.2,0,292.4,100,2013,8,2013-08-01,1,high,medium-low
37.343,-119.2756,2013-07-28,Aqua,MODIS,142.3,0,300.3,88,2013,7,2013-07-28,28,high,high
37.343,-119.2438,2013-07-31,Terra,MODIS,27.4,0,302.0,81,2013,7,2013-07-31,31,high,medium-low
37.3431,-119.2252,2013-08-01,Aqua,MODIS,36.7,0,292.2,83,2013,8,2013-08-01,1,high,medium-low
37.3436,-119.2404,2013-07-30,Terra,MODIS,12.5,0,288.9,63,2013,7,2013-07-30,30,medium,low
37.3439,-119.2856,2013-07-27,Aqua,MODIS,19.7,0,289.9,65,2013,7,2013-07-27,27,medium,low
37.3443,-119.2883,2013-07-27,Terra,MODIS,56.4,0,291.8,100,2013,7,2013-07-27,27,high,medium-high
37.3443,-118.3363,2013-01-16,Terra,MODIS,26.1,0,288.1,72,2013,1,2013-01-16,16,high,medium-low
37.3447,-119.2292,2013-08-01,Terra,MODIS,86.2,0,298.5,100,2013,8,2013-08-01,1,high,medium-high
37.3448,-119.3011,2013-07-28,Terra,MODIS,31.1,0,292.8,100,2013,7,2013-07-28,28,high,medium-low
37.3452,-119.2505,2013-08-01,Aqua,MODIS,23.7,0,309.7,74,2013,8,2013-08-01,1,high,medium-low
37.3452,-119.2375,2013-08-01,Aqua,MODIS,17.5,0,288.0,62,2013,8,2013-08-01,1,medium,low
37.3463,-119.287,2013-07-28,Terra,MODIS,34.4,0,292.2,96,2013,7,2013-07-28,28,high,medium-low
37.3466,-119.2173,2013-08-01,Terra,MODIS,109.1,0,297.3,100,2013,8,2013-08-01,1,high,medium-high
37.3467,-119.2391,2013-08-01,Aqua,MODIS,664.8,0,330.9,100,2013,8,2013-08-01,1,high,high
37.3474,-119.2259,2013-08-01,Terra,MODIS,157.0,0,297.5,84,2013,8,2013-08-01,1,high,high
37.3476,-119.2809,2013-07-27,Terra,MODIS,42.9,0,299.2,65,2013,7,2013-07-27,27,medium,medium-low
37.3481,-119.2761,2013-07-30,Terra,MODIS,19.5,0,294.1,100,2013,7,2013-07-30,30,high,low
37.3482,-119.2278,2013-08-01,Aqua,MODIS,309.8,0,309.5,100,2013,8,2013-08-01,1,high,high
37.3486,-119.2301,2013-08-01,Terra,MODIS,172.8,0,298.1,86,2013,8,2013-08-01,1,high,high
37.3488,-119.2571,2013-07-30,Aqua,MODIS,79.6,0,307.0,93,2013,7,2013-07-30,30,high,medium-high
37.3493,-121.4613,2013-03-17,Aqua,MODIS,8.3,0,304.2,72,2013,3,2013-03-17,17,high,low
37.3496,-119.2648,2013-07-30,Terra,MODIS,42.6,0,297.3,100,2013,7,2013-07-30,30,high,medium-low
37.3503,-119.2427,2013-07-30,Aqua,MODIS,57.4,0,300.3,86,2013,7,2013-07-30,30,high,medium-high
37.3504,-119.2104,2013-08-01,Aqua,MODIS,28.3,0,288.2,90,2013,8,2013-08-01,1,high,medium-low
37.3511,-119.3,2013-07-27,Terra,MODIS,19.3,0,290.6,75,2013,7,2013-07-27,27,high,low
37.3511,-119.2536,2013-07-30,Terra,MODIS,72.6,0,296.9,100,2013,7,2013-07-30,30,high,medium-high
37.3525,-119.2227,2013-08-01,Aqua,MODIS,42.6,0,289.2,100,2013,8,2013-08-01,1,high,medium-low
37.3526,-119.2675,2013-07-29,Aqua,MODIS,214.8,0,299.2,94,2013,7,2013-07-29,29,high,high
37.3526,-119.2422,2013-07-30,Terra,MODIS,15.2,0,288.9,87,2013,7,2013-07-30,30,high,low
37.3531,-119.2843,2013-07-27,Aqua,MODIS,33.9,0,289.6,100,2013,7,2013-07-27,27,high,medium-low
37.3538,-119.2316,2013-08-01,Terra,MODIS,30.3,0,287.9,100,2013,8,2013-08-01,1,high,medium-low
37.3546,-119.235,2013-08-01,Aqua,MODIS,27.8,0,287.0,100,2013,8,2013-08-01,1,high,medium-low
37.3551,-119.242,2013-07-30,Aqua,MODIS,44.0,0,290.4,62,2013,7,2013-07-30,30,medium,medium-low
37.3557,-119.2197,2013-08-01,Terra,MODIS,37.0,0,287.1,100,2013,8,2013-08-01,1,high,medium-low
37.3568,-120.9145,2013-12-20,Terra,MODIS,6.4,0,284.8,56,2013,12,2013-12-20,20,medium,low
37.3571,-119.2779,2013-07-30,Terra,MODIS,25.5,0,293.5,100,2013,7,2013-07-30,30,high,medium-low
37.3586,-119.2669,2013-07-30,Terra,MODIS,53.0,0,298.1,100,2013,7,2013-07-30,30,high,medium-high
37.3591,-119.2593,2013-07-30,Aqua,MODIS,28.3,0,303.6,62,2013,7,2013-07-30,30,medium,medium-low
37.3601,-119.2556,2013-07-30,Terra,MODIS,72.0,0,298.0,100,2013,7,2013-07-30,30,high,medium-high
37.3604,-121.8693,2013-09-07,Terra,MODIS,5.7,0,292.0,61,2013,9,2013-09-07,7,medium,low
37.3606,-119.2444,2013-07-30,Aqua,MODIS,44.2,0,299.9,81,2013,7,2013-07-30,30,high,medium-low
37.3616,-119.2442,2013-07-30,Terra,MODIS,37.8,0,290.6,100,2013,7,2013-07-30,30,high,medium-low
37.367,-114.5907,2013-07-20,Aqua,MODIS,67.9,0,317.5,100,2013,7,2013-07-20,20,high,medium-high
37.3677,-119.2628,2013-07-30,Terra,MODIS,18.5,0,291.3,97,2013,7,2013-07-30,30,high,low
37.3692,-119.2517,2013-07-30,Terra,MODIS,17.4,0,289.7,94,2013,7,2013-07-30,30,high,low
37.3746,-114.5914,2013-07-21,Terra,MODIS,35.6,0,305.8,80,2013,7,2013-07-21,21,high,medium-low
37.3748,-120.7781,2013-03-05,Terra,MODIS,17.3,0,295.4,77,2013,3,2013-03-05,5,high,low
37.3753,-120.8145,2013-11-20,Terra,MODIS,6.5,0,284.8,55,2013,11,2013-11-20,20,medium,low
37.3808,-120.6444,2013-11-20,Terra,MODIS,6.8,0,287.0,53,2013,11,2013-11-20,20,medium,low
37.3964,-120.5963,2013-11-16,Terra,MODIS,14.8,0,291.7,74,2013,11,2013-11-16,16,high,low
37.3965,-121.4917,2013-02-17,Terra,MODIS,5.9,0,291.8,56,2013,2,2013-02-17,17,medium,low
37.397,-121.1165,2013-03-12,Aqua,MODIS,14.4,0,302.7,61,2013,3,2013-03-12,12,medium,low
37.3982,-121.0403,2013-04-17,Terra,MODIS,7.6,0,297.0,55,2013,4,2013-04-17,17,medium,low
37.4029,-119.7473,2013-04-26,Terra,MODIS,56.5,0,300.1,94,2013,4,2013-04-26,26,high,medium-high
37.4051,-119.7391,2013-04-24,Terra,MODIS,23.0,0,300.0,78,2013,4,2013-04-24,24,high,medium-low
37.4124,-120.5974,2013-03-23,Terra,MODIS,7.1,0,295.3,66,2013,3,2013-03-23,23,medium,low
37.4263,-119.3994,2013-05-12,Terra,MODIS,19.4,0,303.3,75,2013,5,2013-05-12,12,high,low
37.4278,-119.4104,2013-05-12,Terra,MODIS,22.8,0,301.4,78,2013,5,2013-05-12,12,high,medium-low
37.4337,-120.5887,2013-03-07,Terra,MODIS,7.9,0,282.6,57,2013,3,2013-03-07,7,medium,low
37.4367,-120.5926,2013-12-06,Terra,MODIS,8.0,0,282.3,58,2013,12,2013-12-06,6,medium,low
37.4434,-120.6654,2013-11-17,Aqua,MODIS,15.5,0,293.8,71,2013,11,2013-11-17,17,high,low
37.4457,-115.0203,2013-07-02,Terra,MODIS,109.6,0,316.3,64,2013,7,2013-07-02,2,medium,medium-high
37.4458,-115.0259,2013-07-02,Terra,MODIS,87.1,0,316.3,53,2013,7,2013-07-02,2,medium,medium-high
37.448,-120.6712,2013-12-20,Terra,MODIS,6.8,0,284.6,57,2013,12,2013-12-20,20,medium,low
37.4505,-120.7982,2013-11-05,Aqua,MODIS,6.5,0,296.8,70,2013,11,2013-11-05,5,medium,low
37.4517,-115.0443,2013-07-02,Terra,MODIS,19.5,0,285.0,100,2013,7,2013-07-02,2,high,low
37.4522,-120.6739,2013-11-17,Aqua,MODIS,10.7,0,294.5,58,2013,11,2013-11-17,17,medium,low
37.4533,-115.033,2013-07-02,Terra,MODIS,17.0,0,284.5,99,2013,7,2013-07-02,2,high,low
37.4542,-115.031,2013-07-02,Aqua,MODIS,36.2,0,297.2,100,2013,7,2013-07-02,2,high,medium-low
37.4567,-115.0451,2013-07-02,Aqua,MODIS,17.8,0,296.5,92,2013,7,2013-07-02,2,high,low
37.4589,-115.0576,2013-07-02,Terra,MODIS,15.1,0,286.9,97,2013,7,2013-07-02,2,high,low
37.4592,-115.0586,2013-07-02,Aqua,MODIS,17.4,0,296.6,93,2013,7,2013-07-02,2,high,low
37.4605,-115.0463,2013-07-02,Terra,MODIS,36.2,0,286.5,100,2013,7,2013-07-02,2,high,medium-low
37.4622,-115.0351,2013-07-02,Terra,MODIS,16.7,0,283.8,99,2013,7,2013-07-02,2,high,low
37.4635,-115.0224,2013-07-02,Terra,MODIS,81.8,0,315.5,54,2013,7,2013-07-02,2,medium,medium-high
37.4641,-115.0287,2013-07-02,Aqua,MODIS,61.6,0,297.4,100,2013,7,2013-07-02,2,high,medium-high
37.4667,-115.043,2013-07-02,Aqua,MODIS,77.7,0,297.5,100,2013,7,2013-07-02,2,high,medium-high
37.4668,-115.0228,2013-07-03,Terra,MODIS,51.7,0,325.5,97,2013,7,2013-07-03,3,high,medium-high
37.4691,-115.0546,2013-07-02,Terra,MODIS,11.6,0,283.5,87,2013,7,2013-07-02,2,high,low
37.4692,-115.0568,2013-07-02,Aqua,MODIS,26.3,0,295.8,100,2013,7,2013-07-02,2,high,medium-low
37.4707,-115.059,2013-07-02,Aqua,MODIS,52.3,0,320.6,88,2013,7,2013-07-02,2,high,medium-high
37.4707,-115.0434,2013-07-02,Terra,MODIS,11.2,0,282.5,86,2013,7,2013-07-02,2,high,low
37.4715,-115.0269,2013-07-03,Aqua,MODIS,57.3,0,274.4,65,2013,7,2013-07-03,3,medium,medium-high
37.4716,-115.0336,2013-07-03,Aqua,MODIS,46.3,0,274.8,57,2013,7,2013-07-03,3,medium,medium-low
37.476,-115.021,2013-07-03,Terra,MODIS,71.4,0,327.9,100,2013,7,2013-07-03,3,high,medium-high
37.4767,-115.0409,2013-07-02,Aqua,MODIS,57.0,0,295.0,100,2013,7,2013-07-02,2,high,medium-high
37.4775,-115.0323,2013-07-03,Terra,MODIS,47.1,0,321.6,90,2013,7,2013-07-03,3,high,medium-high
37.4783,-120.5626,2013-03-26,Aqua,MODIS,9.5,0,301.1,54,2013,3,2013-03-26,26,medium,low
37.4783,-120.5533,2013-04-10,Terra,MODIS,14.1,0,305.4,76,2013,4,2013-04-10,10,high,low
37.4799,-120.5514,2013-03-26,Aqua,MODIS,24.0,0,302.4,85,2013,3,2013-03-26,26,high,medium-low
37.481,-114.4197,2013-01-31,Terra,MODIS,13.4,0,277.1,69,2013,1,2013-01-31,31,medium,low
37.4842,-115.0522,2013-07-09,Aqua,MODIS,31.5,0,321.2,85,2013,7,2013-07-09,9,high,medium-low
37.4849,-115.0449,2013-07-09,Aqua,MODIS,36.6,0,318.5,85,2013,7,2013-07-09,9,high,medium-low
37.4855,-119.967,2013-09-16,Aqua,MODIS,94.7,0,314.3,99,2013,9,2013-09-16,16,high,medium-high
37.4858,-115.0382,2013-07-09,Aqua,MODIS,20.9,0,318.6,75,2013,7,2013-07-09,9,high,medium-low
37.4871,-119.9532,2013-09-16,Aqua,MODIS,87.3,0,310.9,97,2013,9,2013-09-16,16,high,medium-high
37.4926,-115.0629,2013-07-07,Terra,MODIS,8.0,0,288.2,61,2013,7,2013-07-07,7,medium,low
37.4935,-115.0602,2013-07-09,Aqua,MODIS,211.4,0,326.4,100,2013,7,2013-07-09,9,high,high
37.4946,-115.0504,2013-07-09,Terra,MODIS,20.0,0,295.1,100,2013,7,2013-07-09,9,high,low
37.495,-115.0464,2013-07-09,Aqua,MODIS,756.8,0,331.5,100,2013,7,2013-07-09,9,high,high
37.4953,-115.0554,2013-07-10,Terra,MODIS,45.2,0,294.2,65,2013,7,2013-07-10,10,medium,medium-low
37.4955,-115.0402,2013-07-10,Terra,MODIS,65.1,0,294.5,72,2013,7,2013-07-10,10,high,medium-high
37.4965,-115.0319,2013-07-09,Aqua,MODIS,133.2,0,313.5,100,2013,7,2013-07-09,9,high,high
37.4984,-115.0294,2013-07-10,Aqua,MODIS,22.9,0,293.5,62,2013,7,2013-07-10,10,medium,medium-low
37.5089,-120.5503,2013-02-12,Terra,MODIS,4.9,0,287.8,51,2013,2,2013-02-12,12,medium,low
37.5198,-121.0007,2013-06-28,Aqua,MODIS,11.7,0,291.2,67,2013,6,2013-06-28,28,medium,low
37.5236,-121.0139,2013-06-28,Terra,MODIS,10.3,0,293.1,83,2013,6,2013-06-28,28,high,low
37.5248,-115.2382,2013-11-18,Aqua,MODIS,7.1,0,288.5,59,2013,11,2013-11-18,18,medium,low
37.5251,-119.8764,2013-06-17,Aqua,MODIS,455.9,0,303.7,100,2013,6,2013-06-17,17,high,high
37.53,-120.9466,2013-01-28,Aqua,MODIS,14.5,0,285.0,75,2013,1,2013-01-28,28,high,low
37.5319,-119.8666,2013-06-17,Terra,MODIS,17.7,0,289.7,76,2013,6,2013-06-17,17,high,low
37.5326,-119.853,2013-06-18,Terra,MODIS,25.9,0,288.7,63,2013,6,2013-06-18,18,medium,medium-low
37.5335,-119.8853,2013-06-19,Aqua,MODIS,72.9,0,298.0,87,2013,6,2013-06-19,19,high,medium-high
37.5352,-120.5545,2013-11-16,Aqua,MODIS,6.8,0,290.3,58,2013,11,2013-11-16,16,medium,low
37.5364,-120.7403,2013-04-08,Terra,MODIS,14.4,0,289.4,76,2013,4,2013-04-08,8,high,low
37.5372,-120.968,2013-11-16,Terra,MODIS,9.7,0,291.4,67,2013,11,2013-11-16,16,medium,low
37.5382,-119.8663,2013-06-17,Terra,MODIS,69.0,0,299.6,79,2013,6,2013-06-17,17,high,medium-high
37.5383,-119.8788,2013-06-17,Aqua,MODIS,122.5,0,300.1,85,2013,6,2013-06-17,17,high,high
37.5398,-119.8537,2013-06-17,Aqua,MODIS,82.6,0,288.7,97,2013,6,2013-06-17,17,high,medium-high
37.5399,-120.9824,2013-11-16,Terra,MODIS,14.3,0,292.4,73,2013,11,2013-11-16,16,high,low
37.5411,-121.2809,2013-11-07,Aqua,MODIS,15.0,0,299.3,75,2013,11,2013-11-07,7,high,low
37.5411,-119.8848,2013-06-17,Terra,MODIS,95.0,0,292.2,100,2013,6,2013-06-17,17,high,medium-high
37.5419,-119.8805,2013-06-18,Terra,MODIS,19.2,0,296.9,65,2013,6,2013-06-18,18,medium,low
37.5428,-119.8682,2013-06-17,Terra,MODIS,214.4,0,295.6,100,2013,6,2013-06-17,17,high,high
37.5444,-119.8742,2013-06-17,Terra,MODIS,196.2,0,299.0,100,2013,6,2013-06-17,17,high,high
37.5468,-119.8835,2013-06-17,Aqua,MODIS,37.6,0,286.7,60,2013,6,2013-06-17,17,medium,medium-low
37.552,-119.8864,2013-06-17,Terra,MODIS,101.4,0,295.2,100,2013,6,2013-06-17,17,high,medium-high
37.5536,-119.8703,2013-06-17,Terra,MODIS,189.9,0,301.0,100,2013,6,2013-06-17,17,high,high
37.5538,-119.892,2013-06-17,Terra,MODIS,36.9,0,291.2,100,2013,6,2013-06-17,17,high,medium-low
37.5538,-119.8488,2013-06-17,Aqua,MODIS,33.1,0,287.7,57,2013,6,2013-06-17,17,medium,medium-low
37.5553,-119.8762,2013-06-17,Terra,MODIS,208.9,0,301.9,100,2013,6,2013-06-17,17,high,high
37.5569,-119.8589,2013-06-17,Terra,MODIS,21.3,0,289.7,77,2013,6,2013-06-17,17,high,medium-low
37.5611,-119.8801,2013-06-17,Aqua,MODIS,45.7,0,288.1,74,2013,6,2013-06-17,17,high,medium-low
37.5661,-119.8786,2013-06-17,Terra,MODIS,17.3,0,288.7,73,2013,6,2013-06-17,17,high,low
37.5667,-121.2483,2013-11-23,Terra,MODIS,12.4,0,287.1,61,2013,11,2013-11-23,23,medium,low
37.5769,-121.0813,2013-01-28,Aqua,MODIS,9.1,0,286.0,66,2013,1,2013-01-28,28,medium,low
37.5869,-121.1406,2013-12-20,Terra,MODIS,7.4,0,285.3,59,2013,12,2013-12-20,20,medium,low
37.5885,-120.8294,2013-09-26,Terra,MODIS,9.1,0,298.7,65,2013,9,2013-09-26,26,medium,low
37.6076,-120.8704,2013-06-20,Aqua,MODIS,32.5,0,304.6,53,2013,6,2013-06-20,20,medium,medium-low
37.6144,-120.8416,2013-06-20,Aqua,MODIS,34.8,0,303.3,56,2013,6,2013-06-20,20,medium,medium-low
37.6166,-120.8667,2013-06-20,Aqua,MODIS,51.9,0,304.6,69,2013,6,2013-06-20,20,medium,medium-high
37.6304,-120.8767,2013-03-16,Terra,MODIS,5.5,0,299.6,71,2013,3,2013-03-16,16,high,low
37.6356,-121.2817,2013-11-16,Terra,MODIS,4.6,0,292.0,50,2013,11,2013-11-16,16,medium,low
37.6381,-121.2956,2013-11-16,Terra,MODIS,8.7,0,292.6,66,2013,11,2013-11-16,16,medium,low
37.6409,-120.7186,2013-12-20,Terra,MODIS,10.1,0,283.8,66,2013,12,2013-12-20,20,medium,low
37.6457,-121.3496,2013-03-09,Terra,MODIS,10.3,0,291.8,72,2013,3,2013-03-09,9,high,low
37.6465,-121.2322,2013-03-04,Terra,MODIS,21.1,0,289.6,70,2013,3,2013-03-04,4,medium,medium-low
37.6468,-120.7967,2013-10-15,Terra,MODIS,11.3,0,296.6,67,2013,10,2013-10-15,15,medium,low
37.6509,-121.0773,2013-02-28,Terra,MODIS,4.2,0,293.5,62,2013,2,2013-02-28,28,medium,low
37.6519,-121.0831,2013-12-20,Terra,MODIS,14.1,0,285.4,74,2013,12,2013-12-20,20,high,low
37.667,-122.4262,2013-09-07,Aqua,MODIS,25.6,0,313.0,76,2013,9,2013-09-07,7,high,medium-low
37.6711,-120.7077,2013-10-22,Aqua,MODIS,24.8,0,305.4,82,2013,10,2013-10-22,22,high,medium-low
37.6731,-121.2702,2013-03-05,Terra,MODIS,5.0,0,289.9,50,2013,3,2013-03-05,5,medium,low
37.6751,-120.7644,2013-01-30,Aqua,MODIS,27.0,0,292.5,86,2013,1,2013-01-30,30,high,medium-low
37.677,-120.7527,2013-01-30,Aqua,MODIS,7.8,0,291.5,68,2013,1,2013-01-30,30,medium,low
37.6772,-120.7032,2013-10-22,Terra,MODIS,38.8,0,300.9,62,2013,10,2013-10-22,22,medium,medium-low
37.6807,-120.7633,2013-01-30,Terra,MODIS,13.0,0,288.5,51,2013,1,2013-01-30,30,medium,low
37.6815,-121.2476,2013-11-16,Terra,MODIS,5.8,0,291.6,56,2013,11,2013-11-16,16,medium,low
37.6947,-121.1663,2013-05-17,Aqua,MODIS,18.2,0,304.3,61,2013,5,2013-05-17,17,medium,low
37.7197,-121.8986,2013-08-20,Aqua,MODIS,75.2,0,310.1,89,2013,8,2013-08-20,20,high,medium-high
37.7214,-121.8786,2013-08-20,Aqua,MODIS,175.6,0,309.2,100,2013,8,2013-08-20,20,high,high
37.7253,-121.8939,2013-08-20,Aqua,MODIS,155.5,0,310.6,99,2013,8,2013-08-20,20,high,high
37.7272,-121.8739,2013-08-20,Aqua,MODIS,94.4,0,307.8,92,2013,8,2013-08-20,20,high,medium-high
37.7319,-120.0843,2013-02-05,Terra,MODIS,8.7,0,285.4,62,2013,2,2013-02-05,5,medium,low
37.7372,-120.1118,2013-03-05,Terra,MODIS,8.8,0,286.5,51,2013,3,2013-03-05,5,medium,low
37.7386,-121.8825,2013-06-17,Terra,MODIS,39.8,0,305.2,71,2013,6,2013-06-17,17,high,medium-low
37.7388,-120.1091,2013-02-12,Terra,MODIS,7.6,0,280.8,54,2013,2,2013-02-12,12,medium,low
37.7422,-121.4113,2013-06-07,Aqua,MODIS,8.3,0,315.1,51,2013,6,2013-06-07,7,medium,low
37.7438,-121.8746,2013-06-17,Terra,MODIS,20.3,0,305.5,55,2013,6,2013-06-17,17,medium,low
37.7438,-119.9464,2013-09-02,Aqua,MODIS,126.9,0,307.6,100,2013,9,2013-09-02,2,high,high
37.7443,-121.4138,2013-05-17,Terra,MODIS,5.6,0,304.9,52,2013,5,2013-05-17,17,medium,low
37.7453,-119.9352,2013-09-02,Aqua,MODIS,92.4,0,303.2,100,2013,9,2013-09-02,2,high,medium-high
37.7464,-121.1542,2013-12-20,Terra,MODIS,8.8,0,284.6,64,2013,12,2013-12-20,20,medium,low
37.7481,-121.1655,2013-12-20,Terra,MODIS,7.8,0,284.1,60,2013,12,2013-12-20,20,medium,low
37.7483,-121.4118,2013-06-18,Terra,MODIS,11.3,0,303.1,69,2013,6,2013-06-18,18,medium,low
37.7509,-119.9546,2013-08-30,Aqua,MODIS,76.8,0,303.4,78,2013,8,2013-08-30,30,high,medium-high
37.7511,-119.9596,2013-09-02,Aqua,MODIS,75.2,0,307.8,99,2013,9,2013-09-02,2,high,medium-high
37.7517,-121.1777,2013-11-16,Terra,MODIS,5.7,0,290.7,58,2013,11,2013-11-16,16,medium,low
37.7517,-119.9551,2013-09-02,Terra,MODIS,8.7,0,290.3,68,2013,9,2013-09-02,2,medium,low
37.7527,-119.9484,2013-09-02,Aqua,MODIS,1622.0,0,400.1,100,2013,9,2013-09-02,2,high,high
37.7533,-119.8097,2013-09-02,Aqua,MODIS,32.7,0,298.9,87,2013,9,2013-09-02,2,high,medium-low
37.7538,-119.9423,2013-09-02,Terra,MODIS,13.0,0,289.8,86,2013,9,2013-09-02,2,high,low
37.7542,-119.9373,2013-09-02,Aqua,MODIS,1013.1,0,317.0,100,2013,9,2013-09-02,2,high,high
37.7546,-119.622,2013-06-06,Terra,MODIS,17.7,0,309.6,74,2013,6,2013-06-06,6,high,low
37.7548,-119.7984,2013-09-02,Aqua,MODIS,17.6,0,299.2,70,2013,9,2013-09-02,2,medium,low
37.7549,-119.9948,2013-09-02,Terra,MODIS,18.8,0,290.0,97,2013,9,2013-09-02,2,high,low
37.7551,-119.9379,2013-09-01,Terra,MODIS,50.2,0,296.9,88,2013,9,2013-09-01,1,high,medium-high
37.7555,-119.9343,2013-09-02,Aqua,MODIS,13.9,0,289.5,88,2013,9,2013-09-02,2,high,low
37.7555,-119.8148,2013-09-02,Terra,MODIS,16.4,0,288.0,92,2013,9,2013-09-02,2,high,low
37.7555,-119.8087,2013-09-01,Terra,MODIS,41.3,0,297.6,89,2013,9,2013-09-01,1,high,medium-low
37.7556,-120.9132,2013-02-26,Terra,MODIS,4.7,0,290.6,54,2013,2,2013-02-26,26,medium,low
37.7557,-119.9318,2013-08-30,Aqua,MODIS,256.9,0,304.5,100,2013,8,2013-08-30,30,high,high
37.7561,-119.9223,2013-08-31,Terra,MODIS,8.4,0,294.5,74,2013,8,2013-08-31,31,high,low
37.7563,-119.7871,2013-09-02,Aqua,MODIS,13.4,0,299.2,62,2013,9,2013-09-02,2,medium,low
37.7569,-119.9823,2013-09-02,Terra,MODIS,10.8,0,290.0,80,2013,9,2013-09-02,2,high,low
37.7574,-119.946,2013-09-02,Aqua,MODIS,12.9,0,290.3,85,2013,9,2013-09-02,2,high,low
37.7575,-119.8027,2013-09-02,Terra,MODIS,28.8,0,288.8,100,2013,9,2013-09-02,2,high,medium-low
37.7576,-119.9111,2013-08-31,Terra,MODIS,62.7,0,299.1,100,2013,8,2013-08-31,31,high,medium-high
37.758,-119.9802,2013-08-30,Aqua,MODIS,110.2,0,303.1,91,2013,8,2013-08-30,30,high,medium-high
37.7581,-119.9507,2013-08-30,Aqua,MODIS,258.2,0,304.7,100,2013,8,2013-08-30,30,high,high
37.7582,-119.9749,2013-08-31,Terra,MODIS,10.4,0,293.6,79,2013,8,2013-08-31,31,high,low
37.7588,-119.9036,2013-09-02,Aqua,MODIS,15.3,0,300.7,77,2013,9,2013-09-02,2,high,low
37.7592,-119.8999,2013-08-31,Terra,MODIS,88.6,0,299.0,100,2013,8,2013-08-31,31,high,medium-high
37.7593,-119.9576,2013-09-02,Aqua,MODIS,7.9,0,290.2,68,2013,9,2013-09-02,2,medium,low
37.7593,-119.8836,2013-08-30,Aqua,MODIS,147.9,0,304.0,95,2013,8,2013-08-30,30,high,high
37.7594,-119.8304,2013-08-31,Terra,MODIS,51.1,0,293.3,100,2013,8,2013-08-31,31,high,medium-high
37.7595,-119.7904,2013-09-02,Terra,MODIS,18.6,0,287.9,95,2013,9,2013-09-02,2,high,low
37.7597,-119.9637,2013-08-31,Terra,MODIS,14.9,0,294.9,97,2013,8,2013-08-31,31,high,low
37.7599,-119.911,2013-08-31,Aqua,MODIS,34.1,0,289.7,88,2013,8,2013-08-31,31,high,medium-low
37.7602,-119.9783,2013-08-31,Terra,MODIS,115.1,0,295.8,72,2013,8,2013-08-31,31,high,medium-high
37.7605,-119.9998,2013-08-30,Aqua,MODIS,55.7,0,304.3,75,2013,8,2013-08-30,30,high,medium-high
37.7606,-119.823,2013-09-02,Aqua,MODIS,41.6,0,299.1,90,2013,9,2013-09-02,2,high,medium-low
37.7607,-119.8886,2013-08-31,Terra,MODIS,113.0,0,304.7,100,2013,8,2013-08-31,31,high,medium-high
37.761,-119.8192,2013-08-31,Terra,MODIS,71.1,0,294.3,100,2013,8,2013-08-31,31,high,medium-high
37.7613,-119.9526,2013-08-31,Terra,MODIS,21.2,0,295.0,100,2013,8,2013-08-31,31,high,medium-low
37.7613,-119.7968,2013-09-02,Aqua,MODIS,24.6,0,287.9,100,2013,9,2013-09-02,2,high,medium-low
37.7613,-119.7839,2013-09-01,Terra,MODIS,34.9,0,296.4,86,2013,9,2013-09-01,1,high,medium-low
37.7616,-119.9627,2013-08-30,Terra,MODIS,23.8,0,302.4,74,2013,8,2013-08-30,30,high,medium-low
37.7619,-119.6154,2013-06-20,Terra,MODIS,16.7,0,299.2,72,2013,6,2013-06-20,20,high,low
37.7621,-119.9827,2013-08-29,Aqua,MODIS,304.7,0,309.9,100,2013,8,2013-08-29,29,high,high
37.7622,-119.8773,2013-08-31,Terra,MODIS,16.7,0,294.0,98,2013,8,2013-08-31,31,high,low
37.7622,-119.8116,2013-09-02,Aqua,MODIS,64.4,0,297.1,97,2013,9,2013-09-02,2,high,medium-high
37.7626,-119.8093,2013-08-31,Aqua,MODIS,20.5,0,288.8,84,2013,8,2013-08-31,31,high,low
37.7627,-119.9277,2013-08-30,Aqua,MODIS,248.1,0,303.1,100,2013,8,2013-08-30,30,high,high
37.7627,-119.8145,2013-09-03,Aqua,MODIS,229.7,0,286.9,72,2013,9,2013-09-03,3,high,high
37.7627,-119.6259,2013-06-19,Aqua,MODIS,30.9,0,297.3,60,2013,6,2013-06-19,19,medium,medium-low
37.7628,-119.9415,2013-08-31,Terra,MODIS,49.7,0,297.6,100,2013,8,2013-08-31,31,high,medium-high
37.7629,-119.9569,2013-08-30,Aqua,MODIS,60.8,0,301.0,78,2013,8,2013-08-30,30,high,medium-high
37.7629,-119.7953,2013-09-01,Terra,MODIS,59.0,0,297.2,95,2013,9,2013-09-01,1,high,medium-high
37.763000000000005,-119.8068,2013-09-04,Aqua,MODIS,25.6,0,298.7,68,2013,9,2013-09-04,4,medium,medium-low
37.7631,-119.9278,2013-08-31,Aqua,MODIS,61.2,0,291.6,100,2013,8,2013-08-31,31,high,medium-high
37.7633,-119.8086,2013-09-02,Aqua,MODIS,35.7,0,289.5,100,2013,9,2013-09-02,2,high,medium-low
37.7635,-119.9743,2013-08-30,Terra,MODIS,85.6,0,305.0,99,2013,8,2013-08-30,30,high,medium-high
37.7636,-119.973,2013-08-31,Terra,MODIS,129.9,0,295.6,74,2013,8,2013-08-31,31,high,high
37.7637,-119.8003,2013-09-02,Aqua,MODIS,38.5,0,297.2,90,2013,9,2013-09-02,2,high,medium-low
37.7637,-119.627,2013-06-20,Terra,MODIS,26.7,0,300.9,82,2013,6,2013-06-20,20,high,medium-low
37.7638,-119.9637,2013-08-29,Aqua,MODIS,385.2,0,309.7,100,2013,8,2013-08-29,29,high,high
37.7641,-119.9993,2013-08-31,Terra,MODIS,23.3,0,293.5,100,2013,8,2013-08-31,31,high,medium-low
37.7643,-119.9303,2013-08-31,Terra,MODIS,258.4,0,307.4,100,2013,8,2013-08-31,31,high,high
37.7643,-119.876,2013-08-31,Aqua,MODIS,39.5,0,290.9,87,2013,8,2013-08-31,31,high,medium-low
37.7644,-119.6206,2013-06-22,Terra,MODIS,11.0,0,306.5,51,2013,6,2013-06-22,22,medium,low
37.7645,-119.8068,2013-09-01,Terra,MODIS,85.6,0,296.5,100,2013,9,2013-09-01,1,high,medium-high
37.7646,-119.8172,2013-09-02,Terra,MODIS,31.9,0,290.1,100,2013,9,2013-09-02,2,high,medium-low
37.7647,-119.8052,2013-09-03,Terra,MODIS,51.1,0,296.6,87,2013,9,2013-09-03,3,high,medium-high
37.7649,-119.8037,2013-09-04,Aqua,MODIS,15.1,0,289.0,90,2013,9,2013-09-04,4,high,low
37.765,-119.8586,2013-09-02,Aqua,MODIS,17.5,0,298.2,62,2013,9,2013-09-02,2,medium,low
37.7651,-119.9773,2013-08-30,Aqua,MODIS,113.0,0,302.9,91,2013,8,2013-08-30,30,high,medium-high
37.7652,-119.7892,2013-09-02,Aqua,MODIS,17.0,0,297.6,58,2013,9,2013-09-02,2,medium,low
37.7653,-119.8206,2013-09-02,Aqua,MODIS,17.2,0,287.3,78,2013,9,2013-09-02,2,high,low
37.7654,-119.9859,2013-08-30,Terra,MODIS,77.1,0,305.4,98,2013,8,2013-08-30,30,high,medium-high
37.7654,-119.9452,2013-08-29,Aqua,MODIS,39.0,0,302.7,66,2013,8,2013-08-29,29,medium,medium-low
37.7656,-119.9881,2013-08-31,Terra,MODIS,37.6,0,296.1,100,2013,8,2013-08-31,31,high,medium-low
37.7658,-119.8257,2013-08-31,Aqua,MODIS,47.1,0,290.3,100,2013,8,2013-08-31,31,high,medium-high
37.7659,-119.9189,2013-08-31,Terra,MODIS,362.1,0,310.5,100,2013,8,2013-08-31,31,high,high
37.7659,-119.8047,2013-09-04,Terra,MODIS,33.2,0,290.6,100,2013,9,2013-09-04,4,high,medium-low
37.7661,-119.8181,2013-09-01,Terra,MODIS,48.5,0,296.9,91,2013,9,2013-09-01,1,high,medium-high
37.7662,-119.9439,2013-08-31,Aqua,MODIS,85.8,0,294.2,100,2013,8,2013-08-31,31,high,medium-high
37.7662,-119.9168,2013-09-02,Aqua,MODIS,33.8,0,303.2,90,2013,9,2013-09-02,2,high,medium-low
37.7664,-119.9884,2013-08-29,Aqua,MODIS,173.9,0,309.3,98,2013,8,2013-08-29,29,high,high
37.7664,-119.8196,2013-09-03,Terra,MODIS,38.7,0,296.5,77,2013,9,2013-09-03,3,high,medium-low
37.7665,-119.8151,2013-09-04,Aqua,MODIS,9.1,0,288.7,65,2013,9,2013-09-04,4,medium,low
37.7666,-119.8053,2013-09-02,Terra,MODIS,36.1,0,289.8,100,2013,9,2013-09-02,2,high,medium-low
37.7667,-119.7779,2013-09-02,Aqua,MODIS,101.4,0,300.2,100,2013,9,2013-09-02,2,high,medium-high
37.7668,-119.9349,2013-08-31,Terra,MODIS,150.8,0,292.9,73,2013,8,2013-08-31,31,high,high
37.7668,-119.8436,2013-08-31,Terra,MODIS,13.3,0,290.4,92,2013,8,2013-08-31,31,high,low
37.7669,-119.9528,2013-08-28,Aqua,MODIS,24.1,0,299.5,72,2013,8,2013-08-28,28,high,medium-low
37.767,-119.9375,2013-08-30,Terra,MODIS,55.6,0,302.1,93,2013,8,2013-08-30,30,high,medium-high
37.7671,-119.9769,2013-08-31,Terra,MODIS,34.4,0,296.6,100,2013,8,2013-08-31,31,high,medium-low
37.7671,-119.9199,2013-09-02,Terra,MODIS,20.1,0,288.8,100,2013,9,2013-09-02,2,high,low
37.7671,-119.782,2013-09-04,Aqua,MODIS,27.6,0,299.2,81,2013,9,2013-09-04,4,high,medium-low
37.7673,-119.8915,2013-08-31,Aqua,MODIS,76.8,0,292.7,100,2013,8,2013-08-31,31,high,medium-high
37.7674,-119.9978,2013-08-30,Terra,MODIS,31.6,0,305.2,84,2013,8,2013-08-30,30,high,medium-low
37.7674,-119.9074,2013-08-31,Terra,MODIS,44.8,0,294.7,100,2013,8,2013-08-31,31,high,medium-low
37.7676,-119.8294,2013-09-01,Terra,MODIS,14.8,0,296.0,51,2013,9,2013-09-01,1,medium,low
37.7677,-121.6144,2013-06-09,Aqua,MODIS,11.9,0,292.1,72,2013,6,2013-06-09,9,high,low
37.7677,-119.9054,2013-09-02,Aqua,MODIS,26.7,0,300.8,87,2013,9,2013-09-02,2,high,medium-low
37.7678,-121.1083,2013-01-27,Terra,MODIS,5.6,0,285.8,51,2013,1,2013-01-27,27,medium,low
37.7678,-119.8938,2013-09-02,Aqua,MODIS,9.5,0,288.1,74,2013,9,2013-09-02,2,high,low
37.7678,-119.8831,2013-09-09,Aqua,MODIS,60.6,0,309.0,94,2013,9,2013-09-09,9,high,medium-high
37.7678,-119.8564,2013-09-02,Terra,MODIS,24.6,0,290.3,100,2013,9,2013-09-02,2,high,medium-low
37.768,-119.9695,2013-08-29,Aqua,MODIS,487.0,0,310.8,100,2013,8,2013-08-29,29,high,high
37.768,-119.858,2013-09-01,Aqua,MODIS,324.3,0,289.5,98,2013,9,2013-09-01,1,high,high
37.768,-119.8361,2013-09-02,Aqua,MODIS,45.4,0,298.9,92,2013,9,2013-09-02,2,high,medium-low
37.7684,-119.8324,2013-08-31,Terra,MODIS,82.4,0,293.4,100,2013,8,2013-08-31,31,high,medium-high
37.7687,-120.0004,2013-08-28,Aqua,MODIS,64.8,0,305.3,92,2013,8,2013-08-28,28,high,medium-high
37.7687,-119.9658,2013-08-31,Terra,MODIS,31.9,0,295.8,100,2013,8,2013-08-31,31,high,medium-low
37.7688,-119.8416,2013-08-31,Aqua,MODIS,52.5,0,289.6,100,2013,8,2013-08-31,31,high,medium-high
37.7689,-119.9493,2013-08-30,Terra,MODIS,52.0,0,303.6,92,2013,8,2013-08-30,30,high,medium-high
37.7689,-119.8961,2013-08-31,Terra,MODIS,128.8,0,299.0,100,2013,8,2013-08-31,31,high,high
37.769,-119.9082,2013-09-02,Terra,MODIS,62.4,0,292.3,100,2013,9,2013-09-02,2,high,medium-high
37.7691,-119.959,2013-08-31,Aqua,MODIS,75.7,0,289.8,100,2013,8,2013-08-31,31,high,medium-high
37.7691,-119.7699,2013-09-04,Aqua,MODIS,27.7,0,300.4,82,2013,9,2013-09-04,4,high,medium-low
37.7692,-119.9576,2013-08-28,Terra,MODIS,24.8,0,287.9,55,2013,8,2013-08-28,28,medium,medium-low
37.7692,-119.8408,2013-09-01,Terra,MODIS,26.5,0,296.8,64,2013,9,2013-09-01,1,medium,medium-low
37.7692,-119.7872,2013-09-04,Terra,MODIS,33.0,0,289.5,100,2013,9,2013-09-04,4,high,medium-low
37.7695,-119.9511,2013-08-29,Aqua,MODIS,104.6,0,303.5,90,2013,8,2013-08-29,29,high,medium-high
37.7696,-119.8248,2013-09-02,Aqua,MODIS,33.0,0,291.6,87,2013,9,2013-09-02,2,high,medium-low
37.7696,-119.7591,2013-09-03,Terra,MODIS,15.6,0,296.2,57,2013,9,2013-09-03,3,medium,low
37.7698,-119.9055,2013-09-02,Aqua,MODIS,26.3,0,290.6,100,2013,9,2013-09-02,2,high,medium-low
37.7698,-119.844,2013-09-02,Terra,MODIS,30.1,0,292.1,100,2013,9,2013-09-02,2,high,medium-low
37.7699,-119.9114,2013-09-01,Terra,MODIS,29.9,0,299.9,87,2013,9,2013-09-01,1,high,medium-low
37.7699,-119.8209,2013-08-31,Terra,MODIS,25.0,0,291.2,100,2013,8,2013-08-31,31,high,medium-low
37.77,-119.9531,2013-08-30,Aqua,MODIS,51.5,0,299.3,52,2013,8,2013-08-30,30,medium,medium-high
37.7701,-119.965,2013-08-29,Terra,MODIS,124.5,0,302.3,87,2013,8,2013-08-29,29,high,high
37.7702,-119.9547,2013-08-31,Terra,MODIS,49.5,0,296.7,100,2013,8,2013-08-31,31,high,medium-high
37.7702,-119.907,2013-08-31,Aqua,MODIS,86.4,0,294.5,100,2013,8,2013-08-31,31,high,medium-high
37.7705,-119.8849,2013-08-31,Terra,MODIS,179.7,0,299.0,100,2013,8,2013-08-31,31,high,high
37.7706,-119.7788,2013-09-04,Aqua,MODIS,13.2,0,287.3,86,2013,9,2013-09-04,4,high,low
37.7708,-119.8523,2013-09-01,Terra,MODIS,69.4,0,298.8,98,2013,9,2013-09-01,1,high,medium-high
37.7709,-119.9834,2013-08-26,Aqua,MODIS,14.2,0,304.0,53,2013,8,2013-08-26,26,medium,low
37.771,-119.8871,2013-08-30,Aqua,MODIS,76.2,0,301.2,75,2013,8,2013-08-30,30,high,medium-high
37.771,-119.7579,2013-09-04,Aqua,MODIS,21.5,0,300.0,76,2013,9,2013-09-04,4,high,medium-low
37.7711,-119.8561,2013-09-02,Aqua,MODIS,11.8,0,287.8,80,2013,9,2013-09-02,2,high,low
37.7712,-119.7963,2013-09-04,Terra,MODIS,89.2,0,293.4,76,2013,9,2013-09-04,4,high,medium-high
37.7713,-119.986,2013-08-28,Aqua,MODIS,65.9,0,304.3,92,2013,8,2013-08-28,28,high,medium-high
37.7714,-119.976,2013-08-28,Terra,MODIS,33.3,0,290.8,91,2013,8,2013-08-28,28,high,medium-low
37.7714,-119.9448,2013-08-30,Aqua,MODIS,36.0,0,293.6,100,2013,8,2013-08-30,30,high,medium-low
37.7716,-120.0066,2013-08-28,Terra,MODIS,15.3,0,290.0,61,2013,8,2013-08-28,28,medium,low
37.7717,-119.9435,2013-08-31,Terra,MODIS,152.1,0,302.3,100,2013,8,2013-08-31,31,high,high
37.7717,-119.8946,2013-09-01,Terra,MODIS,94.9,0,284.9,55,2013,9,2013-09-01,1,medium,medium-high
37.7718,-119.8319,2013-09-02,Terra,MODIS,27.8,0,291.3,100,2013,9,2013-09-02,2,high,medium-low
37.7719,-119.8057,2013-09-05,Terra,MODIS,27.4,0,290.1,82,2013,9,2013-09-05,5,high,medium-low
37.7719,-119.772,2013-09-09,Aqua,MODIS,16.7,0,300.1,62,2013,9,2013-09-09,9,medium,low
37.772,-119.9721,2013-08-28,Terra,MODIS,50.3,0,296.7,80,2013,8,2013-08-28,28,high,medium-high
37.772,-119.8738,2013-08-31,Terra,MODIS,35.4,0,292.8,100,2013,8,2013-08-31,31,high,medium-low
37.772,-119.868,2013-08-30,Terra,MODIS,37.7,0,303.8,85,2013,8,2013-08-30,30,high,medium-low
37.7721,-119.8097,2013-09-04,Aqua,MODIS,128.0,0,305.4,100,2013,9,2013-09-04,4,high,high
37.7722,-119.9868,2013-08-28,Aqua,MODIS,13.1,0,291.5,83,2013,8,2013-08-28,28,high,low
37.7722,-119.7904,2013-09-04,Aqua,MODIS,23.6,0,290.2,97,2013,9,2013-09-04,4,high,medium-low
37.7723,-119.9598,2013-08-26,Terra,MODIS,61.0,0,298.1,77,2013,8,2013-08-26,26,high,medium-high
37.7724,-119.8058,2013-09-02,Aqua,MODIS,12.1,0,288.6,81,2013,9,2013-09-02,2,high,low
37.7724,-119.7702,2013-09-04,Terra,MODIS,58.7,0,289.9,100,2013,9,2013-09-04,4,high,medium-high
37.7726,-119.9719,2013-08-26,Aqua,MODIS,56.5,0,306.2,95,2013,8,2013-08-26,26,high,medium-high
37.773,-120.0014,2013-08-31,Terra,MODIS,10.2,0,292.5,82,2013,8,2013-08-31,31,high,low
37.7732,-119.9842,2013-08-29,Aqua,MODIS,26.6,0,292.0,57,2013,8,2013-08-29,29,medium,medium-low
37.7732,-119.8255,2013-09-04,Terra,MODIS,52.6,0,294.6,100,2013,9,2013-09-04,4,high,medium-high
37.7733,-119.9639,2013-08-30,Aqua,MODIS,29.3,0,294.4,94,2013,8,2013-08-30,30,high,medium-low
37.7733,-119.9321,2013-08-31,Terra,MODIS,878.7,0,317.6,100,2013,8,2013-08-31,31,high,high
37.7734,-119.9238,2013-08-31,Aqua,MODIS,285.9,0,305.8,100,2013,8,2013-08-31,31,high,high
37.7735,-119.8624,2013-08-31,Terra,MODIS,4.5,0,290.5,59,2013,8,2013-08-31,31,medium,low
37.7736,-119.7833,2013-09-05,Aqua,MODIS,49.6,0,297.2,62,2013,9,2013-09-05,5,medium,medium-high
37.7737,-119.9642,2013-08-26,Terra,MODIS,56.4,0,298.8,75,2013,8,2013-08-26,26,high,medium-high
37.7739,-119.8798,2013-08-30,Terra,MODIS,43.1,0,302.6,88,2013,8,2013-08-30,30,high,medium-low
37.7739,-119.8019,2013-09-04,Aqua,MODIS,54.1,0,294.4,100,2013,9,2013-09-04,4,high,medium-high
37.774,-119.9705,2013-08-28,Aqua,MODIS,68.2,0,303.1,93,2013,8,2013-08-28,28,high,medium-high
37.7741,-120.0031,2013-08-25,Aqua,MODIS,155.3,0,296.3,77,2013,8,2013-08-25,25,high,high
37.7741,-119.7974,2013-09-04,Aqua,MODIS,172.0,0,305.3,100,2013,9,2013-09-04,4,high,high
37.7744,-119.9603,2013-08-26,Aqua,MODIS,71.7,0,304.0,98,2013,8,2013-08-26,26,high,medium-high
37.7748,-119.9207,2013-08-31,Terra,MODIS,562.6,0,308.7,100,2013,8,2013-08-31,31,high,high
37.7749,-119.9873,2013-08-28,Terra,MODIS,39.2,0,296.5,61,2013,8,2013-08-28,28,medium,medium-low
37.7749,-119.8736,2013-08-31,Aqua,MODIS,62.3,0,291.3,100,2013,8,2013-08-31,31,high,medium-high
37.7749,-119.8043,2013-09-03,Terra,MODIS,23.0,0,295.0,52,2013,9,2013-09-03,3,medium,medium-low
37.7753,-120.011,2013-08-25,Aqua,MODIS,129.5,0,296.4,74,2013,8,2013-08-25,25,high,high
37.7753,-119.9842,2013-08-30,Aqua,MODIS,13.6,0,293.1,65,2013,8,2013-08-30,30,medium,low
37.7754,-119.8712,2013-08-30,Aqua,MODIS,34.7,0,291.7,99,2013,8,2013-08-30,30,high,medium-low
37.7755,-119.8134,2013-09-04,Aqua,MODIS,77.8,0,298.0,100,2013,9,2013-09-04,4,high,medium-high
37.7755,-119.7541,2013-09-04,Terra,MODIS,32.1,0,288.2,98,2013,9,2013-09-04,4,high,medium-low
37.7756,-120.0035,2013-08-29,Terra,MODIS,25.2,0,292.9,100,2013,8,2013-08-29,29,high,medium-low
37.7759,-119.8323,2013-09-04,Terra,MODIS,29.2,0,292.3,52,2013,9,2013-09-04,4,medium,medium-low
37.776,-119.8943,2013-08-30,Aqua,MODIS,77.3,0,300.7,70,2013,8,2013-08-30,30,medium,medium-high
37.7762,-119.9844,2013-08-28,Terra,MODIS,45.0,0,291.0,100,2013,8,2013-08-28,28,high,medium-low
37.7762,-119.8095,2013-09-04,Terra,MODIS,219.5,0,301.4,100,2013,9,2013-09-04,4,high,high
37.7762,-119.785,2013-09-04,Aqua,MODIS,134.4,0,303.8,100,2013,9,2013-09-04,4,high,high
37.7763,-119.9093,2013-08-31,Terra,MODIS,70.3,0,296.8,100,2013,8,2013-08-31,31,high,medium-high
37.7763,-119.8295,2013-09-02,Aqua,MODIS,43.2,0,292.7,100,2013,9,2013-09-02,2,high,medium-low
37.7764,-119.7543,2013-09-04,Aqua,MODIS,16.8,0,287.8,93,2013,9,2013-09-04,4,high,low
37.7765,-119.94,2013-08-31,Aqua,MODIS,156.6,0,296.5,100,2013,8,2013-08-31,31,high,high
37.7766,-119.8194,2013-09-03,Terra,MODIS,45.3,0,296.4,83,2013,9,2013-09-03,3,high,medium-low
37.7767,-119.7989,2013-09-04,Terra,MODIS,134.0,0,296.4,95,2013,9,2013-09-04,4,high,high
37.7768,-119.9551,2013-08-28,Aqua,MODIS,31.2,0,300.2,79,2013,8,2013-08-28,28,high,medium-low
37.777,-119.9809,2013-08-26,Terra,MODIS,87.4,0,300.3,84,2013,8,2013-08-26,26,high,medium-high
37.777,-119.859,2013-09-02,Terra,MODIS,21.5,0,292.7,100,2013,9,2013-09-02,2,high,medium-low
37.777,-119.8379,2013-09-02,Aqua,MODIS,321.0,0,309.4,100,2013,9,2013-09-02,2,high,high
37.7772,-119.9899,2013-08-29,Terra,MODIS,25.7,0,293.3,98,2013,8,2013-08-29,29,high,medium-low
37.7773,-119.8531,2013-09-03,Aqua,MODIS,178.1,0,289.9,53,2013,9,2013-09-03,3,medium,high
37.7774,-119.9466,2013-08-29,Aqua,MODIS,116.6,0,303.3,92,2013,8,2013-08-29,29,high,medium-high
37.7775,-119.9618,2013-08-26,Terra,MODIS,12.4,0,289.4,71,2013,8,2013-08-26,26,high,low
37.7778,-119.7642,2013-09-06,Aqua,MODIS,23.1,0,299.1,50,2013,9,2013-09-06,6,medium,medium-low
37.7779,-119.9622,2013-08-26,Aqua,MODIS,56.3,0,291.4,100,2013,8,2013-08-26,26,high,medium-high
37.7779,-119.8981,2013-08-31,Terra,MODIS,91.6,0,299.4,100,2013,8,2013-08-31,31,high,medium-high
37.7779,-119.8887,2013-08-31,Aqua,MODIS,53.9,0,292.5,100,2013,8,2013-08-31,31,high,medium-high
37.778,-119.7656,2013-09-04,Aqua,MODIS,39.1,0,290.8,100,2013,9,2013-09-04,4,high,medium-low
37.7781,-119.9968,2013-08-26,Aqua,MODIS,56.0,0,308.3,95,2013,8,2013-08-26,26,high,medium-high
37.7782,-119.9128,2013-08-30,Aqua,MODIS,123.7,0,301.1,93,2013,8,2013-08-30,30,high,high
37.7782,-119.7725,2013-09-04,Aqua,MODIS,115.9,0,303.1,100,2013,9,2013-09-04,4,high,medium-high
37.7783,-119.9853,2013-08-26,Terra,MODIS,76.7,0,300.6,82,2013,8,2013-08-26,26,high,medium-high
37.7783,-119.9837,2013-08-25,Terra,MODIS,31.7,0,300.3,82,2013,8,2013-08-25,25,high,medium-low
37.7783,-119.8414,2013-09-02,Aqua,MODIS,27.3,0,294.4,87,2013,9,2013-09-02,2,high,medium-low
37.7784,-120.0044,2013-08-24,Aqua,MODIS,15.7,0,306.3,66,2013,8,2013-08-24,24,medium,low
37.7785,-119.8264,2013-09-02,Aqua,MODIS,68.7,0,295.6,98,2013,9,2013-09-02,2,high,medium-high
37.7786,-120.0029,2013-08-28,Aqua,MODIS,21.2,0,304.3,65,2013,8,2013-08-28,28,medium,medium-low
37.7788,-119.9095,2013-09-01,Terra,MODIS,21.0,0,300.2,62,2013,9,2013-09-01,1,medium,medium-low
37.7788,-119.7737,2013-09-04,Terra,MODIS,80.8,0,295.0,80,2013,9,2013-09-04,4,high,medium-high
37.7789,-119.9832,2013-08-22,Aqua,MODIS,44.2,0,303.9,76,2013,8,2013-08-22,22,high,medium-low
37.7789,-119.8472,2013-09-02,Terra,MODIS,160.3,0,304.0,100,2013,9,2013-09-02,2,high,high
37.779,-119.9395,2013-08-30,Aqua,MODIS,45.8,0,299.1,57,2013,8,2013-08-30,30,medium,medium-low
37.779,-119.8167,2013-09-04,Terra,MODIS,253.8,0,305.6,100,2013,9,2013-09-04,4,high,high
37.7791,-119.9567,2013-08-31,Terra,MODIS,5.2,0,291.8,53,2013,8,2013-08-31,31,medium,low
37.7791,-119.9418,2013-08-28,Aqua,MODIS,143.0,0,304.0,100,2013,8,2013-08-28,28,high,high
37.7792,-119.9769,2013-08-25,Terra,MODIS,59.7,0,289.5,86,2013,8,2013-08-25,25,high,medium-high
37.7792,-119.8111,2013-09-03,Aqua,MODIS,352.0,0,290.9,81,2013,9,2013-09-03,3,high,high
37.7794,-119.9241,2013-08-29,Aqua,MODIS,672.9,0,315.2,100,2013,8,2013-08-29,29,high,high
37.7794,-119.8869,2013-08-31,Terra,MODIS,74.0,0,297.6,100,2013,8,2013-08-31,31,high,medium-high
37.7794,-119.7922,2013-09-04,Terra,MODIS,385.2,0,302.2,100,2013,9,2013-09-04,4,high,high
37.7796,-119.9733,2013-08-26,Aqua,MODIS,20.1,0,291.5,100,2013,8,2013-08-26,26,high,low
37.7796,-119.777,2013-09-04,Aqua,MODIS,50.4,0,292.8,100,2013,9,2013-09-04,4,high,medium-high
37.7798,-119.9854,2013-08-26,Aqua,MODIS,71.8,0,307.5,98,2013,8,2013-08-26,26,high,medium-high
37.7798,-119.9814,2013-08-25,Terra,MODIS,76.8,0,289.9,94,2013,8,2013-08-25,25,high,medium-high
37.7798,-119.9149,2013-08-30,Terra,MODIS,33.8,0,299.9,85,2013,8,2013-08-30,30,high,medium-low
37.7798,-119.8506,2013-09-01,Terra,MODIS,63.7,0,298.0,96,2013,9,2013-09-01,1,high,medium-high
37.7799,-119.9966,2013-08-25,Terra,MODIS,63.1,0,302.3,94,2013,8,2013-08-25,25,high,medium-high
37.7799,-119.9924,2013-08-24,Aqua,MODIS,36.5,0,306.5,86,2013,8,2013-08-24,24,high,medium-low
37.7799,-119.9712,2013-08-28,Aqua,MODIS,20.9,0,291.9,69,2013,8,2013-08-28,28,medium,medium-low
37.7801,-119.9643,2013-08-27,Terra,MODIS,30.8,0,299.3,71,2013,8,2013-08-27,27,high,medium-low
37.7801,-119.7607,2013-09-04,Aqua,MODIS,111.6,0,302.6,100,2013,9,2013-09-04,4,high,medium-high
37.7806,-119.9453,2013-08-31,Terra,MODIS,29.5,0,293.5,100,2013,8,2013-08-31,31,high,medium-low
37.7808,-119.9776,2013-08-24,Terra,MODIS,92.3,0,297.6,57,2013,8,2013-08-24,24,medium,medium-high
37.7808,-119.9042,2013-08-31,Aqua,MODIS,32.3,0,291.8,90,2013,8,2013-08-31,31,high,medium-low
37.7809,-119.927,2013-08-30,Aqua,MODIS,20.6,0,292.1,84,2013,8,2013-08-30,30,high,low
37.7809,-119.8757,2013-08-31,Terra,MODIS,117.8,0,299.9,100,2013,8,2013-08-31,31,high,medium-high
37.7809,-119.8351,2013-09-02,Terra,MODIS,217.3,0,299.8,100,2013,9,2013-09-02,2,high,high
37.7811,-120.0004,2013-08-26,Terra,MODIS,15.6,0,290.4,84,2013,8,2013-08-26,26,high,low
37.7811,-119.9608,2013-08-28,Terra,MODIS,23.4,0,289.5,76,2013,8,2013-08-28,28,high,medium-low
37.7811,-119.8653,2013-08-30,Terra,MODIS,25.3,0,300.4,78,2013,8,2013-08-30,30,high,medium-low
37.7812,-119.9037,2013-08-29,Aqua,MODIS,624.4,0,310.9,100,2013,8,2013-08-29,29,high,high
37.7812,-119.8126,2013-09-04,Aqua,MODIS,36.8,0,305.9,82,2013,9,2013-09-04,4,high,medium-low
37.7812,-119.7886,2013-09-04,Aqua,MODIS,96.3,0,297.7,100,2013,9,2013-09-04,4,high,medium-high
37.7813,-119.9844,2013-08-26,Aqua,MODIS,30.1,0,292.4,100,2013,8,2013-08-26,26,high,medium-low
37.7814,-119.9807,2013-08-24,Aqua,MODIS,84.7,0,309.8,99,2013,8,2013-08-24,24,high,medium-high
37.7814,-119.8619,2013-09-01,Terra,MODIS,30.5,0,300.0,54,2013,9,2013-09-01,1,medium,medium-low
37.7815,-119.9844,2013-08-28,Aqua,MODIS,30.4,0,292.5,100,2013,8,2013-08-28,28,high,medium-low
37.7815,-119.9739,2013-08-26,Aqua,MODIS,12.7,0,304.3,59,2013,8,2013-08-26,26,medium,low
37.7815,-119.9524,2013-08-29,Aqua,MODIS,68.5,0,301.9,82,2013,8,2013-08-29,29,high,medium-high
37.7815,-119.9283,2013-08-28,Aqua,MODIS,126.9,0,304.6,100,2013,8,2013-08-28,28,high,high
37.7816,-119.9493,2013-08-29,Terra,MODIS,25.4,0,292.3,74,2013,8,2013-08-29,29,high,medium-low
37.7816,-119.935,2013-08-29,Terra,MODIS,47.9,0,299.9,54,2013,8,2013-08-29,29,medium,medium-high
37.7818,-119.9906,2013-08-27,Terra,MODIS,44.0,0,292.2,99,2013,8,2013-08-27,27,high,medium-low
37.7818,-119.9269,2013-08-30,Terra,MODIS,29.6,0,300.4,63,2013,8,2013-08-30,30,medium,medium-low
37.7821,-119.8525,2013-08-31,Aqua,MODIS,44.6,0,291.0,82,2013,8,2013-08-31,31,high,medium-low
37.7821,-119.7486,2013-09-04,Aqua,MODIS,41.3,0,302.1,88,2013,9,2013-09-04,4,high,medium-low
37.7822,-119.9339,2013-08-31,Terra,MODIS,52.0,0,294.3,100,2013,8,2013-08-31,31,high,medium-high
37.7823,-119.7996,2013-09-04,Terra,MODIS,467.0,0,311.5,100,2013,9,2013-09-04,4,high,high
37.7825,-119.8643,2013-08-31,Terra,MODIS,56.0,0,293.8,100,2013,8,2013-08-31,31,high,medium-high
37.7825,-119.7913,2013-09-04,Terra,MODIS,191.9,0,298.6,100,2013,9,2013-09-04,4,high,high
37.7826,-119.9444,2013-08-30,Aqua,MODIS,33.0,0,293.4,99,2013,8,2013-08-30,30,high,medium-low
37.7827,-119.8904,2013-08-30,Aqua,MODIS,94.9,0,299.7,75,2013,8,2013-08-30,30,high,medium-high
37.7828,-119.9691,2013-08-24,Aqua,MODIS,506.9,0,319.1,100,2013,8,2013-08-24,24,high,high
37.7828,-119.8001,2013-09-04,Aqua,MODIS,153.4,0,306.6,100,2013,9,2013-09-04,4,high,high
37.7828,-119.7745,2013-09-04,Terra,MODIS,263.5,0,298.7,100,2013,9,2013-09-04,4,high,high
37.783,-119.9955,2013-08-26,Aqua,MODIS,18.7,0,290.5,100,2013,8,2013-08-26,26,high,low
37.783,-119.8533,2013-09-04,Terra,MODIS,27.9,0,290.3,69,2013,9,2013-09-04,4,medium,medium-low
37.783,-119.8062,2013-09-05,Terra,MODIS,28.4,0,292.4,85,2013,9,2013-09-05,5,high,medium-low
37.7831,-119.9974,2013-08-28,Aqua,MODIS,46.9,0,291.4,100,2013,8,2013-08-28,28,high,medium-high
37.7831,-119.9198,2013-08-30,Aqua,MODIS,93.0,0,300.9,73,2013,8,2013-08-30,30,high,medium-high
37.7831,-119.8775,2013-08-30,Terra,MODIS,86.1,0,304.5,99,2013,8,2013-08-30,30,high,medium-high
37.7832,-119.9624,2013-08-26,Aqua,MODIS,34.6,0,303.4,86,2013,8,2013-08-26,26,high,medium-low
37.7832,-119.8003,2013-09-04,Aqua,MODIS,232.4,0,309.3,100,2013,9,2013-09-04,4,high,high
37.7833,-119.9721,2013-08-27,Terra,MODIS,21.5,0,290.9,66,2013,8,2013-08-27,27,medium,medium-low
37.7834,-119.9298,2013-08-29,Aqua,MODIS,368.7,0,313.5,100,2013,8,2013-08-29,29,high,high
37.7834,-119.8305,2013-09-04,Terra,MODIS,43.8,0,295.1,77,2013,9,2013-09-04,4,high,medium-low
37.7837,-120.0128,2013-08-23,Aqua,MODIS,93.7,0,302.9,82,2013,8,2013-08-23,23,high,medium-high
37.7837,-119.9225,2013-08-31,Terra,MODIS,55.3,0,295.2,100,2013,8,2013-08-31,31,high,medium-high
37.7837,-119.741,2013-09-04,Aqua,MODIS,18.1,0,285.4,95,2013,9,2013-09-04,4,high,low
37.7838,-119.9854,2013-08-26,Terra,MODIS,28.0,0,291.7,100,2013,8,2013-08-26,26,high,medium-low
37.7838,-119.9196,2013-08-31,Aqua,MODIS,33.1,0,293.3,92,2013,8,2013-08-31,31,high,medium-low
37.7839,-119.9821,2013-08-24,Terra,MODIS,19.3,0,292.6,100,2013,8,2013-08-24,24,high,low
37.784,-119.9142,2013-08-28,Aqua,MODIS,73.1,0,303.9,94,2013,8,2013-08-28,28,high,medium-high
37.784,-119.7507,2013-09-11,Aqua,MODIS,58.7,0,302.7,96,2013,9,2013-09-11,11,high,medium-high
37.7841,-119.7364,2013-09-04,Aqua,MODIS,85.9,0,303.4,99,2013,9,2013-09-04,4,high,medium-high
37.7843,-119.9568,2013-08-24,Aqua,MODIS,83.6,0,302.3,99,2013,8,2013-08-24,24,high,medium-high
37.7843,-119.9558,2013-08-25,Terra,MODIS,18.1,0,298.0,55,2013,8,2013-08-25,25,medium,low
37.7844,-119.8509,2013-09-02,Aqua,MODIS,114.0,0,305.3,100,2013,9,2013-09-02,2,high,medium-high
37.7844,-119.8115,2013-09-04,Aqua,MODIS,97.6,0,304.5,100,2013,9,2013-09-04,4,high,medium-high
37.7844,-119.7764,2013-09-04,Terra,MODIS,74.2,0,296.3,55,2013,9,2013-09-04,4,medium,medium-high
37.7845,-119.9708,2013-08-25,Aqua,MODIS,105.2,0,295.7,72,2013,8,2013-08-25,25,high,medium-high
37.7848,-121.1713,2013-11-21,Aqua,MODIS,8.9,0,286.6,66,2013,11,2013-11-21,21,medium,low
37.7848,-119.9551,2013-08-26,Terra,MODIS,37.4,0,297.6,62,2013,8,2013-08-26,26,medium,medium-low
37.7848,-119.9201,2013-08-29,Terra,MODIS,19.7,0,290.2,63,2013,8,2013-08-29,29,medium,low
37.7849,-119.9513,2013-08-26,Aqua,MODIS,118.8,0,305.2,100,2013,8,2013-08-26,26,high,medium-high
37.7851,-119.9488,2013-08-26,Aqua,MODIS,22.0,0,290.6,100,2013,8,2013-08-26,26,high,medium-low
37.7851,-119.9093,2013-08-29,Aqua,MODIS,1010.9,0,318.0,100,2013,8,2013-08-29,29,high,high
37.7851,-119.8895,2013-08-30,Terra,MODIS,47.8,0,303.0,91,2013,8,2013-08-30,30,high,medium-high
37.7852,-119.9413,2013-08-28,Terra,MODIS,48.5,0,289.8,100,2013,8,2013-08-28,28,high,medium-high
37.7852,-119.8147,2013-09-03,Aqua,MODIS,248.2,0,288.1,67,2013,9,2013-09-03,3,medium,high
37.7852,-119.7879,2013-09-04,Aqua,MODIS,100.8,0,302.8,100,2013,9,2013-09-04,4,high,medium-high
37.7853,-119.9113,2013-08-31,Terra,MODIS,22.3,0,292.8,100,2013,8,2013-08-31,31,high,medium-low
37.7853,-119.8694,2013-08-31,Aqua,MODIS,189.2,0,297.0,100,2013,8,2013-08-31,31,high,high
37.7854,-119.8266,2013-09-02,Aqua,MODIS,36.2,0,291.5,92,2013,9,2013-09-02,2,high,medium-low
37.7854,-119.7525,2013-09-04,Aqua,MODIS,27.5,0,289.7,100,2013,9,2013-09-04,4,high,medium-low
37.7856,-119.9707,2013-08-24,Terra,MODIS,29.8,0,293.1,100,2013,8,2013-08-24,24,high,medium-low
37.7857,-119.7819,2013-09-04,Terra,MODIS,329.9,0,304.6,100,2013,9,2013-09-04,4,high,high
37.7857,-119.7587,2013-09-04,Terra,MODIS,86.2,0,291.8,100,2013,9,2013-09-04,4,high,medium-high
37.7857,-119.7395,2013-09-11,Aqua,MODIS,39.3,0,300.1,91,2013,9,2013-09-11,11,high,medium-low
37.7859,-119.9682,2013-08-25,Terra,MODIS,38.8,0,301.6,86,2013,8,2013-08-25,25,high,medium-low
37.7859,-119.8396,2013-09-02,Aqua,MODIS,321.0,0,316.5,100,2013,9,2013-09-02,2,high,high
37.786,-119.823,2013-09-04,Aqua,MODIS,16.7,0,293.9,87,2013,9,2013-09-04,4,high,low
37.7861,-119.9832,2013-08-24,Terra,MODIS,118.8,0,298.7,73,2013,8,2013-08-24,24,high,medium-high
37.7861,-119.9768,2013-08-25,Aqua,MODIS,41.4,0,289.0,63,2013,8,2013-08-25,25,medium,medium-low
37.7861,-119.9444,2013-08-28,Aqua,MODIS,10.1,0,279.6,52,2013,8,2013-08-28,28,medium,low
37.7861,-119.8618,2013-09-02,Terra,MODIS,23.4,0,291.1,100,2013,9,2013-09-02,2,high,medium-low
37.7861,-119.7524,2013-09-06,Terra,MODIS,50.0,0,300.7,81,2013,9,2013-09-06,6,high,medium-high
37.7861,-119.7241,2013-09-04,Aqua,MODIS,20.5,0,300.7,75,2013,9,2013-09-04,4,high,low
37.7865,-119.9703,2013-08-26,Terra,MODIS,21.9,0,290.2,69,2013,8,2013-08-26,26,medium,medium-low
37.7865,-119.9671,2013-08-24,Aqua,MODIS,36.5,0,291.6,100,2013,8,2013-08-24,24,high,medium-low
37.7865,-119.8706,2013-08-30,Aqua,MODIS,30.6,0,292.8,96,2013,8,2013-08-30,30,high,medium-low
37.7866,-119.9695,2013-08-23,Terra,MODIS,78.8,0,304.0,99,2013,8,2013-08-23,23,high,medium-high
37.7866,-119.9401,2013-08-26,Aqua,MODIS,48.2,0,303.2,92,2013,8,2013-08-26,26,high,medium-high
37.7866,-119.8179,2013-09-03,Terra,MODIS,103.4,0,297.1,99,2013,9,2013-09-03,3,high,medium-high
37.7866,-119.8134,2013-09-04,Terra,MODIS,2882.4,0,327.4,100,2013,9,2013-09-04,4,high,high
37.7867,-119.8992,2013-08-28,Aqua,MODIS,57.1,0,301.3,89,2013,8,2013-08-28,28,high,medium-high
37.7867,-119.8898,2013-08-29,Aqua,MODIS,64.7,0,300.5,80,2013,8,2013-08-29,29,high,medium-high
37.7868,-119.9962,2013-08-22,Aqua,MODIS,1311.7,0,323.5,100,2013,8,2013-08-22,22,high,high
37.7868,-119.96,2013-08-26,Aqua,MODIS,43.8,0,292.9,100,2013,8,2013-08-26,26,high,medium-low
37.7868,-119.903,2013-08-26,Terra,MODIS,56.8,0,297.0,53,2013,8,2013-08-26,26,medium,medium-high
37.7868,-119.9002,2013-08-31,Terra,MODIS,24.6,0,293.6,100,2013,8,2013-08-31,31,high,medium-low
37.7868,-119.749,2013-09-11,Terra,MODIS,18.8,0,283.8,87,2013,9,2013-09-11,11,high,low
37.7869,-119.9341,2013-08-28,Terra,MODIS,144.4,0,298.9,100,2013,8,2013-08-28,28,high,high
37.787,-119.7639,2013-09-04,Aqua,MODIS,47.7,0,295.6,100,2013,9,2013-09-04,4,high,medium-high
37.7871,-119.9012,2013-08-30,Terra,MODIS,47.8,0,305.3,91,2013,8,2013-08-30,30,high,medium-high
37.7873,-119.7754,2013-09-04,Aqua,MODIS,75.2,0,300.2,98,2013,9,2013-09-04,4,high,medium-high
37.7874,-119.8385,2013-09-02,Aqua,MODIS,115.9,0,299.0,100,2013,9,2013-09-02,2,high,medium-high
37.7875,-119.8283,2013-09-02,Aqua,MODIS,255.0,0,310.4,100,2013,9,2013-09-02,2,high,high
37.7876,-120.8194,2013-03-05,Terra,MODIS,5.0,0,287.5,53,2013,3,2013-03-05,5,medium,low
37.7877,-120.0064,2013-08-24,Aqua,MODIS,27.2,0,309.7,79,2013,8,2013-08-24,24,high,medium-low
37.7878,-119.8972,2013-08-30,Aqua,MODIS,86.2,0,299.4,67,2013,8,2013-08-30,30,medium,medium-high
37.7879,-119.9286,2013-08-27,Terra,MODIS,48.4,0,298.5,82,2013,8,2013-08-27,27,high,medium-high
37.788,-119.85,2013-09-02,Terra,MODIS,107.8,0,294.0,100,2013,9,2013-09-02,2,high,medium-high
37.7881,-119.7942,2013-09-04,Terra,MODIS,90.1,0,298.8,63,2013,9,2013-09-04,4,medium,medium-high
37.7882,-120.0017,2013-08-22,Aqua,MODIS,674.2,0,320.0,100,2013,8,2013-08-22,22,high,high
37.7882,-119.8877,2013-08-30,Aqua,MODIS,33.1,0,293.5,99,2013,8,2013-08-30,30,high,medium-low
37.7883,-120.006,2013-08-21,Aqua,MODIS,30.3,0,301.3,75,2013,8,2013-08-21,21,high,medium-low
37.7883,-119.9806,2013-08-23,Terra,MODIS,82.0,0,307.7,100,2013,8,2013-08-23,23,high,medium-high
37.7883,-119.9289,2013-08-26,Aqua,MODIS,47.1,0,304.8,92,2013,8,2013-08-26,26,high,medium-high
37.7883,-119.8889,2013-08-31,Terra,MODIS,64.3,0,300.1,100,2013,8,2013-08-31,31,high,medium-high
37.7884,-119.9807,2013-08-22,Aqua,MODIS,986.0,0,313.1,100,2013,8,2013-08-22,22,high,high
37.7885,-119.886,2013-08-31,Aqua,MODIS,30.5,0,291.9,94,2013,8,2013-08-31,31,high,medium-low
37.7885,-119.7752,2013-09-04,Aqua,MODIS,62.5,0,299.7,100,2013,9,2013-09-04,4,high,medium-high
37.7885,-119.739,2013-09-11,Aqua,MODIS,11.3,0,285.4,68,2013,9,2013-09-11,11,medium,low
37.7886,-119.9744,2013-08-23,Terra,MODIS,87.6,0,290.3,54,2013,8,2013-08-23,23,medium,medium-high
37.7888,-119.9803,2013-08-24,Aqua,MODIS,19.9,0,291.0,93,2013,8,2013-08-24,24,high,low
37.7888,-119.7656,2013-09-04,Terra,MODIS,107.2,0,294.7,100,2013,9,2013-09-04,4,high,medium-high
37.789,-119.9567,2013-08-26,Terra,MODIS,53.4,0,291.9,100,2013,8,2013-08-26,26,high,medium-high
37.789,-119.7414,2013-09-04,Terra,MODIS,22.0,0,287.3,86,2013,9,2013-09-04,4,high,medium-low
37.7891,-119.9947,2013-08-24,Aqua,MODIS,79.4,0,310.2,99,2013,8,2013-08-24,24,high,medium-high
37.7892,-119.9942,2013-08-25,Terra,MODIS,19.4,0,304.2,66,2013,8,2013-08-25,25,medium,low
37.7892,-119.8458,2013-09-04,Aqua,MODIS,12.4,0,291.3,85,2013,9,2013-09-04,4,high,low
37.7892,-119.7636,2013-09-04,Aqua,MODIS,34.2,0,297.2,86,2013,9,2013-09-04,4,high,medium-low
37.7893,-119.9213,2013-08-28,Terra,MODIS,48.1,0,289.1,100,2013,8,2013-08-28,28,high,medium-high
37.7893,-119.8505,2013-09-02,Aqua,MODIS,52.0,0,293.6,100,2013,9,2013-09-02,2,high,medium-high
37.7893,-119.7349,2013-09-11,Terra,MODIS,15.2,0,281.3,68,2013,9,2013-09-11,11,medium,low
37.7894,-120.0071,2013-08-24,Terra,MODIS,9.3,0,291.7,76,2013,8,2013-08-24,24,high,low
37.7895,-119.8202,2013-09-04,Terra,MODIS,1093.4,0,307.6,100,2013,9,2013-09-04,4,high,high
37.7895,-119.7418,2013-09-10,Aqua,MODIS,79.8,0,293.4,56,2013,9,2013-09-10,10,medium,medium-high
37.7896,-119.9462,2013-08-27,Terra,MODIS,40.6,0,298.9,57,2013,8,2013-08-27,27,medium,medium-low
37.7897,-119.986,2013-08-22,Aqua,MODIS,1940.8,0,322.4,100,2013,8,2013-08-22,22,high,high
37.7898,-119.8775,2013-08-31,Terra,MODIS,146.5,0,308.8,100,2013,8,2013-08-31,31,high,high
37.7898,-119.7966,2013-09-04,Terra,MODIS,1621.5,0,322.1,100,2013,9,2013-09-04,4,high,high
37.79,-119.9917,2013-08-23,Terra,MODIS,33.8,0,306.7,88,2013,8,2013-08-23,23,high,medium-low
37.79,-119.9175,2013-08-26,Aqua,MODIS,227.8,0,316.7,100,2013,8,2013-08-26,26,high,high
37.79,-119.8379,2013-09-02,Terra,MODIS,58.6,0,289.3,100,2013,9,2013-09-02,2,high,medium-high
37.7901,-119.9064,2013-08-30,Aqua,MODIS,29.2,0,292.3,95,2013,8,2013-08-30,30,high,medium-low
37.7901,-119.8475,2013-09-03,Terra,MODIS,41.6,0,297.9,86,2013,9,2013-09-03,3,high,medium-low
37.7902,-119.9838,2013-08-23,Aqua,MODIS,239.0,0,304.3,98,2013,8,2013-08-23,23,high,high
37.7902,-119.7867,2013-09-04,Aqua,MODIS,90.1,0,305.2,100,2013,9,2013-09-04,4,high,medium-high
37.7902,-119.7545,2013-09-09,Terra,MODIS,25.1,0,290.5,69,2013,9,2013-09-09,9,medium,medium-low
37.7903,-120.834,2013-03-05,Terra,MODIS,4.7,0,288.7,50,2013,3,2013-03-05,5,medium,low
37.7903,-119.7383,2013-09-10,Terra,MODIS,42.3,0,300.5,89,2013,9,2013-09-10,10,high,medium-low
37.7904,-119.815,2013-09-04,Aqua,MODIS,25.8,0,304.5,72,2013,9,2013-09-04,4,high,medium-low
37.7906,-119.7621,2013-09-07,Aqua,MODIS,462.6,0,310.1,100,2013,9,2013-09-07,7,high,high
37.7909,-119.9243,2013-08-30,Terra,MODIS,15.9,0,301.8,56,2013,8,2013-08-30,30,medium,low
37.7911,-119.9956,2013-08-24,Terra,MODIS,19.3,0,292.4,100,2013,8,2013-08-24,24,high,low
37.7911,-119.9933,2013-08-24,Aqua,MODIS,14.6,0,290.4,81,2013,8,2013-08-24,24,high,low
37.7912,-119.9753,2013-08-23,Aqua,MODIS,56.7,0,292.6,100,2013,8,2013-08-23,23,high,medium-high
37.7912,-119.9024,2013-08-30,Terra,MODIS,66.2,0,292.8,63,2013,8,2013-08-30,30,medium,medium-high
37.7913,-119.9315,2013-08-28,Aqua,MODIS,100.9,0,304.9,98,2013,8,2013-08-28,28,high,medium-high
37.7914,-119.8661,2013-08-31,Terra,MODIS,80.3,0,294.8,100,2013,8,2013-08-31,31,high,medium-high
37.7915,-119.9,2013-08-28,Terra,MODIS,58.6,0,296.5,80,2013,8,2013-08-28,28,high,medium-high
37.7917,-120.0029,2013-08-23,Terra,MODIS,135.7,0,311.3,100,2013,8,2013-08-23,23,high,high
37.7917,-119.9249,2013-08-26,Terra,MODIS,317.1,0,300.6,100,2013,8,2013-08-26,26,high,high
37.7917,-119.9061,2013-08-26,Aqua,MODIS,34.7,0,301.9,86,2013,8,2013-08-26,26,high,medium-low
37.7918,-119.8642,2013-09-02,Aqua,MODIS,33.3,0,302.9,88,2013,9,2013-09-02,2,high,medium-low
37.7918,-119.7982,2013-09-04,Aqua,MODIS,145.0,0,315.1,100,2013,9,2013-09-04,4,high,high
37.7919,-119.751,2013-09-10,Terra,MODIS,17.5,0,299.7,53,2013,9,2013-09-10,10,medium,low
37.792,-120.0086,2013-08-25,Terra,MODIS,42.4,0,288.8,64,2013,8,2013-08-25,25,medium,medium-low
37.7921,-119.9707,2013-08-24,Aqua,MODIS,80.6,0,307.4,98,2013,8,2013-08-24,24,high,medium-high
37.7922,-119.7621,2013-09-09,Aqua,MODIS,33.4,0,303.7,81,2013,9,2013-09-09,9,high,medium-low
37.7923,-120.0049,2013-08-22,Terra,MODIS,18.4,0,293.2,99,2013,8,2013-08-22,22,high,low
37.7923,-119.8029,2013-09-04,Aqua,MODIS,37.3,0,302.4,86,2013,9,2013-09-04,4,high,medium-low
37.7924,-119.9176,2013-08-28,Aqua,MODIS,22.7,0,289.5,53,2013,8,2013-08-28,28,medium,medium-low
37.7924,-119.7371,2013-09-10,Aqua,MODIS,75.5,0,293.3,55,2013,9,2013-09-10,10,medium,medium-high
37.7927,-119.8035,2013-09-04,Terra,MODIS,2873.8,0,327.6,100,2013,9,2013-09-04,4,high,high
37.7928,-119.9842,2013-08-24,Terra,MODIS,10.2,0,291.4,70,2013,8,2013-08-24,24,medium,low
37.793,-119.7794,2013-09-04,Terra,MODIS,253.6,0,301.2,100,2013,9,2013-09-04,4,high,high
37.7932,-119.9993,2013-08-23,Aqua,MODIS,37.2,0,291.3,91,2013,8,2013-08-23,23,high,medium-low
37.7933,-119.8528,2013-09-02,Aqua,MODIS,182.7,0,303.5,100,2013,9,2013-09-02,2,high,high
37.7934,-120.014,2013-08-23,Terra,MODIS,76.8,0,307.2,100,2013,8,2013-08-23,23,high,medium-high
37.7934,-119.8096,2013-09-04,Aqua,MODIS,91.8,0,306.7,100,2013,9,2013-09-04,4,high,medium-high
37.7936,-119.9582,2013-08-24,Aqua,MODIS,72.3,0,302.5,97,2013,8,2013-08-24,24,high,medium-high
37.7936,-119.9581,2013-08-25,Aqua,MODIS,358.0,0,296.2,90,2013,8,2013-08-25,25,high,high
37.7936,-119.9498,2013-08-24,Aqua,MODIS,13.0,0,289.2,50,2013,8,2013-08-24,24,medium,low
37.7936,-119.8543,2013-09-04,Aqua,MODIS,36.4,0,301.4,86,2013,9,2013-09-04,4,high,medium-low
37.7936,-119.7319,2013-09-09,Terra,MODIS,15.2,0,289.7,75,2013,9,2013-09-09,9,high,low
37.7937,-119.9932,2013-08-22,Terra,MODIS,25.4,0,294.6,100,2013,8,2013-08-22,22,high,medium-low
37.7937,-119.75,2013-09-09,Aqua,MODIS,69.1,0,305.6,96,2013,9,2013-09-09,9,high,medium-high
37.7938,-119.9536,2013-08-26,Aqua,MODIS,49.0,0,305.0,93,2013,8,2013-08-26,26,high,medium-high
37.7938,-119.917,2013-08-28,Aqua,MODIS,22.9,0,304.7,70,2013,8,2013-08-28,28,medium,medium-low
37.7938,-119.7289,2013-09-07,Aqua,MODIS,101.2,0,306.3,93,2013,9,2013-09-07,7,high,medium-high
37.7939,-119.979,2013-08-25,Terra,MODIS,67.6,0,289.2,91,2013,8,2013-08-25,25,high,medium-high
37.7939,-119.9331,2013-08-25,Aqua,MODIS,354.5,0,296.6,94,2013,8,2013-08-25,25,high,high
37.7939,-119.9293,2013-08-26,Terra,MODIS,24.9,0,289.0,88,2013,8,2013-08-26,26,high,medium-low
37.7939,-119.8992,2013-08-28,Terra,MODIS,26.7,0,289.3,74,2013,8,2013-08-28,28,high,medium-low
37.7939,-119.7867,2013-09-04,Terra,MODIS,134.9,0,298.5,89,2013,9,2013-09-04,4,high,high
37.794,-119.9466,2013-08-26,Aqua,MODIS,31.6,0,292.2,100,2013,8,2013-08-26,26,high,medium-low
37.794,-119.9305,2013-08-28,Aqua,MODIS,27.4,0,290.9,76,2013,8,2013-08-28,28,high,medium-low
37.7942,-119.8866,2013-08-30,Terra,MODIS,26.1,0,300.8,76,2013,8,2013-08-30,30,high,medium-low
37.7943,-119.7907,2013-09-04,Aqua,MODIS,217.5,0,305.9,100,2013,9,2013-09-04,4,high,high
37.7944,-119.9838,2013-08-25,Terra,MODIS,55.0,0,289.2,83,2013,8,2013-08-25,25,high,medium-high
37.7944,-119.9151,2013-08-28,Terra,MODIS,44.3,0,297.9,66,2013,8,2013-08-28,28,medium,medium-low
37.7945,-119.9729,2013-08-24,Terra,MODIS,33.6,0,294.5,100,2013,8,2013-08-24,24,high,medium-low
37.7945,-119.8924,2013-08-28,Terra,MODIS,36.9,0,297.5,56,2013,8,2013-08-28,28,medium,medium-low
37.7946,-119.967,2013-08-25,Aqua,MODIS,311.5,0,296.2,83,2013,8,2013-08-25,25,high,high
37.7948,-119.9218,2013-08-29,Terra,MODIS,12.4,0,291.1,68,2013,8,2013-08-29,29,medium,low
37.7949,-119.8415,2013-09-02,Aqua,MODIS,237.6,0,301.3,94,2013,9,2013-09-02,2,high,high
37.795,-119.821,2013-09-04,Aqua,MODIS,13.4,0,293.4,70,2013,9,2013-09-04,4,medium,low
37.7951,-119.7476,2013-09-11,Terra,MODIS,39.1,0,292.4,53,2013,9,2013-09-11,11,medium,medium-low
37.7952,-119.7379,2013-09-09,Aqua,MODIS,89.1,0,305.3,100,2013,9,2013-09-09,9,high,medium-high
37.7953,-119.89,2013-08-27,Terra,MODIS,56.0,0,297.4,80,2013,8,2013-08-27,27,high,medium-high
37.7955,-119.9673,2013-08-23,Terra,MODIS,239.3,0,307.7,100,2013,8,2013-08-23,23,high,high
37.7955,-119.9423,2013-08-26,Aqua,MODIS,97.8,0,309.5,100,2013,8,2013-08-26,26,high,medium-high
37.7955,-119.8103,2013-09-03,Terra,MODIS,75.5,0,296.4,93,2013,9,2013-09-03,3,high,medium-high
37.7956,-120.027,2013-08-21,Aqua,MODIS,72.1,0,304.5,90,2013,8,2013-08-21,21,high,medium-high
37.7956,-119.8651,2013-08-31,Aqua,MODIS,55.3,0,294.9,100,2013,8,2013-08-31,31,high,medium-high
37.7957,-119.9578,2013-08-26,Aqua,MODIS,10.6,0,290.7,69,2013,8,2013-08-26,26,medium,low
37.7958,-119.9586,2013-08-23,Aqua,MODIS,276.9,0,301.6,100,2013,8,2013-08-23,23,high,high
37.7958,-119.7538,2013-09-08,Terra,MODIS,112.9,0,303.8,100,2013,9,2013-09-08,8,high,medium-high
37.7959,-119.7866,2013-09-04,Terra,MODIS,270.7,0,301.3,100,2013,9,2013-09-04,4,high,high
37.796,-119.9636,2013-08-24,Aqua,MODIS,32.1,0,292.6,100,2013,8,2013-08-24,24,high,medium-low
37.796,-119.832,2013-08-31,Terra,MODIS,13.9,0,291.7,94,2013,8,2013-08-31,31,high,low
37.7961,-119.9445,2013-08-25,Terra,MODIS,145.4,0,289.5,100,2013,8,2013-08-25,25,high,high
37.7961,-119.7668,2013-09-04,Aqua,MODIS,47.7,0,294.4,100,2013,9,2013-09-04,4,high,medium-high
37.7961,-119.7628,2013-09-04,Terra,MODIS,27.6,0,290.1,67,2013,9,2013-09-04,4,medium,medium-low
37.7961,-119.7373,2013-09-09,Aqua,MODIS,29.0,0,289.7,95,2013,9,2013-09-09,9,high,medium-low
37.7962,-119.9617,2013-08-24,Terra,MODIS,72.9,0,297.3,100,2013,8,2013-08-24,24,high,medium-high
37.7963,-119.9154,2013-08-25,Aqua,MODIS,187.9,0,294.2,52,2013,8,2013-08-25,25,medium,high
37.7963,-119.7785,2013-09-04,Aqua,MODIS,203.4,0,299.2,100,2013,9,2013-09-04,4,high,high
37.7964,-119.9498,2013-08-25,Terra,MODIS,156.6,0,289.8,100,2013,8,2013-08-25,25,high,high
37.7964,-119.8302,2013-09-02,Aqua,MODIS,104.5,0,286.1,87,2013,9,2013-09-02,2,high,medium-high
37.7966,-119.9348,2013-08-25,Terra,MODIS,215.7,0,303.8,100,2013,8,2013-08-25,25,high,high
37.7966,-119.8325,2013-09-04,Aqua,MODIS,11.6,0,292.2,57,2013,9,2013-09-04,4,medium,low
37.7967,-119.8163,2013-09-03,Terra,MODIS,82.5,0,296.4,90,2013,9,2013-09-03,3,high,medium-high
37.7969,-119.9487,2013-08-26,Terra,MODIS,95.1,0,299.2,86,2013,8,2013-08-26,26,high,medium-high
37.7971,-119.9785,2013-08-23,Terra,MODIS,94.4,0,308.7,100,2013,8,2013-08-23,23,high,medium-high
37.7971,-119.9577,2013-08-24,Aqua,MODIS,49.7,0,292.5,100,2013,8,2013-08-24,24,high,medium-high
37.7971,-119.9082,2013-08-27,Terra,MODIS,114.7,0,302.0,96,2013,8,2013-08-27,27,high,medium-high
37.7972,-119.9311,2013-08-26,Aqua,MODIS,68.0,0,311.0,98,2013,8,2013-08-26,26,high,medium-high
37.7972,-119.8251,2013-09-03,Terra,MODIS,100.3,0,295.6,98,2013,9,2013-09-03,3,high,medium-high
37.7972,-119.7447,2013-09-09,Terra,MODIS,72.0,0,296.9,54,2013,9,2013-09-09,9,medium,medium-high
37.7973,-119.8907,2013-08-31,Terra,MODIS,27.0,0,294.7,100,2013,8,2013-08-31,31,high,medium-low
37.7974,-119.7368,2013-09-11,Aqua,MODIS,21.2,0,287.8,100,2013,9,2013-09-11,11,high,medium-low
37.7975,-120.0197,2013-08-22,Aqua,MODIS,126.4,0,312.5,99,2013,8,2013-08-22,22,high,high
37.7975,-119.8207,2013-08-31,Terra,MODIS,38.9,0,292.4,100,2013,8,2013-08-31,31,high,medium-low
37.7975,-119.7649,2013-09-08,Terra,MODIS,53.5,0,301.5,94,2013,9,2013-09-08,8,high,medium-high
37.7977,-119.7782,2013-09-04,Aqua,MODIS,78.4,0,300.7,100,2013,9,2013-09-04,4,high,medium-high
37.7979,-119.8189,2013-09-02,Aqua,MODIS,41.8,0,287.7,53,2013,9,2013-09-02,2,medium,medium-low
37.798,-119.9953,2013-08-21,Aqua,MODIS,9.6,0,292.5,68,2013,8,2013-08-21,21,medium,low
37.798,-119.994,2013-08-22,Aqua,MODIS,50.2,0,293.0,100,2013,8,2013-08-22,22,high,medium-high
37.7981,-119.9473,2013-08-25,Terra,MODIS,92.2,0,303.5,100,2013,8,2013-08-25,25,high,medium-high
37.7982,-119.8439,2013-09-04,Aqua,MODIS,21.4,0,292.0,100,2013,9,2013-09-04,4,high,medium-low
37.7982,-119.7626,2013-09-06,Terra,MODIS,153.4,0,301.1,100,2013,9,2013-09-06,6,high,high
37.7984,-119.8311,2013-09-03,Terra,MODIS,46.4,0,295.7,65,2013,9,2013-09-03,3,medium,medium-low
37.7984,-119.773,2013-09-06,Aqua,MODIS,104.2,0,303.0,96,2013,9,2013-09-06,6,high,medium-high
37.7987,-119.8816,2013-08-31,Aqua,MODIS,43.0,0,295.0,83,2013,8,2013-08-31,31,high,medium-low
37.7988,-119.8888,2013-08-28,Aqua,MODIS,38.0,0,301.8,81,2013,8,2013-08-28,28,high,medium-low
37.7988,-119.8794,2013-08-31,Terra,MODIS,124.3,0,298.9,100,2013,8,2013-08-31,31,high,high
37.7988,-119.84,2013-09-03,Terra,MODIS,42.5,0,297.3,78,2013,9,2013-09-03,3,high,medium-low
37.7988,-118.9692,2013-04-29,Aqua,MODIS,13.0,0,311.0,72,2013,4,2013-04-29,29,high,low
37.7989,-120.0321,2013-08-21,Terra,MODIS,41.2,0,302.6,77,2013,8,2013-08-21,21,high,medium-low
37.7989,-119.9198,2013-08-26,Aqua,MODIS,889.9,0,334.1,100,2013,8,2013-08-26,26,high,high
37.7989,-119.7382,2013-09-11,Terra,MODIS,16.9,0,279.9,81,2013,9,2013-09-11,11,high,low
37.799,-120.0088,2013-08-21,Aqua,MODIS,183.1,0,305.8,100,2013,8,2013-08-21,21,high,high
37.799,-120.004,2013-08-22,Aqua,MODIS,167.6,0,310.3,100,2013,8,2013-08-22,22,high,high
37.7991,-119.8094,2013-08-31,Terra,MODIS,5.0,0,289.9,55,2013,8,2013-08-31,31,medium,low
37.7991,-119.7567,2013-09-09,Terra,MODIS,18.6,0,290.6,96,2013,9,2013-09-09,9,high,low
37.7992,-119.9424,2013-08-25,Aqua,MODIS,98.3,0,289.4,100,2013,8,2013-08-25,25,high,medium-high
37.7992,-119.7896,2013-09-04,Aqua,MODIS,169.4,0,305.4,100,2013,9,2013-09-04,4,high,high
37.7992,-119.7697,2013-09-04,Terra,MODIS,54.5,0,291.8,91,2013,9,2013-09-04,4,high,medium-high
37.7994,-119.8875,2013-08-30,Aqua,MODIS,17.7,0,293.5,76,2013,8,2013-08-30,30,high,low
37.7995,-119.922,2013-08-26,Aqua,MODIS,33.0,0,291.8,100,2013,8,2013-08-26,26,high,medium-low
37.7995,-119.8076,2013-09-02,Aqua,MODIS,86.8,0,298.0,94,2013,9,2013-09-02,2,high,medium-high
37.7996,-119.7367,2013-09-10,Terra,MODIS,35.7,0,301.1,86,2013,9,2013-09-10,10,high,medium-low
37.7997,-118.9736,2013-11-07,Aqua,MODIS,138.8,0,292.9,100,2013,11,2013-11-07,7,high,high
37.7999,-119.8239,2013-09-04,Terra,MODIS,96.0,0,280.6,100,2013,9,2013-09-04,4,high,medium-high
37.7999,-119.7233,2013-09-07,Terra,MODIS,50.9,0,290.5,100,2013,9,2013-09-07,7,high,medium-high
37.8,-120.0188,2013-08-22,Terra,MODIS,29.3,0,294.4,100,2013,8,2013-08-22,22,high,medium-low
37.8,-119.8293,2013-08-31,Aqua,MODIS,31.4,0,291.5,86,2013,8,2013-08-31,31,high,medium-low
37.8,-119.7661,2013-09-07,Terra,MODIS,23.4,0,290.2,100,2013,9,2013-09-07,7,high,medium-low
37.8002,-120.0595,2013-08-20,Aqua,MODIS,201.6,0,309.6,97,2013,8,2013-08-20,20,high,high
37.8002,-119.838,2013-08-30,Aqua,MODIS,89.0,0,299.3,71,2013,8,2013-08-30,30,high,medium-high
37.8003,-119.868,2013-08-31,Terra,MODIS,11.1,0,290.9,89,2013,8,2013-08-31,31,high,low
37.8003,-119.8068,2013-08-31,Aqua,MODIS,26.9,0,289.8,88,2013,8,2013-08-31,31,high,medium-low
37.8006,-119.9869,2013-08-22,Aqua,MODIS,296.3,0,305.9,100,2013,8,2013-08-22,22,high,high
37.8006,-119.9084,2013-08-26,Aqua,MODIS,163.6,0,302.6,100,2013,8,2013-08-26,26,high,high
37.8008,-119.8011,2013-09-04,Aqua,MODIS,96.6,0,302.6,100,2013,9,2013-09-04,4,high,medium-high
37.8008,-119.7454,2013-09-09,Terra,MODIS,76.3,0,295.9,100,2013,9,2013-09-09,9,high,medium-high
37.8009,-119.909,2013-08-27,Terra,MODIS,112.1,0,295.2,100,2013,8,2013-08-27,27,high,medium-high
37.8011,-119.9464,2013-08-26,Terra,MODIS,31.9,0,290.8,100,2013,8,2013-08-26,26,high,medium-low
37.8012,-119.9332,2013-08-26,Aqua,MODIS,27.2,0,291.0,100,2013,8,2013-08-26,26,high,medium-low
37.8013,-120.026,2013-08-21,Aqua,MODIS,28.4,0,292.6,100,2013,8,2013-08-21,21,high,medium-low
37.8013,-119.7293,2013-09-08,Terra,MODIS,70.0,0,301.2,98,2013,9,2013-09-08,8,high,medium-high
37.8014,-118.9622,2013-11-07,Aqua,MODIS,18.4,0,283.7,80,2013,11,2013-11-07,7,high,low
37.8015,-120.007,2013-08-22,Terra,MODIS,32.1,0,295.1,93,2013,8,2013-08-22,22,high,medium-low
37.8015,-119.8456,2013-09-03,Terra,MODIS,67.2,0,272.8,77,2013,9,2013-09-03,3,high,medium-high
37.8016,-119.7635,2013-09-07,Aqua,MODIS,291.5,0,308.3,100,2013,9,2013-09-07,7,high,high
37.8017,-119.7557,2013-09-06,Aqua,MODIS,128.0,0,302.8,99,2013,9,2013-09-06,6,high,high
37.8019,-119.8566,2013-08-31,Terra,MODIS,9.3,0,290.0,74,2013,8,2013-08-31,31,high,low
37.8019,-119.8108,2013-09-01,Terra,MODIS,25.6,0,294.0,74,2013,9,2013-09-01,1,high,medium-low
37.802,-120.0349,2013-08-20,Aqua,MODIS,737.4,0,313.5,100,2013,8,2013-08-20,20,high,high
37.8022,-120.0032,2013-08-21,Terra,MODIS,91.7,0,294.0,100,2013,8,2013-08-21,21,high,medium-high
37.8022,-119.97,2013-08-22,Aqua,MODIS,108.2,0,302.8,96,2013,8,2013-08-22,22,high,medium-high
37.8023,-119.9919,2013-08-21,Aqua,MODIS,81.3,0,301.0,92,2013,8,2013-08-21,21,high,medium-high
37.8023,-119.7789,2013-09-03,Terra,MODIS,68.2,0,298.0,91,2013,9,2013-09-03,3,high,medium-high
37.8024,-119.9418,2013-08-25,Aqua,MODIS,297.4,0,297.7,93,2013,8,2013-08-25,25,high,high
37.8024,-119.8747,2013-08-31,Aqua,MODIS,99.7,0,295.8,100,2013,8,2013-08-31,31,high,medium-high
37.8024,-119.8125,2013-09-04,Aqua,MODIS,62.5,0,296.1,100,2013,9,2013-09-04,4,high,medium-high
37.8024,-119.7341,2013-09-09,Terra,MODIS,98.3,0,301.3,100,2013,9,2013-09-09,9,high,medium-high
37.8025,-119.8809,2013-09-01,Terra,MODIS,27.4,0,296.3,83,2013,9,2013-09-01,1,high,medium-low
37.8025,-119.7852,2013-09-02,Aqua,MODIS,44.6,0,299.8,76,2013,9,2013-09-02,2,high,medium-low
37.8025,-119.7591,2013-09-08,Terra,MODIS,58.1,0,288.9,60,2013,9,2013-09-08,8,medium,medium-high
37.8026,-119.9539,2013-08-23,Terra,MODIS,482.2,0,313.1,100,2013,8,2013-08-23,23,high,high
37.8028,-119.9726,2013-08-22,Terra,MODIS,161.6,0,299.7,82,2013,8,2013-08-22,22,high,high
37.8029,-119.9444,2013-08-26,Aqua,MODIS,11.9,0,290.8,85,2013,8,2013-08-26,26,high,low
37.803,-120.0473,2013-08-21,Aqua,MODIS,53.4,0,307.1,84,2013,8,2013-08-21,21,high,medium-high
37.803,-119.9946,2013-08-22,Terra,MODIS,65.0,0,298.6,100,2013,8,2013-08-22,22,high,medium-high
37.803,-119.8451,2013-08-31,Aqua,MODIS,40.4,0,289.5,95,2013,8,2013-08-31,31,high,medium-low
37.803,-119.7405,2013-09-08,Terra,MODIS,32.2,0,297.3,69,2013,9,2013-09-08,8,medium,medium-low
37.8031,-119.816,2013-09-02,Terra,MODIS,10.8,0,288.4,60,2013,9,2013-09-02,2,medium,low
37.8031,-119.7517,2013-09-09,Aqua,MODIS,31.0,0,304.4,82,2013,9,2013-09-09,9,high,medium-low
37.8032,-119.8069,2013-09-04,Terra,MODIS,145.6,0,286.9,100,2013,9,2013-09-04,4,high,high
37.8032,-119.7467,2013-09-07,Aqua,MODIS,103.6,0,302.3,95,2013,9,2013-09-07,7,high,medium-high
37.8034,-119.8452,2013-08-31,Terra,MODIS,96.8,0,297.5,100,2013,8,2013-08-31,31,high,medium-high
37.8034,-119.7881,2013-08-30,Aqua,MODIS,146.3,0,302.3,95,2013,8,2013-08-30,30,high,high
37.8035,-119.8461,2013-08-31,Aqua,MODIS,24.1,0,292.6,53,2013,8,2013-08-31,31,medium,medium-low
37.8035,-119.823,2013-08-31,Aqua,MODIS,72.8,0,293.8,100,2013,8,2013-08-31,31,high,medium-high
37.8036,-119.9328,2013-08-26,Terra,MODIS,33.5,0,292.1,97,2013,8,2013-08-26,26,high,medium-low
37.8036,-119.7299,2013-09-07,Terra,MODIS,185.5,0,298.6,88,2013,9,2013-09-07,7,high,high
37.8037,-119.7717,2013-08-30,Terra,MODIS,24.0,0,300.2,74,2013,8,2013-08-30,30,high,medium-low
37.8038,-120.0098,2013-08-20,Aqua,MODIS,536.4,0,305.5,100,2013,8,2013-08-20,20,high,high
37.8038,-120.0033,2013-08-21,Terra,MODIS,52.8,0,302.6,80,2013,8,2013-08-21,21,high,medium-high
37.8038,-119.8434,2013-09-02,Aqua,MODIS,30.4,0,289.7,51,2013,9,2013-09-02,2,medium,medium-low
37.8039,-119.7934,2013-09-03,Terra,MODIS,106.0,0,300.5,99,2013,9,2013-09-03,3,high,medium-high
37.804,-119.9194,2013-08-26,Terra,MODIS,126.4,0,300.3,90,2013,8,2013-08-26,26,high,high
37.8041,-119.7739,2013-09-02,Aqua,MODIS,34.1,0,297.2,81,2013,9,2013-09-02,2,high,medium-low
37.8041,-119.7228,2013-09-09,Terra,MODIS,37.8,0,293.6,100,2013,9,2013-09-09,9,high,medium-low
37.8042,-119.9806,2013-08-22,Terra,MODIS,183.6,0,300.3,78,2013,8,2013-08-22,22,high,high
37.8043,-119.9651,2013-08-23,Terra,MODIS,369.8,0,314.3,100,2013,8,2013-08-23,23,high,high
37.8044,-119.9207,2013-08-25,Terra,MODIS,29.8,0,298.2,51,2013,8,2013-08-25,25,medium,medium-low
37.8044,-119.7298,2013-09-07,Terra,MODIS,23.3,0,287.9,91,2013,9,2013-09-07,7,high,medium-low
37.8045,-119.9824,2013-08-22,Terra,MODIS,83.9,0,300.9,100,2013,8,2013-08-22,22,high,medium-high
37.8045,-119.9473,2013-08-24,Aqua,MODIS,16.1,0,299.6,55,2013,8,2013-08-24,24,medium,low
37.8045,-119.8336,2013-08-30,Terra,MODIS,81.7,0,301.4,98,2013,8,2013-08-30,30,high,medium-high
37.8045,-119.7291,2013-09-08,Aqua,MODIS,271.7,0,291.5,87,2013,9,2013-09-08,8,high,high
37.8045,-118.9043,2013-11-08,Aqua,MODIS,70.9,0,284.8,75,2013,11,2013-11-08,8,high,medium-high
37.8046,-119.8715,2013-08-27,Terra,MODIS,39.4,0,298.1,67,2013,8,2013-08-27,27,medium,medium-low
37.8046,-119.8168,2013-08-30,Aqua,MODIS,71.3,0,298.7,72,2013,8,2013-08-30,30,high,medium-high
37.8047,-119.864,2013-08-28,Aqua,MODIS,7.0,0,286.9,52,2013,8,2013-08-28,28,medium,low
37.8047,-119.7517,2013-09-08,Terra,MODIS,61.0,0,301.3,96,2013,9,2013-09-08,8,high,medium-high
37.8048,-120.0567,2013-08-22,Terra,MODIS,7.9,0,291.4,65,2013,8,2013-08-22,22,medium,low
37.8048,-120.0091,2013-08-22,Terra,MODIS,166.9,0,302.8,82,2013,8,2013-08-22,22,high,high
37.8048,-119.7305,2013-09-07,Aqua,MODIS,82.5,0,304.1,90,2013,9,2013-09-07,7,high,medium-high
37.8049,-119.834,2013-08-31,Terra,MODIS,124.8,0,302.8,100,2013,8,2013-08-31,31,high,high
37.805,-119.8037,2013-09-02,Terra,MODIS,41.9,0,291.2,100,2013,9,2013-09-02,2,high,medium-low
37.805,-119.7648,2013-09-04,Aqua,MODIS,24.4,0,289.2,79,2013,9,2013-09-04,4,high,medium-low
37.8051,-119.964,2013-08-24,Terra,MODIS,19.2,0,292.6,100,2013,8,2013-08-24,24,high,low
37.8056,-119.9989,2013-08-23,Aqua,MODIS,28.4,0,291.5,81,2013,8,2013-08-23,23,high,medium-low
37.8058,-119.784,2013-08-30,Terra,MODIS,65.2,0,301.8,95,2013,8,2013-08-30,30,high,medium-high
37.8059,-119.7346,2013-09-09,Aqua,MODIS,48.5,0,295.0,100,2013,9,2013-09-09,9,high,medium-high
37.806,-119.9763,2013-08-23,Terra,MODIS,14.2,0,303.5,72,2013,8,2013-08-23,23,high,low
37.806,-119.9703,2013-08-22,Terra,MODIS,18.3,0,294.0,89,2013,8,2013-08-22,22,high,low
37.806,-119.9334,2013-08-25,Terra,MODIS,241.0,0,309.9,100,2013,8,2013-08-25,25,high,high
37.806,-119.7746,2013-09-01,Terra,MODIS,24.1,0,288.6,80,2013,9,2013-09-01,1,high,medium-low
37.806,-119.7277,2013-09-09,Aqua,MODIS,28.9,0,306.9,74,2013,9,2013-09-09,9,high,medium-low
37.8061,-119.8615,2013-08-31,Aqua,MODIS,36.8,0,290.7,100,2013,8,2013-08-31,31,high,medium-low
37.8062,-120.0168,2013-08-21,Terra,MODIS,105.0,0,308.4,100,2013,8,2013-08-21,21,high,medium-high
37.8063,-120.0449,2013-08-22,Terra,MODIS,14.7,0,293.0,92,2013,8,2013-08-22,22,high,low
37.8063,-119.8764,2013-08-28,Aqua,MODIS,24.6,0,290.3,100,2013,8,2013-08-28,28,high,medium-low
37.8064,-120.0296,2013-08-21,Aqua,MODIS,56.7,0,307.7,88,2013,8,2013-08-21,21,high,medium-high
37.8064,-119.8895,2013-08-27,Terra,MODIS,59.2,0,298.5,86,2013,8,2013-08-27,27,high,medium-high
37.8064,-119.7144,2013-09-07,Aqua,MODIS,42.1,0,300.4,54,2013,9,2013-09-07,7,medium,medium-low
37.8065,-119.8455,2013-08-30,Terra,MODIS,1213.3,0,320.2,100,2013,8,2013-08-30,30,high,high
37.8065,-119.8228,2013-08-31,Terra,MODIS,166.2,0,303.6,100,2013,8,2013-08-31,31,high,high
37.8066,-119.8389,2013-08-31,Aqua,MODIS,82.8,0,293.8,100,2013,8,2013-08-31,31,high,medium-high
37.8066,-119.8184,2013-08-31,Aqua,MODIS,70.4,0,299.0,93,2013,8,2013-08-31,31,high,medium-high
37.8066,-119.7888,2013-09-04,Terra,MODIS,60.1,0,289.9,100,2013,9,2013-09-04,4,high,medium-high
37.8066,-119.7762,2013-09-04,Aqua,MODIS,44.4,0,291.9,100,2013,9,2013-09-04,4,high,medium-low
37.8067,-119.802,2013-09-02,Aqua,MODIS,20.6,0,289.0,100,2013,9,2013-09-02,2,high,low
37.8068,-119.9528,2013-08-24,Terra,MODIS,32.6,0,292.0,100,2013,8,2013-08-24,24,high,medium-low
37.8068,-119.7248,2013-09-08,Aqua,MODIS,415.9,0,292.8,87,2013,9,2013-09-08,8,high,high
37.8071,-119.791,2013-09-02,Terra,MODIS,35.9,0,290.1,100,2013,9,2013-09-02,2,high,medium-low
37.8074,-119.7686,2013-09-04,Aqua,MODIS,45.2,0,298.1,89,2013,9,2013-09-04,4,high,medium-low
37.8075,-119.8624,2013-08-30,Aqua,MODIS,126.1,0,289.8,81,2013,8,2013-08-30,30,high,high
37.8075,-119.7858,2013-09-01,Terra,MODIS,32.8,0,287.1,86,2013,9,2013-09-01,1,high,medium-low
37.8076,-119.7853,2013-08-29,Aqua,MODIS,82.5,0,302.0,83,2013,8,2013-08-29,29,high,medium-high
37.8077,-119.8812,2013-08-31,Terra,MODIS,9.6,0,291.2,82,2013,8,2013-08-31,31,high,low
37.8077,-118.9714,2013-04-29,Aqua,MODIS,6.6,0,310.5,50,2013,4,2013-04-29,29,medium,low
37.8079,-119.8891,2013-08-28,Aqua,MODIS,17.7,0,289.8,76,2013,8,2013-08-28,28,high,low
37.808,-119.8114,2013-08-31,Terra,MODIS,114.3,0,298.3,100,2013,8,2013-08-31,31,high,medium-high
37.808,-119.76,2013-09-06,Terra,MODIS,410.1,0,310.0,100,2013,9,2013-09-06,6,high,high
37.8081,-119.965,2013-08-23,Aqua,MODIS,133.9,0,301.6,85,2013,8,2013-08-23,23,high,high
37.8081,-119.8043,2013-08-31,Aqua,MODIS,125.6,0,299.0,100,2013,8,2013-08-31,31,high,high
37.8082,-119.7874,2013-09-04,Aqua,MODIS,27.1,0,291.8,100,2013,9,2013-09-04,4,high,medium-low
37.8083,-119.9951,2013-08-21,Aqua,MODIS,24.4,0,294.3,76,2013,8,2013-08-21,21,high,medium-low
37.8083,-119.7478,2013-09-09,Aqua,MODIS,13.8,0,288.8,65,2013,9,2013-09-09,9,medium,low
37.8084,-119.8573,2013-08-30,Terra,MODIS,212.8,0,304.6,100,2013,8,2013-08-30,30,high,high
37.8084,-119.7891,2013-09-01,Terra,MODIS,85.2,0,282.1,63,2013,9,2013-09-01,1,medium,medium-high
37.8084,-119.7161,2013-09-08,Terra,MODIS,35.4,0,295.7,66,2013,9,2013-09-08,8,medium,medium-low
37.8086,-120.0298,2013-08-21,Terra,MODIS,82.2,0,309.8,98,2013,8,2013-08-21,21,high,medium-high
37.8087,-120.0067,2013-08-20,Terra,MODIS,231.8,0,305.0,100,2013,8,2013-08-20,20,high,high
37.8089,-120.0103,2013-08-20,Aqua,MODIS,51.8,0,292.7,89,2013,8,2013-08-20,20,high,medium-high
37.8089,-119.9245,2013-08-26,Aqua,MODIS,10.6,0,291.5,62,2013,8,2013-08-26,26,medium,low
37.8089,-119.7738,2013-08-28,Aqua,MODIS,69.3,0,302.6,93,2013,8,2013-08-28,28,high,medium-high
37.809,-119.7788,2013-09-02,Terra,MODIS,35.4,0,288.6,100,2013,9,2013-09-02,2,high,medium-low
37.809,-119.7613,2013-08-29,Terra,MODIS,45.8,0,298.2,51,2013,8,2013-08-29,29,medium,medium-low
37.8091,-120.0344,2013-08-21,Terra,MODIS,191.4,0,294.5,100,2013,8,2013-08-21,21,high,high
37.8092,-119.8778,2013-08-31,Aqua,MODIS,38.0,0,291.3,100,2013,8,2013-08-31,31,high,medium-low
37.8092,-119.7972,2013-09-01,Terra,MODIS,125.9,0,298.3,100,2013,9,2013-09-01,1,high,high
37.8092,-119.7944,2013-08-30,Aqua,MODIS,228.2,0,302.5,100,2013,8,2013-08-30,30,high,high
37.8094,-119.8843,2013-08-28,Terra,MODIS,40.3,0,289.8,96,2013,8,2013-08-28,28,high,medium-low
37.8094,-119.768,2013-09-07,Terra,MODIS,14.2,0,288.9,55,2013,9,2013-09-07,7,medium,low
37.8094,-119.7564,2013-09-04,Aqua,MODIS,111.3,0,305.6,100,2013,9,2013-09-04,4,high,medium-high
37.8095,-119.8002,2013-08-31,Terra,MODIS,9.6,0,291.7,81,2013,8,2013-08-31,31,high,low
37.8095,-119.7774,2013-08-30,Terra,MODIS,44.1,0,290.0,76,2013,8,2013-08-30,30,high,medium-low
37.8096,-120.0126,2013-08-21,Aqua,MODIS,67.5,0,304.4,90,2013,8,2013-08-21,21,high,medium-high
37.8096,-119.8547,2013-08-31,Aqua,MODIS,23.1,0,289.6,91,2013,8,2013-08-31,31,high,medium-low
37.8096,-119.7911,2013-08-31,Aqua,MODIS,142.8,0,300.0,100,2013,8,2013-08-31,31,high,high
37.8098,-120.0094,2013-08-21,Aqua,MODIS,26.5,0,295.0,59,2013,8,2013-08-21,21,medium,medium-low
37.8098,-119.7723,2013-09-04,Terra,MODIS,33.1,0,289.7,72,2013,9,2013-09-04,4,high,medium-low
37.8102,-119.8691,2013-08-28,Aqua,MODIS,19.0,0,287.9,85,2013,8,2013-08-28,28,high,low
37.8102,-119.7273,2013-09-08,Terra,MODIS,40.9,0,297.8,69,2013,9,2013-09-08,8,medium,medium-low
37.8103,-119.7811,2013-08-29,Terra,MODIS,31.7,0,289.6,100,2013,8,2013-08-29,29,high,medium-low
37.8104,-119.7758,2013-08-30,Aqua,MODIS,46.8,0,290.8,100,2013,8,2013-08-30,30,high,medium-high
37.8106,-120.0289,2013-08-20,Terra,MODIS,629.5,0,311.9,100,2013,8,2013-08-20,20,high,high
37.8106,-119.9684,2013-08-25,Aqua,MODIS,119.7,0,297.0,50,2013,8,2013-08-25,25,medium,high
37.8107,-119.7642,2013-09-05,Terra,MODIS,31.5,0,288.6,65,2013,9,2013-09-05,5,medium,medium-low
37.8108,-119.8585,2013-08-31,Terra,MODIS,18.8,0,291.5,100,2013,8,2013-08-31,31,high,low
37.8108,-119.8087,2013-09-01,Terra,MODIS,64.9,0,298.1,96,2013,9,2013-09-01,1,high,medium-high
37.8108,-119.7558,2013-09-07,Terra,MODIS,44.1,0,292.6,100,2013,9,2013-09-07,7,high,medium-low
37.8109,-119.9863,2013-08-21,Terra,MODIS,64.7,0,300.9,95,2013,8,2013-08-21,21,high,medium-high
37.811,-119.8045,2013-08-31,Aqua,MODIS,76.0,0,294.1,100,2013,8,2013-08-31,31,high,medium-high
37.811,-119.7891,2013-08-31,Terra,MODIS,36.1,0,293.0,100,2013,8,2013-08-31,31,high,medium-low
37.811,-119.7608,2013-09-08,Aqua,MODIS,85.7,0,292.6,70,2013,9,2013-09-08,8,medium,medium-high
37.8111,-119.8994,2013-08-26,Aqua,MODIS,38.2,0,304.7,86,2013,8,2013-08-26,26,high,medium-low
37.8111,-119.7882,2013-08-29,Terra,MODIS,73.3,0,298.9,74,2013,8,2013-08-29,29,high,medium-high
37.8113,-119.9484,2013-08-25,Terra,MODIS,180.2,0,290.2,100,2013,8,2013-08-25,25,high,high
37.8113,-119.7362,2013-09-09,Terra,MODIS,39.0,0,296.8,100,2013,9,2013-09-09,9,high,medium-low
37.8114,-120.0238,2013-08-21,Aqua,MODIS,56.4,0,295.6,100,2013,8,2013-08-21,21,high,medium-high
37.8114,-119.744,2013-09-04,Aqua,MODIS,31.7,0,303.3,84,2013,9,2013-09-04,4,high,medium-low
37.8115,-119.9516,2013-08-23,Terra,MODIS,211.3,0,307.9,100,2013,8,2013-08-23,23,high,high
37.8117,-119.8197,2013-08-30,Terra,MODIS,36.6,0,300.6,79,2013,8,2013-08-30,30,high,medium-low
37.8118,-119.8816,2013-08-28,Aqua,MODIS,28.2,0,289.4,100,2013,8,2013-08-28,28,high,medium-low
37.8118,-119.8411,2013-08-30,Aqua,MODIS,1102.7,0,299.3,75,2013,8,2013-08-30,30,high,high
37.8119,-119.7384,2013-09-08,Terra,MODIS,104.2,0,303.1,100,2013,9,2013-09-08,8,high,medium-high
37.812,-119.907,2013-08-25,Aqua,MODIS,122.3,0,289.4,93,2013,8,2013-08-25,25,high,high
37.8121,-119.917,2013-08-25,Aqua,MODIS,313.0,0,296.1,89,2013,8,2013-08-25,25,high,high
37.8122,-119.9063,2013-08-25,Terra,MODIS,33.3,0,301.0,64,2013,8,2013-08-25,25,medium,medium-low
37.8122,-119.7591,2013-09-06,Aqua,MODIS,83.5,0,302.6,92,2013,9,2013-09-06,6,high,medium-high
37.8123,-119.9031,2013-08-25,Aqua,MODIS,586.8,0,298.8,100,2013,8,2013-08-25,25,high,high
37.8123,-119.8474,2013-08-31,Terra,MODIS,41.2,0,296.3,100,2013,8,2013-08-31,31,high,medium-low
37.8125,-119.7778,2013-08-31,Terra,MODIS,49.2,0,293.7,100,2013,8,2013-08-31,31,high,medium-high
37.8126,-119.9968,2013-08-21,Aqua,MODIS,205.9,0,308.3,100,2013,8,2013-08-21,21,high,high
37.8126,-119.9023,2013-08-25,Aqua,MODIS,112.3,0,288.9,100,2013,8,2013-08-25,25,high,medium-high
37.8126,-119.77,2013-08-30,Aqua,MODIS,38.3,0,289.9,100,2013,8,2013-08-30,30,high,medium-low
37.8127,-120.053,2013-08-20,Terra,MODIS,439.1,0,310.9,100,2013,8,2013-08-20,20,high,high
37.8128,-119.8881,2013-08-26,Aqua,MODIS,157.3,0,311.9,100,2013,8,2013-08-26,26,high,high
37.8129,-119.8688,2013-08-29,Aqua,MODIS,164.7,0,306.2,97,2013,8,2013-08-29,29,high,high
37.813,-119.7696,2013-08-30,Terra,MODIS,36.2,0,303.1,84,2013,8,2013-08-30,30,high,medium-low
37.813,-119.7556,2013-09-04,Terra,MODIS,20.1,0,288.9,53,2013,9,2013-09-04,4,medium,low
37.813,-119.7249,2013-09-09,Terra,MODIS,68.7,0,301.1,100,2013,9,2013-09-09,9,high,medium-high
37.8132,-119.9629,2013-08-23,Terra,MODIS,81.9,0,303.4,100,2013,8,2013-08-23,23,high,medium-high
37.8132,-119.9159,2013-08-25,Terra,MODIS,468.0,0,291.8,100,2013,8,2013-08-25,25,high,high
37.8133,-119.9994,2013-08-21,Terra,MODIS,419.6,0,311.0,100,2013,8,2013-08-21,21,high,high
37.8133,-119.9705,2013-08-22,Aqua,MODIS,163.9,0,308.5,100,2013,8,2013-08-22,22,high,high
37.8134,-119.8644,2013-08-28,Aqua,MODIS,52.0,0,304.4,89,2013,8,2013-08-28,28,high,medium-high
37.8134,-119.7569,2013-09-08,Aqua,MODIS,93.0,0,292.9,63,2013,9,2013-09-08,8,medium,medium-high
37.8134,-119.7192,2013-09-09,Aqua,MODIS,26.7,0,292.2,88,2013,9,2013-09-09,9,high,medium-low
37.8136,-119.7734,2013-08-30,Aqua,MODIS,69.8,0,299.5,81,2013,8,2013-08-30,30,high,medium-high
37.8136,-119.7138,2013-09-09,Aqua,MODIS,20.8,0,288.7,68,2013,9,2013-09-09,9,medium,medium-low
37.8137,-119.8315,2013-08-30,Terra,MODIS,388.2,0,308.2,100,2013,8,2013-08-30,30,high,high
37.8138,-119.919,2013-08-25,Terra,MODIS,109.6,0,305.8,100,2013,8,2013-08-25,25,high,medium-high
37.8139,-119.8361,2013-08-31,Terra,MODIS,41.1,0,299.0,100,2013,8,2013-08-31,31,high,medium-low
37.814,-119.9535,2013-08-23,Aqua,MODIS,125.6,0,291.0,100,2013,8,2013-08-23,23,high,high
37.8141,-119.7663,2013-08-31,Terra,MODIS,8.5,0,289.9,73,2013,8,2013-08-31,31,high,low
37.8142,-120.0025,2013-08-21,Aqua,MODIS,139.8,0,306.8,100,2013,8,2013-08-21,21,high,high
37.8142,-119.9122,2013-08-25,Aqua,MODIS,369.7,0,296.6,88,2013,8,2013-08-25,25,high,high
37.8142,-119.8206,2013-08-31,Aqua,MODIS,50.3,0,295.7,100,2013,8,2013-08-31,31,high,medium-high
37.8142,-119.8058,2013-09-02,Terra,MODIS,7.3,0,288.5,67,2013,9,2013-09-02,2,medium,low
37.8142,-119.7868,2013-08-30,Aqua,MODIS,27.9,0,291.0,92,2013,8,2013-08-30,30,high,medium-low
37.8143,-119.9436,2013-08-25,Aqua,MODIS,97.2,0,289.8,73,2013,8,2013-08-25,25,high,medium-high
37.8143,-119.7485,2013-08-31,Aqua,MODIS,104.8,0,297.1,98,2013,8,2013-08-31,31,high,medium-high
37.8144,-119.9,2013-08-26,Aqua,MODIS,17.4,0,290.4,84,2013,8,2013-08-26,26,high,low
37.8145,-119.8768,2013-08-26,Aqua,MODIS,52.6,0,304.8,93,2013,8,2013-08-26,26,high,medium-high
37.8145,-119.7646,2013-09-02,Aqua,MODIS,17.5,0,291.7,51,2013,9,2013-09-02,2,medium,low
37.8146,-120.0096,2013-08-21,Terra,MODIS,218.1,0,296.2,100,2013,8,2013-08-21,21,high,high
37.8146,-119.9393,2013-08-25,Aqua,MODIS,120.0,0,290.2,100,2013,8,2013-08-25,25,high,high
37.8146,-119.8485,2013-08-29,Aqua,MODIS,322.0,0,308.1,100,2013,8,2013-08-29,29,high,high
37.8146,-119.7136,2013-09-09,Terra,MODIS,14.9,0,289.1,69,2013,9,2013-09-09,9,medium,low
37.8147,-119.7669,2013-08-28,Terra,MODIS,71.3,0,299.5,89,2013,8,2013-08-28,28,high,medium-high
37.8148,-119.8887,2013-08-27,Terra,MODIS,59.1,0,291.9,93,2013,8,2013-08-27,27,high,medium-high
37.815,-119.9605,2013-08-24,Terra,MODIS,10.7,0,290.4,83,2013,8,2013-08-24,24,high,low
37.815,-119.953,2013-08-22,Aqua,MODIS,103.7,0,306.7,83,2013,8,2013-08-22,22,high,medium-high
37.815,-119.782,2013-08-30,Terra,MODIS,122.7,0,306.9,100,2013,8,2013-08-30,30,high,high
37.8152,-119.7385,2013-09-06,Aqua,MODIS,24.4,0,288.6,80,2013,9,2013-09-06,6,high,medium-low
37.8152,-119.7198,2013-09-07,Terra,MODIS,82.4,0,289.7,100,2013,9,2013-09-07,7,high,medium-high
37.8153,-120.036,2013-08-20,Aqua,MODIS,226.6,0,308.3,98,2013,8,2013-08-20,20,high,high
37.8153,-119.7298,2013-09-09,Aqua,MODIS,38.1,0,307.6,85,2013,9,2013-09-09,9,high,medium-low
37.8154,-119.9717,2013-08-22,Terra,MODIS,45.5,0,298.4,99,2013,8,2013-08-22,22,high,medium-low
37.8154,-119.9366,2013-08-24,Aqua,MODIS,534.1,0,332.3,100,2013,8,2013-08-24,24,high,high
37.8154,-119.9317,2013-08-25,Terra,MODIS,116.5,0,304.7,100,2013,8,2013-08-25,25,high,medium-high
37.8154,-119.8248,2013-08-31,Terra,MODIS,51.7,0,300.3,100,2013,8,2013-08-31,31,high,medium-high
37.8155,-120.0386,2013-08-20,Aqua,MODIS,306.1,0,295.4,100,2013,8,2013-08-20,20,high,high
37.8155,-119.7698,2013-08-31,Aqua,MODIS,40.6,0,290.3,96,2013,8,2013-08-31,31,high,medium-low
37.8155,-119.7445,2013-09-06,Terra,MODIS,40.5,0,303.3,51,2013,9,2013-09-06,6,medium,medium-low
37.8156,-119.7411,2013-09-06,Aqua,MODIS,58.0,0,302.0,85,2013,9,2013-09-06,6,high,medium-high
37.8157,-119.8704,2013-08-27,Terra,MODIS,74.0,0,299.2,89,2013,8,2013-08-27,27,high,medium-high
37.8157,-119.8468,2013-08-29,Terra,MODIS,61.5,0,299.9,57,2013,8,2013-08-29,29,medium,medium-high
37.8157,-119.8436,2013-08-30,Terra,MODIS,983.7,0,336.3,100,2013,8,2013-08-30,30,high,high
37.8157,-119.7329,2013-09-07,Aqua,MODIS,128.4,0,300.6,97,2013,9,2013-09-07,7,high,high
37.8159,-119.9793,2013-08-21,Aqua,MODIS,445.2,0,311.8,100,2013,8,2013-08-21,21,high,high
37.8159,-119.9205,2013-08-24,Terra,MODIS,471.1,0,300.0,99,2013,8,2013-08-24,24,high,high
37.8159,-119.8498,2013-08-28,Aqua,MODIS,153.3,0,306.7,100,2013,8,2013-08-28,28,high,high
37.8159,-119.6892,2013-09-07,Terra,MODIS,129.9,0,297.0,82,2013,9,2013-09-07,7,high,high
37.816,-119.8303,2013-08-30,Aqua,MODIS,48.6,0,294.8,100,2013,8,2013-08-30,30,high,medium-high
37.8161,-119.7274,2013-09-09,Aqua,MODIS,24.7,0,292.8,92,2013,9,2013-09-09,9,high,medium-low
37.8161,-118.9284,2013-11-05,Aqua,MODIS,18.8,0,279.4,78,2013,11,2013-11-05,5,high,low
37.8163,-119.828,2013-08-29,Aqua,MODIS,407.5,0,308.6,100,2013,8,2013-08-29,29,high,high
37.8166,-119.8341,2013-08-28,Terra,MODIS,44.0,0,298.4,63,2013,8,2013-08-28,28,medium,medium-low
37.8167,-119.9783,2013-08-21,Aqua,MODIS,49.7,0,295.6,100,2013,8,2013-08-21,21,high,medium-high
37.8167,-119.9493,2013-08-24,Terra,MODIS,65.9,0,295.6,100,2013,8,2013-08-24,24,high,medium-high
37.8167,-119.7073,2013-09-07,Terra,MODIS,63.3,0,288.1,100,2013,9,2013-09-07,7,high,medium-high
37.8168,-119.7176,2013-09-09,Aqua,MODIS,28.4,0,303.5,58,2013,9,2013-09-09,9,medium,medium-low
37.8169,-119.9595,2013-08-22,Terra,MODIS,18.9,0,292.4,87,2013,8,2013-08-22,22,high,low
37.8169,-119.9244,2013-08-24,Aqua,MODIS,245.5,0,314.2,100,2013,8,2013-08-24,24,high,high
37.8169,-119.8135,2013-08-31,Terra,MODIS,106.7,0,302.1,100,2013,8,2013-08-31,31,high,medium-high
37.817,-119.7939,2013-08-30,Terra,MODIS,183.6,0,303.4,100,2013,8,2013-08-30,30,high,high
37.8173,-120.0087,2013-08-20,Aqua,MODIS,239.3,0,301.9,93,2013,8,2013-08-20,20,high,high
37.8173,-119.8366,2013-08-31,Aqua,MODIS,22.5,0,293.7,60,2013,8,2013-08-31,31,medium,medium-low
37.8173,-119.7327,2013-09-08,Aqua,MODIS,401.8,0,294.5,94,2013,9,2013-09-08,8,high,high
37.8173,-119.714,2013-09-08,Terra,MODIS,46.3,0,297.1,91,2013,9,2013-09-08,8,high,medium-low
37.8174,-119.7162,2013-09-07,Aqua,MODIS,191.8,0,304.3,100,2013,9,2013-09-07,7,high,high
37.8176,-119.8552,2013-08-30,Terra,MODIS,56.3,0,306.3,93,2013,8,2013-08-30,30,high,medium-high
37.8176,-119.7422,2013-09-02,Aqua,MODIS,51.5,0,297.0,85,2013,9,2013-09-02,2,high,medium-high
37.8176,-118.9166,2013-11-05,Aqua,MODIS,10.9,0,281.6,66,2013,11,2013-11-05,5,medium,low
37.8177,-119.985,2013-08-21,Aqua,MODIS,422.5,0,313.7,100,2013,8,2013-08-21,21,high,high
37.8178,-119.8485,2013-08-30,Aqua,MODIS,54.9,0,292.7,100,2013,8,2013-08-30,30,high,medium-high
37.8178,-119.7868,2013-09-01,Terra,MODIS,75.4,0,282.5,55,2013,9,2013-09-01,1,medium,medium-high
37.8179,-119.8242,2013-08-30,Aqua,MODIS,87.6,0,294.4,100,2013,8,2013-08-30,30,high,medium-high
37.818000000000005,-119.8546,2013-08-28,Aqua,MODIS,19.4,0,288.4,72,2013,8,2013-08-28,28,high,low
37.818000000000005,-119.8074,2013-08-29,Aqua,MODIS,320.8,0,305.5,100,2013,8,2013-08-29,29,high,high
37.818000000000005,-119.7842,2013-08-28,Terra,MODIS,56.9,0,297.7,86,2013,8,2013-08-28,28,high,medium-high
37.8181,-119.9027,2013-08-25,Aqua,MODIS,973.3,0,302.9,100,2013,8,2013-08-25,25,high,high
37.8181,-119.8065,2013-08-31,Aqua,MODIS,41.9,0,299.4,74,2013,8,2013-08-31,31,high,medium-low
37.8182,-119.9704,2013-08-21,Terra,MODIS,75.8,0,300.5,92,2013,8,2013-08-21,21,high,medium-high
37.8182,-119.7267,2013-09-07,Terra,MODIS,256.1,0,298.6,94,2013,9,2013-09-07,7,high,high
37.8183,-120.9289,2013-04-19,Terra,MODIS,8.8,0,303.7,51,2013,4,2013-04-19,19,medium,low
37.8183,-119.9468,2013-08-23,Aqua,MODIS,124.2,0,290.4,100,2013,8,2013-08-23,23,high,high
37.8184,-119.9934,2013-08-21,Aqua,MODIS,100.3,0,298.4,100,2013,8,2013-08-21,21,high,medium-high
37.8184,-119.9379,2013-08-24,Terra,MODIS,34.1,0,293.5,100,2013,8,2013-08-24,24,high,medium-low
37.8184,-119.8356,2013-08-28,Aqua,MODIS,55.7,0,301.6,90,2013,8,2013-08-28,28,high,medium-high
37.8184,-119.8022,2013-08-31,Terra,MODIS,103.5,0,298.8,100,2013,8,2013-08-31,31,high,medium-high
37.8186,-119.7586,2013-09-04,Aqua,MODIS,35.0,0,299.9,85,2013,9,2013-09-04,4,high,medium-low
37.8187,-119.7759,2013-08-28,Aqua,MODIS,79.1,0,300.9,95,2013,8,2013-08-28,28,high,medium-high
37.8188,-119.7869,2013-08-31,Aqua,MODIS,141.8,0,295.1,100,2013,8,2013-08-31,31,high,high
37.8189,-119.8055,2013-08-30,Terra,MODIS,299.1,0,307.3,100,2013,8,2013-08-30,30,high,high
37.8189,-119.8003,2013-09-01,Terra,MODIS,32.6,0,295.3,87,2013,9,2013-09-01,1,high,medium-low
37.819,-119.7253,2013-09-08,Terra,MODIS,415.7,0,308.6,100,2013,9,2013-09-08,8,high,high
37.8193,-119.8459,2013-08-30,Terra,MODIS,141.5,0,293.7,100,2013,8,2013-08-30,30,high,high
37.8194,-119.7792,2013-08-29,Terra,MODIS,80.2,0,298.4,60,2013,8,2013-08-29,29,medium,medium-high
37.8196,-119.8499,2013-08-28,Terra,MODIS,189.6,0,302.3,100,2013,8,2013-08-28,28,high,high
37.8196,-119.8423,2013-08-30,Aqua,MODIS,104.3,0,295.8,100,2013,8,2013-08-30,30,high,medium-high
37.8196,-119.7284,2013-09-08,Aqua,MODIS,210.4,0,292.9,91,2013,9,2013-09-08,8,high,high
37.8199,-119.7911,2013-08-31,Terra,MODIS,73.9,0,297.6,100,2013,8,2013-08-31,31,high,medium-high
37.82,-119.8919,2013-08-25,Terra,MODIS,541.3,0,312.1,100,2013,8,2013-08-25,25,high,high
37.8201,-120.009,2013-08-21,Aqua,MODIS,31.3,0,294.8,92,2013,8,2013-08-21,21,high,medium-low
37.8201,-119.7691,2013-09-02,Terra,MODIS,18.3,0,287.4,77,2013,9,2013-09-02,2,high,low
37.8202,-120.0096,2013-08-22,Terra,MODIS,29.3,0,297.2,99,2013,8,2013-08-22,22,high,medium-low
37.8204,-119.9834,2013-08-21,Terra,MODIS,248.2,0,296.7,100,2013,8,2013-08-21,21,high,high
37.8204,-119.9496,2013-08-23,Terra,MODIS,72.6,0,300.9,99,2013,8,2013-08-23,23,high,medium-high
37.8205,-119.7601,2013-09-03,Terra,MODIS,66.7,0,299.0,93,2013,9,2013-09-03,3,high,medium-high
37.8206,-119.9838,2013-08-21,Terra,MODIS,181.9,0,306.3,100,2013,8,2013-08-21,21,high,high
37.8206,-119.7462,2013-09-04,Aqua,MODIS,56.6,0,301.5,93,2013,9,2013-09-04,4,high,medium-high
37.8207,-119.9701,2013-08-23,Aqua,MODIS,142.1,0,299.9,84,2013,8,2013-08-23,23,high,high
37.8208,-119.7978,2013-08-30,Aqua,MODIS,1598.6,0,311.2,94,2013,8,2013-08-30,30,high,high
37.8208,-119.7364,2013-09-08,Terra,MODIS,267.1,0,306.1,100,2013,9,2013-09-08,8,high,high
37.8209,-119.8934,2013-08-26,Terra,MODIS,30.2,0,292.0,100,2013,8,2013-08-26,26,high,medium-low
37.8209,-119.8172,2013-08-30,Terra,MODIS,521.0,0,313.9,100,2013,8,2013-08-30,30,high,high
37.821,-119.9678,2013-08-21,Aqua,MODIS,137.2,0,302.5,99,2013,8,2013-08-21,21,high,high
37.8212,-119.8682,2013-08-29,Terra,MODIS,15.2,0,289.6,76,2013,8,2013-08-29,29,high,low
37.8213,-119.7493,2013-09-04,Aqua,MODIS,18.8,0,288.2,73,2013,9,2013-09-04,4,high,low
37.8214,-119.8542,2013-08-30,Terra,MODIS,75.9,0,291.7,55,2013,8,2013-08-30,30,medium,medium-high
37.8215,-120.0233,2013-08-21,Aqua,MODIS,91.3,0,307.5,88,2013,8,2013-08-21,21,high,medium-high
37.8215,-119.9264,2013-08-24,Terra,MODIS,429.8,0,300.9,98,2013,8,2013-08-24,24,high,high
37.8215,-119.7798,2013-08-31,Terra,MODIS,58.2,0,295.8,100,2013,8,2013-08-31,31,high,medium-high
37.8215,-119.7333,2013-09-09,Terra,MODIS,37.3,0,293.7,100,2013,9,2013-09-09,9,high,medium-low
37.8216,-119.9047,2013-08-25,Terra,MODIS,164.9,0,310.7,100,2013,8,2013-08-25,25,high,high
37.8216,-119.8867,2013-08-26,Aqua,MODIS,33.1,0,291.1,100,2013,8,2013-08-26,26,high,medium-low
37.8216,-119.8361,2013-08-29,Aqua,MODIS,82.9,0,291.6,100,2013,8,2013-08-29,29,high,medium-high
37.8216,-119.8094,2013-08-29,Terra,MODIS,100.7,0,298.9,82,2013,8,2013-08-29,29,high,medium-high
37.8217,-120.0188,2013-08-23,Terra,MODIS,11.3,0,310.8,56,2013,8,2013-08-23,23,medium,low
37.8217,-119.8812,2013-08-26,Terra,MODIS,127.5,0,300.6,91,2013,8,2013-08-26,26,high,high
37.8217,-119.802,2013-08-31,Aqua,MODIS,114.5,0,296.7,100,2013,8,2013-08-31,31,high,medium-high
37.8221,-120.0671,2013-08-20,Aqua,MODIS,69.1,0,291.8,99,2013,8,2013-08-20,20,high,medium-high
37.8221,-119.9608,2013-08-23,Terra,MODIS,54.8,0,298.2,95,2013,8,2013-08-23,23,high,medium-high
37.8222,-119.7674,2013-08-30,Terra,MODIS,18.1,0,299.8,62,2013,8,2013-08-30,30,medium,low
37.8222,-119.72,2013-09-07,Aqua,MODIS,45.4,0,287.0,89,2013,9,2013-09-07,7,high,medium-low
37.8224,-119.8845,2013-08-26,Aqua,MODIS,40.2,0,311.5,89,2013,8,2013-08-26,26,high,medium-low
37.8225,-119.8627,2013-08-25,Aqua,MODIS,241.4,0,294.9,89,2013,8,2013-08-25,25,high,high
37.8226,-119.7339,2013-09-04,Aqua,MODIS,102.4,0,302.2,100,2013,9,2013-09-04,4,high,medium-high
37.8227,-119.8544,2013-08-29,Terra,MODIS,79.2,0,295.6,100,2013,8,2013-08-29,29,high,medium-high
37.8228,-119.838,2013-08-31,Terra,MODIS,8.7,0,292.6,71,2013,8,2013-08-31,31,high,low
37.8228,-119.8291,2013-08-30,Terra,MODIS,179.0,0,304.4,100,2013,8,2013-08-30,30,high,high
37.8229,-120.1319,2013-08-21,Aqua,MODIS,91.3,0,310.5,94,2013,8,2013-08-21,21,high,medium-high
37.8229,-119.9965,2013-08-21,Terra,MODIS,57.4,0,304.5,77,2013,8,2013-08-21,21,high,medium-high
37.823,-119.7683,2013-08-31,Terra,MODIS,41.3,0,294.3,100,2013,8,2013-08-31,31,high,medium-low
37.823,-119.7508,2013-08-31,Aqua,MODIS,49.7,0,291.5,100,2013,8,2013-08-31,31,high,medium-high
37.8231,-120.0009,2013-08-21,Aqua,MODIS,102.0,0,307.5,96,2013,8,2013-08-21,21,high,medium-high
37.8232,-119.7219,2013-09-09,Terra,MODIS,155.2,0,300.7,100,2013,9,2013-09-09,9,high,high
37.8234,-119.8792,2013-08-26,Terra,MODIS,28.9,0,290.1,68,2013,8,2013-08-26,26,medium,medium-low
37.8234,-119.7112,2013-09-09,Aqua,MODIS,51.5,0,290.2,100,2013,9,2013-09-09,9,high,medium-high
37.8237,-119.839,2013-08-29,Terra,MODIS,152.4,0,301.0,91,2013,8,2013-08-29,29,high,high
37.8237,-118.942,2013-11-05,Aqua,MODIS,34.2,0,289.7,88,2013,11,2013-11-05,5,high,medium-low
37.8238,-119.9362,2013-08-24,Aqua,MODIS,33.2,0,291.7,100,2013,8,2013-08-24,24,high,medium-low
37.824,-119.8867,2013-08-26,Terra,MODIS,91.7,0,301.6,85,2013,8,2013-08-26,26,high,medium-high
37.824,-119.7449,2013-09-02,Terra,MODIS,29.3,0,288.9,84,2013,9,2013-09-02,2,high,medium-low
37.8241,-119.9723,2013-08-22,Aqua,MODIS,107.5,0,301.7,97,2013,8,2013-08-22,22,high,medium-high
37.8241,-119.8732,2013-08-26,Aqua,MODIS,109.8,0,311.5,100,2013,8,2013-08-26,26,high,medium-high
37.8242,-119.8403,2013-08-29,Terra,MODIS,361.9,0,304.6,100,2013,8,2013-08-29,29,high,high
37.8242,-119.7796,2013-08-30,Terra,MODIS,53.1,0,301.0,92,2013,8,2013-08-30,30,high,medium-high
37.8243,-119.8266,2013-08-31,Terra,MODIS,12.8,0,293.4,88,2013,8,2013-08-31,31,high,low
37.8244,-119.7501,2013-08-31,Aqua,MODIS,161.8,0,300.4,100,2013,8,2013-08-31,31,high,high
37.8245,-119.9394,2013-08-24,Aqua,MODIS,106.0,0,309.3,100,2013,8,2013-08-24,24,high,medium-high
37.8245,-119.757,2013-08-31,Terra,MODIS,113.7,0,304.3,100,2013,8,2013-08-31,31,high,medium-high
37.8245,-119.7217,2013-09-07,Terra,MODIS,148.7,0,292.3,100,2013,9,2013-09-07,7,high,high
37.8245,-119.712,2013-09-08,Aqua,MODIS,52.7,0,287.8,84,2013,9,2013-09-08,8,high,medium-high
37.8246,-119.9737,2013-08-22,Terra,MODIS,53.7,0,300.2,100,2013,8,2013-08-22,22,high,medium-high
37.8246,-119.817,2013-08-31,Aqua,MODIS,25.0,0,293.9,57,2013,8,2013-08-31,31,medium,medium-low
37.8247,-120.0068,2013-08-21,Aqua,MODIS,223.2,0,307.6,100,2013,8,2013-08-21,21,high,high
37.8247,-119.7315,2013-09-09,Aqua,MODIS,62.7,0,305.0,94,2013,9,2013-09-09,9,high,medium-high
37.8248,-119.733,2013-09-05,Terra,MODIS,36.0,0,288.3,98,2013,9,2013-09-05,5,high,medium-low
37.8249,-119.7057,2013-09-07,Aqua,MODIS,119.8,0,289.3,100,2013,9,2013-09-07,7,high,high
37.8251,-119.9571,2013-08-24,Terra,MODIS,235.4,0,300.7,91,2013,8,2013-08-24,24,high,high
37.8252,-119.7849,2013-08-30,Aqua,MODIS,41.9,0,292.3,100,2013,8,2013-08-30,30,high,medium-low
37.8252,-119.7767,2013-08-30,Aqua,MODIS,175.7,0,298.1,98,2013,8,2013-08-30,30,high,high
37.8252,-118.9302,2013-11-05,Aqua,MODIS,184.1,0,290.4,100,2013,11,2013-11-05,5,high,high
37.8253,-119.9186,2013-08-23,Terra,MODIS,24.4,0,305.6,75,2013,8,2013-08-23,23,high,medium-low
37.8253,-119.7764,2013-08-27,Aqua,MODIS,394.7,0,294.8,86,2013,8,2013-08-27,27,high,high
37.8254,-119.7641,2013-08-28,Terra,MODIS,22.9,0,296.9,66,2013,8,2013-08-28,28,medium,medium-low
37.8256,-119.9513,2013-08-24,Terra,MODIS,15.2,0,293.7,94,2013,8,2013-08-24,24,high,low
37.8258,-119.9558,2013-08-22,Aqua,MODIS,330.7,0,310.0,100,2013,8,2013-08-22,22,high,high
37.8258,-119.8619,2013-08-26,Aqua,MODIS,228.3,0,323.1,100,2013,8,2013-08-26,26,high,high
37.8258,-119.8402,2013-08-28,Aqua,MODIS,85.1,0,295.1,100,2013,8,2013-08-28,28,high,medium-high
37.8258,-119.8259,2013-08-29,Terra,MODIS,200.5,0,299.4,100,2013,8,2013-08-29,29,high,high
37.8259,-119.8153,2013-08-31,Terra,MODIS,16.6,0,293.5,97,2013,8,2013-08-31,31,high,low
37.8259,-119.7248,2013-09-09,Aqua,MODIS,68.6,0,292.9,100,2013,9,2013-09-09,9,high,medium-high
37.826,-119.7094,2013-09-07,Terra,MODIS,426.3,0,301.7,100,2013,9,2013-09-07,7,high,high
37.8261,-119.9615,2013-08-22,Terra,MODIS,102.0,0,300.3,100,2013,8,2013-08-22,22,high,medium-high
37.8261,-119.9497,2013-08-23,Aqua,MODIS,41.7,0,291.5,57,2013,8,2013-08-23,23,medium,medium-low
37.8261,-119.9269,2013-08-24,Aqua,MODIS,180.3,0,311.7,100,2013,8,2013-08-24,24,high,high
37.8261,-119.7669,2013-08-31,Aqua,MODIS,28.7,0,290.1,72,2013,8,2013-08-31,31,high,medium-low
37.8261,-119.7456,2013-08-31,Terra,MODIS,38.2,0,293.4,100,2013,8,2013-08-31,31,high,medium-low
37.8261,-119.7196,2013-09-09,Aqua,MODIS,30.2,0,304.4,55,2013,9,2013-09-09,9,medium,medium-low
37.8262,-119.7915,2013-08-30,Terra,MODIS,567.5,0,312.9,100,2013,8,2013-08-30,30,high,high
37.8262,-119.712,2013-09-08,Terra,MODIS,22.0,0,297.2,75,2013,9,2013-09-08,8,high,medium-low
37.8263,-120.1146,2013-08-21,Aqua,MODIS,265.8,0,315.3,100,2013,8,2013-08-21,21,high,high
37.8265,-119.9829,2013-08-21,Aqua,MODIS,1072.5,0,319.7,100,2013,8,2013-08-21,21,high,high
37.8267,-119.8136,2013-08-30,Terra,MODIS,300.9,0,296.7,100,2013,8,2013-08-30,30,high,high
37.8268,-120.0168,2013-08-21,Terra,MODIS,61.7,0,293.6,100,2013,8,2013-08-21,21,high,medium-high
37.8268,-119.9765,2013-08-21,Aqua,MODIS,39.5,0,295.2,100,2013,8,2013-08-21,21,high,medium-low
37.8268,-119.9423,2013-08-23,Aqua,MODIS,299.1,0,300.2,94,2013,8,2013-08-23,23,high,high
37.8268,-119.7341,2013-09-07,Aqua,MODIS,68.5,0,298.3,86,2013,9,2013-09-07,7,high,medium-high
37.827,-119.93,2013-08-23,Terra,MODIS,92.6,0,309.1,100,2013,8,2013-08-23,23,high,medium-high
37.827,-119.8301,2013-08-28,Terra,MODIS,119.9,0,300.4,98,2013,8,2013-08-28,28,high,high
37.8271,-119.8044,2013-08-30,Aqua,MODIS,107.0,0,297.3,100,2013,8,2013-08-30,30,high,medium-high
37.8271,-119.7417,2013-09-05,Aqua,MODIS,86.5,0,298.6,59,2013,9,2013-09-05,5,medium,medium-high
37.8273,-119.94,2013-08-22,Aqua,MODIS,88.8,0,304.3,92,2013,8,2013-08-22,22,high,medium-high
37.8273,-119.9398,2013-08-24,Terra,MODIS,38.2,0,296.2,100,2013,8,2013-08-24,24,high,medium-low
37.8274,-119.9092,2013-08-25,Aqua,MODIS,303.8,0,298.5,93,2013,8,2013-08-25,25,high,high
37.8274,-119.8529,2013-08-28,Aqua,MODIS,43.2,0,293.8,100,2013,8,2013-08-28,28,high,medium-low
37.8274,-119.8118,2013-08-29,Terra,MODIS,69.3,0,294.0,100,2013,8,2013-08-29,29,high,medium-high
37.8274,-119.8041,2013-08-31,Terra,MODIS,13.5,0,292.9,92,2013,8,2013-08-31,31,high,low
37.8275,-119.8506,2013-08-26,Aqua,MODIS,95.3,0,309.0,100,2013,8,2013-08-26,26,high,medium-high
37.8277,-119.9141,2013-08-24,Aqua,MODIS,67.2,0,309.0,96,2013,8,2013-08-24,24,high,medium-high
37.8279,-119.9357,2013-08-24,Terra,MODIS,227.3,0,299.1,69,2013,8,2013-08-24,24,medium,high
37.8279,-119.9187,2013-08-25,Terra,MODIS,83.3,0,290.5,96,2013,8,2013-08-25,25,high,medium-high
37.8279,-119.7232,2013-09-08,Terra,MODIS,34.4,0,297.9,86,2013,9,2013-09-08,8,high,medium-low
37.828,-119.8391,2013-08-28,Aqua,MODIS,224.8,0,312.6,100,2013,8,2013-08-28,28,high,high
37.8281,-119.9892,2013-08-21,Aqua,MODIS,928.4,0,322.8,100,2013,8,2013-08-21,21,high,high
37.8281,-119.803,2013-08-30,Terra,MODIS,491.8,0,314.7,100,2013,8,2013-08-30,30,high,high
37.8282,-119.8618,2013-08-25,Aqua,MODIS,907.1,0,299.7,100,2013,8,2013-08-25,25,high,high
37.8283,-119.7185,2013-09-07,Aqua,MODIS,67.2,0,297.7,84,2013,9,2013-09-07,7,high,medium-high
37.8284,-119.7786,2013-08-28,Aqua,MODIS,181.0,0,305.2,100,2013,8,2013-08-28,28,high,high
37.8286,-120.0953,2013-08-20,Aqua,MODIS,45.9,0,291.7,76,2013,8,2013-08-20,20,high,medium-low
37.8286,-119.9922,2013-08-21,Aqua,MODIS,29.6,0,295.7,100,2013,8,2013-08-21,21,high,medium-low
37.8286,-119.8282,2013-08-29,Aqua,MODIS,276.8,0,308.2,100,2013,8,2013-08-29,29,high,high
37.8286,-119.7808,2013-08-28,Terra,MODIS,23.5,0,296.5,52,2013,8,2013-08-28,28,medium,medium-low
37.8287,-119.9413,2013-08-23,Terra,MODIS,163.3,0,310.7,100,2013,8,2013-08-23,23,high,high
37.8287,-119.8693,2013-08-27,Terra,MODIS,164.0,0,293.2,100,2013,8,2013-08-27,27,high,high
37.8288,-119.8734,2013-08-26,Aqua,MODIS,37.1,0,289.1,100,2013,8,2013-08-26,26,high,medium-low
37.8289,-120.0338,2013-08-20,Aqua,MODIS,129.0,0,306.8,81,2013,8,2013-08-20,20,high,high
37.8289,-119.8225,2013-08-30,Terra,MODIS,197.8,0,294.7,100,2013,8,2013-08-30,30,high,high
37.8289,-119.7984,2013-08-29,Terra,MODIS,20.4,0,290.2,80,2013,8,2013-08-29,29,high,low
37.8289,-119.793,2013-08-31,Terra,MODIS,26.8,0,294.9,100,2013,8,2013-08-31,31,high,medium-low
37.829,-120.098,2013-08-20,Terra,MODIS,64.0,0,310.0,81,2013,8,2013-08-20,20,high,medium-high
37.829,-119.9286,2013-08-24,Terra,MODIS,66.3,0,295.1,100,2013,8,2013-08-24,24,high,medium-high
37.829,-119.8236,2013-08-30,Aqua,MODIS,60.3,0,295.7,100,2013,8,2013-08-30,30,high,medium-high
37.829,-119.8078,2013-08-29,Aqua,MODIS,63.6,0,291.0,84,2013,8,2013-08-29,29,high,medium-high
37.8291,-119.8534,2013-08-26,Terra,MODIS,61.0,0,298.3,55,2013,8,2013-08-26,26,medium,medium-high
37.8292,-119.902,2013-08-24,Aqua,MODIS,93.6,0,309.4,100,2013,8,2013-08-24,24,high,medium-high
37.8293,-119.8899,2013-08-25,Terra,MODIS,745.4,0,325.9,100,2013,8,2013-08-25,25,high,high
37.8293,-119.7568,2013-08-30,Aqua,MODIS,54.4,0,298.1,71,2013,8,2013-08-30,30,high,medium-high
37.8294,-119.8473,2013-08-28,Terra,MODIS,86.8,0,291.8,100,2013,8,2013-08-28,28,high,medium-high
37.8294,-119.753,2013-08-30,Terra,MODIS,19.7,0,301.0,63,2013,8,2013-08-30,30,medium,low
37.8294,-119.7269,2013-09-06,Aqua,MODIS,41.2,0,303.9,77,2013,9,2013-09-06,6,high,medium-low
37.8296,-119.7382,2013-09-08,Aqua,MODIS,48.1,0,292.6,53,2013,9,2013-09-08,8,medium,medium-high
37.8296,-119.7342,2013-09-08,Terra,MODIS,18.7,0,297.9,75,2013,9,2013-09-08,8,high,low
37.8297,-119.7489,2013-09-04,Aqua,MODIS,28.7,0,300.8,81,2013,9,2013-09-04,4,high,medium-low
37.8298,-119.9654,2013-08-21,Aqua,MODIS,102.4,0,302.9,95,2013,8,2013-08-21,21,high,medium-high
37.8298,-119.6971,2013-09-07,Aqua,MODIS,70.3,0,286.4,100,2013,9,2013-09-07,7,high,medium-high
37.83,-120.0927,2013-08-21,Terra,MODIS,24.7,0,310.0,52,2013,8,2013-08-21,21,medium,medium-low
37.83,-119.846,2013-08-28,Terra,MODIS,84.0,0,303.0,93,2013,8,2013-08-28,28,high,medium-high
37.8302,-119.9807,2013-08-21,Terra,MODIS,657.2,0,309.1,100,2013,8,2013-08-21,21,high,high
37.8303,-120.0074,2013-08-21,Aqua,MODIS,16.7,0,293.5,91,2013,8,2013-08-21,21,high,low
37.8303,-119.8079,2013-08-29,Aqua,MODIS,878.8,0,313.4,100,2013,8,2013-08-29,29,high,high
37.8304,-119.9524,2013-08-23,Terra,MODIS,97.4,0,303.5,100,2013,8,2013-08-23,23,high,medium-high
37.8304,-119.7817,2013-08-31,Terra,MODIS,25.0,0,294.5,100,2013,8,2013-08-31,31,high,medium-low
37.8304,-119.7355,2013-09-09,Terra,MODIS,15.0,0,289.7,93,2013,9,2013-09-09,9,high,low
37.8305,-119.8252,2013-08-28,Aqua,MODIS,282.8,0,314.1,100,2013,8,2013-08-28,28,high,high
37.8305,-119.6871,2013-09-07,Terra,MODIS,78.1,0,297.3,68,2013,9,2013-09-07,7,medium,medium-high
37.8306,-119.9335,2013-08-22,Terra,MODIS,91.1,0,300.1,56,2013,8,2013-08-22,22,medium,medium-high
37.8307,-120.0086,2013-08-20,Aqua,MODIS,133.4,0,293.6,77,2013,8,2013-08-20,20,high,high
37.8307,-119.9174,2013-08-24,Terra,MODIS,59.4,0,296.4,100,2013,8,2013-08-24,24,high,medium-high
37.8307,-119.89,2013-08-24,Aqua,MODIS,111.3,0,310.3,100,2013,8,2013-08-24,24,high,medium-high
37.8308,-119.765,2013-08-28,Aqua,MODIS,105.5,0,303.3,100,2013,8,2013-08-28,28,high,medium-high
37.8309,-119.9024,2013-08-25,Terra,MODIS,186.5,0,315.9,100,2013,8,2013-08-25,25,high,high
37.8312,-119.7783,2013-08-28,Terra,MODIS,41.8,0,288.4,97,2013,8,2013-08-28,28,high,medium-low
37.8313,-119.8689,2013-08-25,Aqua,MODIS,244.1,0,294.6,60,2013,8,2013-08-25,25,medium,high
37.8314,-119.7651,2013-08-30,Terra,MODIS,30.0,0,300.3,82,2013,8,2013-08-30,30,high,medium-low
37.8315,-119.9717,2013-08-21,Aqua,MODIS,520.7,0,307.9,100,2013,8,2013-08-21,21,high,high
37.8315,-119.859,2013-08-26,Terra,MODIS,85.5,0,299.2,75,2013,8,2013-08-26,26,high,medium-high
37.8316,-119.7961,2013-08-28,Terra,MODIS,468.1,0,302.6,100,2013,8,2013-08-28,28,high,high
37.8317,-119.7366,2013-09-04,Aqua,MODIS,15.7,0,300.5,60,2013,9,2013-09-04,4,medium,low
37.8319,-119.789,2013-08-29,Aqua,MODIS,650.4,0,309.2,100,2013,8,2013-08-29,29,high,high
37.8319,-119.7704,2013-08-29,Terra,MODIS,20.8,0,290.4,78,2013,8,2013-08-29,29,high,medium-low
37.832,-119.8135,2013-08-28,Aqua,MODIS,35.2,0,290.6,100,2013,8,2013-08-28,28,high,medium-low
37.832,-119.8032,2013-08-30,Aqua,MODIS,76.4,0,294.0,78,2013,8,2013-08-30,30,high,medium-high
37.8322,-119.9212,2013-08-24,Aqua,MODIS,32.0,0,306.4,79,2013,8,2013-08-24,24,high,medium-low
37.8322,-119.8779,2013-08-24,Aqua,MODIS,34.2,0,307.1,76,2013,8,2013-08-24,24,high,medium-low
37.8323,-120.1058,2013-08-21,Terra,MODIS,38.6,0,304.6,75,2013,8,2013-08-21,21,high,medium-low
37.8323,-120.0998,2013-08-19,Aqua,MODIS,103.7,0,305.5,100,2013,8,2013-08-19,19,high,medium-high
37.8323,-119.9172,2013-08-23,Aqua,MODIS,2161.5,0,316.4,94,2013,8,2013-08-23,23,high,high
37.8324,-119.9061,2013-08-24,Terra,MODIS,57.8,0,296.4,100,2013,8,2013-08-24,24,high,medium-high
37.8325,-119.9054,2013-08-23,Terra,MODIS,66.5,0,306.0,98,2013,8,2013-08-23,23,high,medium-high
37.8326,-119.9935,2013-08-21,Terra,MODIS,2130.2,0,334.5,100,2013,8,2013-08-21,21,high,high
37.8326,-119.7451,2013-09-09,Aqua,MODIS,34.5,0,305.8,84,2013,9,2013-09-09,9,high,medium-low
37.8326,-119.7362,2013-09-06,Aqua,MODIS,69.3,0,305.0,89,2013,9,2013-09-06,6,high,medium-high
37.8328,-119.7779,2013-08-29,Terra,MODIS,182.9,0,299.6,94,2013,8,2013-08-29,29,high,high
37.8329,-119.7246,2013-09-07,Terra,MODIS,175.4,0,298.6,87,2013,9,2013-09-07,7,high,high
37.833,-119.8753,2013-08-26,Aqua,MODIS,23.4,0,309.6,52,2013,8,2013-08-26,26,medium,medium-low
37.833,-119.811,2013-08-28,Aqua,MODIS,492.7,0,321.5,100,2013,8,2013-08-28,28,high,high
37.8332,-119.8816,2013-08-26,Terra,MODIS,32.6,0,292.5,98,2013,8,2013-08-26,26,high,medium-low
37.8332,-119.7511,2013-08-28,Aqua,MODIS,14.9,0,298.0,59,2013,8,2013-08-28,28,medium,low
37.8334,-119.7773,2013-08-30,Terra,MODIS,61.2,0,301.0,94,2013,8,2013-08-30,30,high,medium-high
37.8334,-119.7177,2013-09-07,Terra,MODIS,151.9,0,298.8,84,2013,9,2013-09-07,7,high,high
37.8335,-119.827,2013-08-28,Terra,MODIS,105.2,0,289.9,100,2013,8,2013-08-28,28,high,medium-high
37.8335,-119.759,2013-08-31,Terra,MODIS,44.0,0,295.8,100,2013,8,2013-08-31,31,high,medium-low
37.8336,-119.8261,2013-08-28,Aqua,MODIS,37.2,0,291.7,100,2013,8,2013-08-28,28,high,medium-low
37.8336,-119.768,2013-08-29,Aqua,MODIS,309.1,0,305.2,100,2013,8,2013-08-29,29,high,high
37.8336,-119.7477,2013-08-31,Aqua,MODIS,26.2,0,291.2,68,2013,8,2013-08-31,31,medium,medium-low
37.8337,-120.1349,2013-08-21,Aqua,MODIS,548.0,0,320.1,100,2013,8,2013-08-21,21,high,high
37.8337,-119.909,2013-08-24,Aqua,MODIS,58.9,0,311.1,95,2013,8,2013-08-24,24,high,medium-high
37.8338,-119.9065,2013-08-25,Aqua,MODIS,162.4,0,294.9,59,2013,8,2013-08-25,25,medium,high
37.8339,-119.8301,2013-08-29,Aqua,MODIS,52.3,0,290.3,95,2013,8,2013-08-29,29,high,medium-high
37.834,-119.9751,2013-08-22,Terra,MODIS,30.6,0,299.0,100,2013,8,2013-08-22,22,high,medium-low
37.834,-119.733,2013-09-09,Aqua,MODIS,80.0,0,307.8,98,2013,9,2013-09-09,9,high,medium-high
37.834,-119.7172,2013-09-07,Aqua,MODIS,54.7,0,286.5,100,2013,9,2013-09-07,7,high,medium-high
37.8341,-119.8948,2013-08-24,Terra,MODIS,25.2,0,293.1,100,2013,8,2013-08-24,24,high,medium-low
37.8341,-119.7356,2013-09-10,Terra,MODIS,26.6,0,301.9,61,2013,9,2013-09-10,10,medium,medium-low
37.8342,-120.0878,2013-08-19,Aqua,MODIS,154.3,0,308.7,100,2013,8,2013-08-19,19,high,high
37.8342,-119.9166,2013-08-23,Terra,MODIS,634.7,0,330.6,100,2013,8,2013-08-23,23,high,high
37.8342,-119.8489,2013-08-26,Aqua,MODIS,74.0,0,290.0,100,2013,8,2013-08-26,26,high,medium-high
37.8343,-119.9436,2013-08-23,Terra,MODIS,190.4,0,295.9,100,2013,8,2013-08-23,23,high,high
37.8344,-119.8414,2013-08-29,Terra,MODIS,22.4,0,289.9,97,2013,8,2013-08-29,29,high,medium-low
37.8344,-119.8108,2013-08-28,Terra,MODIS,582.8,0,309.6,100,2013,8,2013-08-28,28,high,high
37.8344,-119.7521,2013-08-31,Aqua,MODIS,108.8,0,300.4,99,2013,8,2013-08-31,31,high,medium-high
37.8347,-119.864,2013-08-26,Aqua,MODIS,443.3,0,329.6,100,2013,8,2013-08-26,26,high,high
37.8347,-119.7786,2013-08-30,Terra,MODIS,180.8,0,294.0,100,2013,8,2013-08-30,30,high,high
37.8349,-120.007,2013-08-21,Terra,MODIS,78.3,0,304.5,95,2013,8,2013-08-21,21,high,medium-high
37.8349,-119.7607,2013-08-28,Aqua,MODIS,24.0,0,286.6,100,2013,8,2013-08-28,28,high,medium-low
37.835,-119.8242,2013-08-27,Terra,MODIS,204.0,0,296.5,100,2013,8,2013-08-27,27,high,high
37.835,-119.7477,2013-08-31,Terra,MODIS,24.1,0,292.3,100,2013,8,2013-08-31,31,high,medium-low
37.835,-119.739,2013-09-06,Terra,MODIS,38.5,0,301.3,80,2013,9,2013-09-06,6,high,medium-low
37.8351,-119.8968,2013-08-24,Aqua,MODIS,86.4,0,312.9,100,2013,8,2013-08-24,24,high,medium-high
37.8351,-119.8095,2013-08-29,Terra,MODIS,185.3,0,300.6,94,2013,8,2013-08-29,29,high,high
37.8351,-119.7556,2013-09-04,Aqua,MODIS,17.3,0,299.4,69,2013,9,2013-09-04,4,medium,low
37.8351,-119.7447,2013-08-31,Aqua,MODIS,81.5,0,298.9,95,2013,8,2013-08-31,31,high,medium-high
37.8352,-119.8387,2013-08-28,Aqua,MODIS,45.7,0,293.5,100,2013,8,2013-08-28,28,high,medium-low
37.8353,-119.789,2013-08-30,Terra,MODIS,88.1,0,302.7,100,2013,8,2013-08-30,30,high,medium-high
37.8354,-120.0792,2013-08-19,Terra,MODIS,38.7,0,305.1,58,2013,8,2013-08-19,19,medium,medium-low
37.8354,-120.0099,2013-08-21,Aqua,MODIS,226.2,0,312.4,100,2013,8,2013-08-21,21,high,high
37.8354,-119.9632,2013-08-22,Terra,MODIS,165.4,0,306.7,100,2013,8,2013-08-22,22,high,high
37.8354,-119.7581,2013-08-28,Terra,MODIS,37.2,0,288.3,91,2013,8,2013-08-28,28,high,medium-low
37.8354,-119.7468,2013-08-29,Aqua,MODIS,179.9,0,305.1,98,2013,8,2013-08-29,29,high,high
37.8354,-119.7445,2013-09-06,Terra,MODIS,50.8,0,287.8,94,2013,9,2013-09-06,6,high,medium-high
37.8355,-119.8628,2013-08-25,Terra,MODIS,165.4,0,306.1,100,2013,8,2013-08-25,25,high,high
37.8355,-119.7963,2013-08-28,Aqua,MODIS,860.6,0,321.5,100,2013,8,2013-08-28,28,high,high
37.8355,-119.7215,2013-09-09,Aqua,MODIS,34.2,0,303.0,75,2013,9,2013-09-09,9,high,medium-low
37.8357,-119.8676,2013-08-26,Terra,MODIS,61.2,0,293.4,100,2013,8,2013-08-26,26,high,medium-high
37.8357,-119.7402,2013-09-02,Aqua,MODIS,54.7,0,295.2,81,2013,9,2013-09-02,2,high,medium-high
37.8358,-119.7474,2013-09-03,Terra,MODIS,95.0,0,285.4,100,2013,9,2013-09-03,3,high,medium-high
37.8359,-119.9279,2013-08-23,Terra,MODIS,166.9,0,316.6,100,2013,8,2013-08-23,23,high,high
37.8359,-119.89,2013-08-24,Aqua,MODIS,29.6,0,290.3,99,2013,8,2013-08-24,24,high,medium-low
37.8359,-119.8601,2013-08-26,Aqua,MODIS,90.2,0,295.5,100,2013,8,2013-08-26,26,high,medium-high
37.8359,-119.8272,2013-08-29,Terra,MODIS,99.6,0,293.4,100,2013,8,2013-08-29,29,high,medium-high
37.8359,-119.738,2013-08-31,Aqua,MODIS,41.9,0,296.5,80,2013,8,2013-08-31,31,high,medium-low
37.8359,-119.7346,2013-09-05,Terra,MODIS,31.3,0,287.0,75,2013,9,2013-09-05,5,high,medium-low
37.836,-119.7612,2013-08-28,Terra,MODIS,80.1,0,299.3,92,2013,8,2013-08-28,28,high,medium-high
37.8362,-120.0759,2013-08-19,Aqua,MODIS,105.8,0,306.2,100,2013,8,2013-08-19,19,high,medium-high
37.8362,-119.7835,2013-08-30,Aqua,MODIS,87.2,0,295.5,100,2013,8,2013-08-30,30,high,medium-high
37.8363,-119.8528,2013-08-26,Aqua,MODIS,920.3,0,333.4,100,2013,8,2013-08-26,26,high,high
37.8365,-119.7729,2013-08-28,Aqua,MODIS,16.6,0,283.8,91,2013,8,2013-08-28,28,high,low
37.8366,-119.8846,2013-08-24,Aqua,MODIS,260.4,0,321.0,100,2013,8,2013-08-24,24,high,high
37.8366,-119.7477,2013-09-06,Aqua,MODIS,54.0,0,302.8,85,2013,9,2013-09-06,6,high,medium-high
37.8367,-119.9574,2013-08-22,Aqua,MODIS,154.1,0,306.6,100,2013,8,2013-08-22,22,high,high
37.8367,-119.7573,2013-08-30,Terra,MODIS,47.5,0,301.9,91,2013,8,2013-08-30,30,high,medium-high
37.8369,-120.1187,2013-08-21,Aqua,MODIS,1048.4,0,334.0,100,2013,8,2013-08-21,21,high,high
37.8369,-119.9515,2013-08-22,Terra,MODIS,56.7,0,296.9,100,2013,8,2013-08-22,22,high,medium-high
37.8369,-119.782,2013-08-29,Aqua,MODIS,96.9,0,290.3,100,2013,8,2013-08-29,29,high,medium-high
37.8371,-119.8752,2013-08-25,Terra,MODIS,114.5,0,308.3,100,2013,8,2013-08-25,25,high,medium-high
37.8371,-119.7874,2013-08-30,Terra,MODIS,197.7,0,294.5,100,2013,8,2013-08-30,30,high,high
37.8371,-119.7434,2013-09-04,Aqua,MODIS,47.0,0,304.3,90,2013,9,2013-09-04,4,high,medium-high
37.8374,-119.8264,2013-08-28,Terra,MODIS,218.1,0,308.7,100,2013,8,2013-08-28,28,high,high
37.8375,-119.8748,2013-08-24,Terra,MODIS,125.3,0,296.6,65,2013,8,2013-08-24,24,medium,high
37.8375,-119.8132,2013-08-29,Terra,MODIS,44.2,0,292.5,100,2013,8,2013-08-29,29,high,medium-low
37.8376,-119.939,2013-08-23,Terra,MODIS,14.0,0,307.0,52,2013,8,2013-08-23,23,medium,low
37.8376,-119.7533,2013-09-10,Aqua,MODIS,75.3,0,297.7,66,2013,9,2013-09-10,10,medium,medium-high
37.8376,-119.7488,2013-09-09,Terra,MODIS,10.7,0,286.6,51,2013,9,2013-09-09,9,medium,low
37.8376,-119.7232,2013-09-03,Terra,MODIS,33.5,0,282.8,53,2013,9,2013-09-03,3,medium,medium-low
37.8377,-119.8684,2013-08-25,Aqua,MODIS,1619.1,0,303.8,100,2013,8,2013-08-25,25,high,high
37.8378,-119.7361,2013-09-07,Aqua,MODIS,56.2,0,300.4,77,2013,9,2013-09-07,7,high,medium-high
37.8379,-119.8055,2013-08-28,Terra,MODIS,149.5,0,291.2,100,2013,8,2013-08-28,28,high,high
37.838,-119.8913,2013-08-23,Aqua,MODIS,1689.5,0,308.5,100,2013,8,2013-08-23,23,high,high
37.8381,-119.8723,2013-08-24,Aqua,MODIS,46.0,0,305.7,70,2013,8,2013-08-24,24,medium,medium-low
37.8381,-119.7814,2013-08-28,Aqua,MODIS,262.4,0,304.6,100,2013,8,2013-08-28,28,high,high
37.8381,-119.7264,2013-09-08,Terra,MODIS,25.4,0,297.7,73,2013,9,2013-09-08,8,high,medium-low
37.8383,-119.9408,2013-08-22,Aqua,MODIS,151.4,0,305.2,100,2013,8,2013-08-22,22,high,high
37.8384,-119.9039,2013-08-24,Aqua,MODIS,41.3,0,294.3,100,2013,8,2013-08-24,24,high,medium-low
37.8385,-119.7333,2013-09-08,Aqua,MODIS,34.0,0,286.0,80,2013,9,2013-09-08,8,high,medium-low
37.8386,-119.9931,2013-08-21,Aqua,MODIS,1099.4,0,327.3,100,2013,8,2013-08-21,21,high,high
37.8386,-119.8877,2013-08-25,Terra,MODIS,27.2,0,301.2,71,2013,8,2013-08-25,25,high,medium-low
37.8386,-119.7381,2013-09-05,Terra,MODIS,102.9,0,299.6,90,2013,9,2013-09-05,5,high,medium-high
37.8388,-119.7412,2013-09-03,Terra,MODIS,42.9,0,300.3,63,2013,9,2013-09-03,3,medium,medium-low
37.839,-120.9806,2013-03-17,Terra,MODIS,84.1,0,295.4,81,2013,3,2013-03-17,17,high,medium-high
37.839,-119.7996,2013-08-29,Terra,MODIS,131.8,0,296.8,100,2013,8,2013-08-29,29,high,high
37.8391,-119.731,2013-09-04,Aqua,MODIS,28.0,0,302.8,82,2013,9,2013-09-04,4,high,medium-low
37.8392,-119.7777,2013-08-28,Terra,MODIS,91.0,0,299.2,94,2013,8,2013-08-28,28,high,medium-high
37.8393,-120.0977,2013-08-19,Terra,MODIS,116.1,0,308.4,95,2013,8,2013-08-19,19,high,medium-high
37.8393,-119.7375,2013-09-09,Terra,MODIS,26.5,0,287.1,100,2013,9,2013-09-09,9,high,medium-low
37.8394,-120.1146,2013-08-19,Aqua,MODIS,13.2,0,304.3,59,2013,8,2013-08-19,19,medium,low
37.8394,-119.7409,2013-09-09,Aqua,MODIS,16.9,0,307.0,59,2013,9,2013-09-09,9,medium,low
37.8395,-120.0836,2013-08-19,Terra,MODIS,87.2,0,307.3,90,2013,8,2013-08-19,19,high,medium-high
37.8395,-119.9582,2013-08-22,Aqua,MODIS,43.0,0,292.9,53,2013,8,2013-08-22,22,medium,medium-low
37.8396,-120.9754,2013-03-17,Terra,MODIS,75.4,0,295.4,79,2013,3,2013-03-17,17,high,medium-high
37.8396,-119.9195,2013-08-24,Terra,MODIS,22.7,0,295.7,100,2013,8,2013-08-24,24,high,medium-low
37.8397,-120.1041,2013-08-21,Aqua,MODIS,60.0,0,314.9,91,2013,8,2013-08-21,21,high,medium-high
37.8397,-119.7987,2013-08-28,Aqua,MODIS,79.3,0,293.5,100,2013,8,2013-08-28,28,high,medium-high
37.8398,-119.9774,2013-08-21,Terra,MODIS,60.3,0,299.3,71,2013,8,2013-08-21,21,high,medium-high
37.8398,-119.7376,2013-09-08,Terra,MODIS,26.4,0,301.5,78,2013,9,2013-09-08,8,high,medium-low
37.8399,-119.73,2013-09-06,Aqua,MODIS,84.4,0,305.8,92,2013,9,2013-09-06,6,high,medium-high
37.8403,-119.7345,2013-09-11,Terra,MODIS,51.5,0,285.0,100,2013,9,2013-09-11,11,high,medium-high
37.8404,-120.0584,2013-08-20,Aqua,MODIS,92.3,0,313.2,84,2013,8,2013-08-20,20,high,medium-high
37.8405,-119.8426,2013-08-28,Terra,MODIS,52.9,0,303.7,87,2013,8,2013-08-28,28,high,medium-high
37.8405,-119.7863,2013-08-29,Terra,MODIS,122.6,0,298.5,100,2013,8,2013-08-29,29,high,high
37.8405,-119.7675,2013-08-28,Aqua,MODIS,736.7,0,321.6,100,2013,8,2013-08-28,28,high,high
37.8405,-119.7445,2013-09-05,Aqua,MODIS,268.6,0,301.5,99,2013,9,2013-09-05,5,high,high
37.8408,-119.7289,2013-09-09,Aqua,MODIS,69.7,0,307.8,95,2013,9,2013-09-09,9,high,medium-high
37.8409,-120.082,2013-08-19,Aqua,MODIS,10.7,0,294.1,84,2013,8,2013-08-19,19,high,low
37.8409,-119.7598,2013-08-30,Aqua,MODIS,171.6,0,299.2,98,2013,8,2013-08-30,30,high,high
37.8409,-119.7262,2013-09-09,Terra,MODIS,13.5,0,284.8,75,2013,9,2013-09-09,9,high,low
37.8413,-119.9081,2013-08-24,Terra,MODIS,40.7,0,299.0,100,2013,8,2013-08-24,24,high,medium-low
37.8413,-119.8117,2013-08-28,Aqua,MODIS,49.4,0,294.6,100,2013,8,2013-08-28,28,high,medium-high
37.8414,-120.1031,2013-08-19,Aqua,MODIS,41.6,0,307.7,88,2013,8,2013-08-19,19,high,medium-low
37.8414,-119.9034,2013-08-23,Terra,MODIS,536.9,0,316.2,100,2013,8,2013-08-23,23,high,high
37.8415,-120.1203,2013-08-22,Terra,MODIS,174.6,0,309.3,86,2013,8,2013-08-22,22,high,high
37.8416,-119.8033,2013-08-29,Aqua,MODIS,63.2,0,291.0,64,2013,8,2013-08-29,29,medium,medium-high
37.8417,-120.1283,2013-08-22,Aqua,MODIS,32.3,0,314.5,51,2013,8,2013-08-22,22,medium,medium-low
37.8417,-119.7205,2013-09-10,Terra,MODIS,37.0,0,301.8,83,2013,9,2013-09-10,10,high,medium-low
37.8418,-119.7375,2013-09-07,Terra,MODIS,24.2,0,285.8,57,2013,9,2013-09-07,7,medium,medium-low
37.8419,-119.9761,2013-08-21,Aqua,MODIS,818.4,0,312.0,100,2013,8,2013-08-21,21,high,high
37.8419,-119.7207,2013-09-11,Aqua,MODIS,25.2,0,283.8,100,2013,9,2013-09-11,11,high,medium-low
37.842,-119.7726,2013-08-29,Terra,MODIS,69.0,0,297.4,100,2013,8,2013-08-29,29,high,medium-high
37.8421,-119.7927,2013-08-28,Terra,MODIS,504.6,0,307.0,100,2013,8,2013-08-28,28,high,high
37.8422,-119.991,2013-08-21,Terra,MODIS,132.6,0,304.2,75,2013,8,2013-08-21,21,high,high
37.8422,-119.7201,2013-09-05,Aqua,MODIS,108.3,0,300.3,84,2013,9,2013-09-05,5,high,medium-high
37.8423,-120.0333,2013-08-20,Aqua,MODIS,944.7,0,309.6,100,2013,8,2013-08-20,20,high,high
37.8424,-119.761,2013-08-31,Terra,MODIS,12.1,0,289.9,63,2013,8,2013-08-31,31,medium,low
37.8425,-120.0934,2013-08-19,Aqua,MODIS,25.1,0,295.1,100,2013,8,2013-08-19,19,high,medium-low
37.8426,-119.7345,2013-09-10,Terra,MODIS,56.8,0,286.1,80,2013,9,2013-09-10,10,high,medium-high
37.8427,-119.7823,2013-08-28,Terra,MODIS,37.3,0,287.7,91,2013,8,2013-08-28,28,high,medium-low
37.8427,-119.7201,2013-09-11,Terra,MODIS,123.3,0,286.5,100,2013,9,2013-09-11,11,high,high
37.8429,-119.8243,2013-08-28,Aqua,MODIS,42.7,0,293.5,100,2013,8,2013-08-28,28,high,medium-low
37.843,-119.8969,2013-08-24,Terra,MODIS,151.2,0,309.5,100,2013,8,2013-08-24,24,high,high
37.843,-119.7535,2013-08-28,Aqua,MODIS,404.6,0,310.9,100,2013,8,2013-08-28,28,high,high
37.843,-119.7253,2013-09-06,Aqua,MODIS,28.8,0,285.7,98,2013,9,2013-09-06,6,high,medium-low
37.8431,-119.9146,2013-08-23,Terra,MODIS,1604.8,0,376.2,100,2013,8,2013-08-23,23,high,high
37.8432,-119.8737,2013-08-24,Aqua,MODIS,36.2,0,290.2,100,2013,8,2013-08-24,24,high,medium-low
37.8433,-119.7385,2013-09-06,Aqua,MODIS,62.7,0,304.1,87,2013,9,2013-09-06,6,high,medium-high
37.8434,-120.0905,2013-08-19,Aqua,MODIS,41.5,0,310.2,88,2013,8,2013-08-19,19,high,medium-low
37.8434,-119.8674,2013-08-25,Aqua,MODIS,1124.2,0,301.1,100,2013,8,2013-08-25,25,high,high
37.8434,-119.7462,2013-09-10,Aqua,MODIS,189.2,0,296.3,81,2013,9,2013-09-10,10,high,high
37.8435,-120.1033,2013-08-19,Terra,MODIS,171.3,0,310.7,100,2013,8,2013-08-19,19,high,high
37.8435,-119.8662,2013-08-26,Aqua,MODIS,21.4,0,304.5,78,2013,8,2013-08-26,26,high,medium-low
37.8435,-119.7454,2013-08-30,Aqua,MODIS,35.4,0,289.1,73,2013,8,2013-08-30,30,high,medium-low
37.8438,-120.1193,2013-08-19,Terra,MODIS,44.0,0,307.5,77,2013,8,2013-08-19,19,high,medium-low
37.8438,-119.8781,2013-05-15,Aqua,MODIS,16.7,0,299.5,67,2013,5,2013-05-15,15,medium,low
37.8438,-119.7551,2013-09-03,Terra,MODIS,131.2,0,284.7,100,2013,9,2013-09-03,3,high,high
37.8439,-120.0109,2013-08-20,Aqua,MODIS,283.4,0,298.5,94,2013,8,2013-08-20,20,high,high
37.8439,-119.7497,2013-08-31,Terra,MODIS,66.5,0,292.5,100,2013,8,2013-08-31,31,high,medium-high
37.8439,-119.7433,2013-08-30,Terra,MODIS,39.3,0,303.2,88,2013,8,2013-08-30,30,high,medium-low
37.8439,-119.7315,2013-09-09,Terra,MODIS,106.1,0,298.1,65,2013,9,2013-09-09,9,medium,medium-high
37.844,-119.7984,2013-08-26,Terra,MODIS,37.3,0,297.1,52,2013,8,2013-08-26,26,medium,medium-low
37.844,-119.7469,2013-08-29,Terra,MODIS,48.7,0,299.8,57,2013,8,2013-08-29,29,medium,medium-high
37.8441,-119.8772,2013-08-24,Terra,MODIS,202.8,0,297.9,61,2013,8,2013-08-24,24,medium,high
37.8442,-119.8036,2013-08-27,Terra,MODIS,802.4,0,304.5,100,2013,8,2013-08-27,27,high,high
37.8442,-119.7585,2013-08-28,Aqua,MODIS,86.7,0,291.8,100,2013,8,2013-08-28,28,high,medium-high
37.8444,-119.7454,2013-08-31,Aqua,MODIS,60.1,0,289.1,100,2013,8,2013-08-31,31,high,medium-high
37.8445,-119.8283,2013-08-27,Terra,MODIS,136.3,0,290.8,100,2013,8,2013-08-27,27,high,high
37.8447,-119.8856,2013-08-24,Terra,MODIS,178.5,0,306.9,100,2013,8,2013-08-24,24,high,high
37.8447,-119.7314,2013-09-06,Terra,MODIS,45.3,0,304.2,87,2013,9,2013-09-06,6,high,medium-low
37.8448,-119.9647,2013-08-22,Terra,MODIS,24.5,0,295.7,84,2013,8,2013-08-22,22,high,medium-low
37.8448,-119.9257,2013-08-23,Terra,MODIS,432.1,0,332.0,100,2013,8,2013-08-23,23,high,high
37.8449,-119.9221,2013-08-23,Aqua,MODIS,2205.3,0,296.0,75,2013,8,2013-08-23,23,high,high
37.8449,-119.8612,2013-08-25,Terra,MODIS,92.5,0,305.2,100,2013,8,2013-08-25,25,high,medium-high
37.8449,-119.7369,2013-09-06,Terra,MODIS,29.5,0,302.8,54,2013,9,2013-09-06,6,medium,medium-low
37.845,-119.8078,2013-08-28,Terra,MODIS,333.4,0,310.0,100,2013,8,2013-08-28,28,high,high
37.845,-119.7538,2013-08-30,Terra,MODIS,63.4,0,290.0,67,2013,8,2013-08-30,30,medium,medium-high
37.8451,-119.7469,2013-08-31,Aqua,MODIS,53.2,0,296.7,88,2013,8,2013-08-31,31,high,medium-high
37.8452,-119.855,2013-08-26,Aqua,MODIS,92.4,0,302.1,100,2013,8,2013-08-26,26,high,medium-high
37.8452,-119.7993,2013-08-28,Aqua,MODIS,73.4,0,303.9,96,2013,8,2013-08-28,28,high,medium-high
37.8453,-119.7385,2013-08-30,Aqua,MODIS,55.3,0,298.9,75,2013,8,2013-08-30,30,high,medium-high
37.8455,-120.0782,2013-08-19,Aqua,MODIS,280.3,0,322.8,100,2013,8,2013-08-19,19,high,high
37.8455,-119.7297,2013-09-03,Terra,MODIS,173.3,0,284.2,100,2013,9,2013-09-03,3,high,high
37.8456,-119.8874,2013-08-24,Aqua,MODIS,106.7,0,300.7,100,2013,8,2013-08-24,24,high,medium-high
37.8457,-119.934,2013-08-22,Terra,MODIS,135.9,0,301.4,62,2013,8,2013-08-22,22,medium,high
37.8457,-119.7709,2013-08-28,Aqua,MODIS,38.8,0,286.1,100,2013,8,2013-08-28,28,high,medium-low
37.8457,-119.7704,2013-08-29,Aqua,MODIS,160.9,0,304.2,97,2013,8,2013-08-29,29,high,high
37.8459,-119.8865,2013-08-24,Aqua,MODIS,88.2,0,312.7,100,2013,8,2013-08-24,24,high,medium-high
37.8459,-119.7552,2013-08-30,Terra,MODIS,45.1,0,301.1,90,2013,8,2013-08-30,30,high,medium-low
37.846,-120.0132,2013-08-21,Aqua,MODIS,179.2,0,310.4,100,2013,8,2013-08-21,21,high,high
37.846,-119.8223,2013-08-27,Terra,MODIS,3033.7,0,322.9,100,2013,8,2013-08-27,27,high,high
37.8461,-119.7752,2013-08-29,Terra,MODIS,57.7,0,301.3,70,2013,8,2013-08-29,29,medium,medium-high
37.8462,-119.9529,2013-08-22,Terra,MODIS,107.6,0,297.8,100,2013,8,2013-08-22,22,high,medium-high
37.8462,-119.7457,2013-09-04,Aqua,MODIS,30.1,0,298.7,81,2013,9,2013-09-04,4,high,medium-low
37.8462,-119.7419,2013-09-10,Aqua,MODIS,136.3,0,295.6,75,2013,9,2013-09-10,10,high,high
37.8463,-119.8082,2013-08-27,Terra,MODIS,52.3,0,288.8,98,2013,8,2013-08-27,27,high,medium-high
37.8464,-119.8735,2013-08-25,Terra,MODIS,211.7,0,312.2,100,2013,8,2013-08-25,25,high,high
37.8465,-119.9369,2013-08-23,Terra,MODIS,16.6,0,306.7,70,2013,8,2013-08-23,23,medium,low
37.8465,-119.7319,2013-09-04,Aqua,MODIS,18.9,0,284.6,51,2013,9,2013-09-04,4,medium,low
37.8466,-120.0728,2013-08-21,Terra,MODIS,27.2,0,309.0,70,2013,8,2013-08-21,21,medium,medium-low
37.8466,-119.7382,2013-09-16,Aqua,MODIS,65.5,0,306.5,91,2013,9,2013-09-16,16,high,medium-high
37.8466,-119.7213,2013-09-06,Aqua,MODIS,48.5,0,303.3,71,2013,9,2013-09-06,6,high,medium-high
37.8467,-120.1556,2013-08-23,Aqua,MODIS,70.3,0,307.7,60,2013,8,2013-08-23,23,medium,medium-high
37.8467,-119.7587,2013-08-28,Terra,MODIS,195.6,0,299.7,100,2013,8,2013-08-28,28,high,high
37.8469,-120.0762,2013-08-19,Terra,MODIS,40.8,0,306.0,61,2013,8,2013-08-19,19,medium,medium-low
37.8469,-119.8437,2013-08-26,Aqua,MODIS,48.8,0,308.0,94,2013,8,2013-08-26,26,high,medium-high
37.8469,-119.7368,2013-09-05,Terra,MODIS,59.7,0,286.6,100,2013,9,2013-09-05,5,high,medium-high
37.847,-119.7611,2013-08-28,Terra,MODIS,59.3,0,286.6,100,2013,8,2013-08-28,28,high,medium-high
37.8473,-119.7834,2013-08-28,Aqua,MODIS,18.0,0,286.1,99,2013,8,2013-08-28,28,high,low
37.8475,-120.1226,2013-08-21,Aqua,MODIS,179.5,0,308.5,100,2013,8,2013-08-21,21,high,high
37.8475,-119.7492,2013-08-29,Aqua,MODIS,208.4,0,303.7,100,2013,8,2013-08-29,29,high,high
37.8476,-120.1166,2013-08-22,Aqua,MODIS,13.1,0,291.0,54,2013,8,2013-08-22,22,medium,low
37.8476,-120.0656,2013-08-19,Aqua,MODIS,218.5,0,312.5,100,2013,8,2013-08-19,19,high,high
37.8477,-119.9582,2013-08-22,Aqua,MODIS,82.6,0,299.9,92,2013,8,2013-08-22,22,high,medium-high
37.8477,-119.829,2013-08-25,Aqua,MODIS,708.7,0,297.1,100,2013,8,2013-08-25,25,high,high
37.8478,-120.1249,2013-08-19,Terra,MODIS,31.4,0,307.7,72,2013,8,2013-08-19,19,high,medium-low
37.8481,-119.7484,2013-09-06,Terra,MODIS,41.8,0,286.9,87,2013,9,2013-09-06,6,high,medium-low
37.8481,-119.7397,2013-09-09,Terra,MODIS,8.3,0,284.7,65,2013,9,2013-09-09,9,medium,low
37.8482,-119.7335,2013-09-04,Aqua,MODIS,80.5,0,302.5,99,2013,9,2013-09-04,4,high,medium-high
37.8483,-120.0329,2013-08-21,Terra,MODIS,113.9,0,295.2,100,2013,8,2013-08-21,21,high,medium-high
37.8484,-119.9018,2013-08-23,Aqua,MODIS,2799.5,0,309.9,87,2013,8,2013-08-23,23,high,high
37.8484,-119.7916,2013-08-28,Aqua,MODIS,217.9,0,308.9,100,2013,8,2013-08-28,28,high,high
37.8485,-119.9217,2013-08-24,Terra,MODIS,10.8,0,294.7,57,2013,8,2013-08-24,24,medium,low
37.8485,-119.8346,2013-08-27,Terra,MODIS,110.1,0,292.0,100,2013,8,2013-08-27,27,high,medium-high
37.8485,-119.7199,2013-09-05,Terra,MODIS,47.6,0,285.0,100,2013,9,2013-09-05,5,high,medium-high
37.8486,-120.1174,2013-08-19,Aqua,MODIS,64.2,0,306.6,95,2013,8,2013-08-19,19,high,medium-high
37.8486,-119.8324,2013-08-26,Aqua,MODIS,222.8,0,323.0,100,2013,8,2013-08-26,26,high,high
37.8486,-119.7129,2013-09-05,Terra,MODIS,38.7,0,297.3,56,2013,9,2013-09-05,5,medium,medium-low
37.8487,-119.953,2013-08-23,Terra,MODIS,149.5,0,294.9,86,2013,8,2013-08-23,23,high,high
37.8487,-119.7427,2013-09-09,Aqua,MODIS,18.1,0,303.8,60,2013,9,2013-09-09,9,medium,low
37.8487,-119.7393,2013-09-03,Terra,MODIS,41.4,0,296.5,80,2013,9,2013-09-03,3,high,medium-low
37.849,-119.7964,2013-08-28,Aqua,MODIS,35.3,0,291.2,100,2013,8,2013-08-28,28,high,medium-low
37.8491,-119.821,2013-08-26,Terra,MODIS,682.8,0,306.4,100,2013,8,2013-08-26,26,high,high
37.8492,-119.7499,2013-09-03,Terra,MODIS,134.4,0,284.0,100,2013,9,2013-09-03,3,high,high
37.8493,-119.9414,2013-08-22,Aqua,MODIS,101.9,0,303.0,95,2013,8,2013-08-22,22,high,medium-high
37.8494,-119.8215,2013-08-25,Terra,MODIS,31.8,0,301.9,81,2013,8,2013-08-25,25,high,medium-low
37.8495,-119.9953,2013-08-21,Aqua,MODIS,1227.3,0,326.4,100,2013,8,2013-08-21,21,high,high
37.8496,-119.8086,2013-08-28,Terra,MODIS,63.4,0,290.3,100,2013,8,2013-08-28,28,high,medium-high
37.8498,-120.0796,2013-08-19,Aqua,MODIS,20.1,0,295.6,100,2013,8,2013-08-19,19,high,low
37.8498,-119.7284,2013-09-09,Terra,MODIS,22.1,0,285.1,100,2013,9,2013-09-09,9,high,medium-low
37.8499,-119.7754,2013-08-28,Terra,MODIS,240.6,0,300.6,100,2013,8,2013-08-28,28,high,high
37.8499,-119.7375,2013-09-11,Terra,MODIS,14.6,0,282.9,74,2013,9,2013-09-11,11,high,low
37.8501,-119.8144,2013-08-27,Terra,MODIS,202.2,0,293.2,100,2013,8,2013-08-27,27,high,high
37.8502,-119.9104,2013-08-24,Terra,MODIS,24.5,0,298.2,100,2013,8,2013-08-24,24,high,medium-low
37.8502,-119.7305,2013-09-09,Aqua,MODIS,102.5,0,306.9,100,2013,9,2013-09-09,9,high,medium-high
37.8503,-119.8334,2013-08-26,Aqua,MODIS,23.6,0,286.8,81,2013,8,2013-08-26,26,high,medium-low
37.8503,-119.8211,2013-08-26,Aqua,MODIS,572.9,0,333.7,100,2013,8,2013-08-26,26,high,high
37.8503,-119.7802,2013-08-29,Terra,MODIS,85.9,0,299.1,100,2013,8,2013-08-29,29,high,medium-high
37.8503,-119.7697,2013-08-28,Aqua,MODIS,1837.2,0,330.1,100,2013,8,2013-08-28,28,high,high
37.8504,-119.7887,2013-08-29,Terra,MODIS,38.7,0,292.5,100,2013,8,2013-08-29,29,high,medium-low
37.8505,-119.8492,2013-08-24,Aqua,MODIS,61.0,0,308.7,94,2013,8,2013-08-24,24,high,medium-high
37.8506,-120.04,2013-08-20,Aqua,MODIS,792.0,0,317.6,100,2013,8,2013-08-20,20,high,high
37.8506,-120.0218,2013-08-20,Terra,MODIS,159.3,0,307.6,96,2013,8,2013-08-20,20,high,high
37.8507,-120.1213,2013-08-22,Terra,MODIS,15.5,0,294.7,92,2013,8,2013-08-22,22,high,low
37.8507,-120.105,2013-08-19,Aqua,MODIS,107.8,0,308.7,100,2013,8,2013-08-19,19,high,medium-high
37.8507,-119.8956,2013-08-23,Aqua,MODIS,2636.7,0,304.4,94,2013,8,2013-08-23,23,high,high
37.8507,-119.8209,2013-08-25,Aqua,MODIS,2044.8,0,300.4,100,2013,8,2013-08-25,25,high,high
37.8507,-119.7365,2013-09-05,Terra,MODIS,70.1,0,298.5,83,2013,9,2013-09-05,5,high,medium-high
37.8508,-120.1469,2013-08-22,Aqua,MODIS,104.3,0,316.1,97,2013,8,2013-08-22,22,high,medium-high
37.8508,-119.7184,2013-09-11,Aqua,MODIS,40.4,0,284.4,100,2013,9,2013-09-11,11,high,medium-low
37.851,-119.8342,2013-08-25,Terra,MODIS,105.0,0,305.3,100,2013,8,2013-08-25,25,high,medium-high
37.8511,-120.0965,2013-08-19,Terra,MODIS,124.1,0,309.1,96,2013,8,2013-08-19,19,high,high
37.8514,-120.091,2013-08-19,Aqua,MODIS,72.7,0,301.2,100,2013,8,2013-08-19,19,high,medium-high
37.8514,-120.0823,2013-08-19,Terra,MODIS,36.7,0,306.6,50,2013,8,2013-08-19,19,medium,medium-low
37.8514,-119.7197,2013-09-10,Aqua,MODIS,39.5,0,284.9,62,2013,9,2013-09-10,10,medium,medium-low
37.8515,-119.7447,2013-09-20,Aqua,MODIS,19.2,0,302.0,76,2013,9,2013-09-20,20,high,low
37.8518,-119.7659,2013-08-29,Terra,MODIS,78.3,0,297.8,100,2013,8,2013-08-29,29,high,medium-high
37.8519,-120.0284,2013-08-21,Terra,MODIS,114.2,0,295.1,100,2013,8,2013-08-21,21,high,medium-high
37.8519,-119.899,2013-08-24,Terra,MODIS,38.8,0,300.3,100,2013,8,2013-08-24,24,high,medium-low
37.8519,-119.837,2013-08-24,Aqua,MODIS,72.6,0,307.7,96,2013,8,2013-08-24,24,high,medium-high
37.8519,-119.7749,2013-08-29,Terra,MODIS,120.5,0,300.5,100,2013,8,2013-08-29,29,high,high
37.852,-119.8097,2013-08-26,Aqua,MODIS,370.1,0,316.8,100,2013,8,2013-08-26,26,high,high
37.852,-119.7345,2013-09-16,Terra,MODIS,20.3,0,283.2,98,2013,9,2013-09-16,16,high,low
37.8523,-120.0196,2013-08-21,Aqua,MODIS,40.9,0,295.5,100,2013,8,2013-08-21,21,high,medium-low
37.8523,-120.0156,2013-08-20,Aqua,MODIS,1324.9,0,316.1,100,2013,8,2013-08-20,20,high,high
37.8525,-119.7296,2013-09-11,Aqua,MODIS,19.7,0,282.2,99,2013,9,2013-09-11,11,high,low
37.8526,-120.1293,2013-08-22,Aqua,MODIS,421.9,0,324.8,100,2013,8,2013-08-22,22,high,high
37.8526,-119.7627,2013-08-30,Aqua,MODIS,104.9,0,298.4,90,2013,8,2013-08-30,30,high,medium-high
37.8527,-119.9785,2013-08-21,Aqua,MODIS,212.1,0,302.7,100,2013,8,2013-08-21,21,high,high
37.8527,-119.8748,2013-08-25,Aqua,MODIS,348.4,0,295.2,95,2013,8,2013-08-25,25,high,high
37.8527,-119.7559,2013-08-28,Aqua,MODIS,722.0,0,310.7,100,2013,8,2013-08-28,28,high,high
37.8528,-119.8285,2013-08-26,Terra,MODIS,133.2,0,295.0,100,2013,8,2013-08-26,26,high,high
37.8529,-119.7517,2013-08-31,Terra,MODIS,35.6,0,291.1,100,2013,8,2013-08-31,31,high,medium-low
37.853,-120.1026,2013-08-19,Aqua,MODIS,34.5,0,295.8,100,2013,8,2013-08-19,19,high,medium-low
37.853,-119.7914,2013-08-28,Terra,MODIS,152.5,0,302.4,100,2013,8,2013-08-28,28,high,high
37.8531,-119.9187,2013-08-23,Aqua,MODIS,49.7,0,294.8,55,2013,8,2013-08-23,23,medium,medium-high
37.8531,-119.7408,2013-08-30,Terra,MODIS,28.9,0,301.1,83,2013,8,2013-08-30,30,high,medium-low
37.8531,-119.7243,2013-09-06,Aqua,MODIS,36.5,0,284.9,95,2013,9,2013-09-06,6,high,medium-low
37.8533,-119.8248,2013-08-24,Terra,MODIS,164.4,0,297.9,70,2013,8,2013-08-24,24,medium,high
37.8533,-119.8173,2013-08-25,Aqua,MODIS,2610.2,0,303.1,100,2013,8,2013-08-25,25,high,high
37.8534,-119.7514,2013-08-29,Terra,MODIS,21.1,0,288.3,87,2013,8,2013-08-29,29,high,medium-low
37.8535,-119.8264,2013-08-25,Aqua,MODIS,1529.5,0,302.5,100,2013,8,2013-08-25,25,high,high
37.8535,-119.763,2013-08-28,Aqua,MODIS,937.3,0,319.8,100,2013,8,2013-08-28,28,high,high
37.8535,-119.7564,2013-08-28,Aqua,MODIS,35.0,0,284.5,100,2013,8,2013-08-28,28,high,medium-low
37.8536,-119.9236,2013-08-23,Terra,MODIS,216.6,0,310.3,100,2013,8,2013-08-23,23,high,high
37.8536,-119.8877,2013-08-24,Terra,MODIS,113.0,0,307.3,100,2013,8,2013-08-24,24,high,medium-high
37.8536,-119.7605,2013-08-29,Terra,MODIS,68.1,0,295.4,100,2013,8,2013-08-29,29,high,medium-high
37.8536,-119.723,2013-09-06,Terra,MODIS,46.0,0,285.9,90,2013,9,2013-09-06,6,high,medium-low
37.8537,-119.7422,2013-09-06,Aqua,MODIS,56.2,0,302.1,84,2013,9,2013-09-06,6,high,medium-high
37.8538,-119.7432,2013-09-04,Terra,MODIS,62.7,0,291.8,61,2013,9,2013-09-04,4,medium,medium-high
37.8539,-119.9923,2013-08-20,Aqua,MODIS,123.5,0,300.3,83,2013,8,2013-08-20,20,high,high
37.854,-119.7461,2013-09-05,Aqua,MODIS,167.6,0,297.4,92,2013,9,2013-09-05,5,high,high
37.8541,-119.8571,2013-08-26,Aqua,MODIS,27.1,0,299.0,84,2013,8,2013-08-26,26,high,medium-low
37.8542,-119.8594,2013-08-25,Terra,MODIS,44.3,0,301.8,86,2013,8,2013-08-25,25,high,medium-low
37.8543,-120.1543,2013-08-22,Aqua,MODIS,36.6,0,312.7,58,2013,8,2013-08-22,22,medium,medium-low
37.8543,-119.8447,2013-08-26,Terra,MODIS,104.2,0,300.5,88,2013,8,2013-08-26,26,high,medium-high
37.8544,-119.7281,2013-09-06,Terra,MODIS,91.5,0,304.0,97,2013,9,2013-09-06,6,high,medium-high
37.8545,-119.7847,2013-08-28,Terra,MODIS,117.0,0,290.2,100,2013,8,2013-08-28,28,high,medium-high
37.8545,-119.7436,2013-08-30,Aqua,MODIS,45.9,0,289.0,87,2013,8,2013-08-30,30,high,medium-low
37.8546,-119.8123,2013-08-27,Aqua,MODIS,78.2,0,282.8,81,2013,8,2013-08-27,27,high,medium-high
37.8548,-120.1141,2013-08-19,Terra,MODIS,95.2,0,308.8,92,2013,8,2013-08-19,19,high,medium-high
37.8549,-119.7995,2013-08-27,Terra,MODIS,1812.4,0,317.9,94,2013,8,2013-08-27,27,high,high
37.855,-119.7688,2013-08-28,Aqua,MODIS,36.4,0,284.2,100,2013,8,2013-08-28,28,high,medium-low
37.855,-119.7422,2013-08-31,Aqua,MODIS,22.1,0,286.8,63,2013,8,2013-08-31,31,medium,medium-low
37.8551,-120.1008,2013-08-19,Terra,MODIS,77.9,0,308.5,89,2013,8,2013-08-19,19,high,medium-high
37.8551,-120.0026,2013-08-21,Terra,MODIS,48.4,0,293.1,97,2013,8,2013-08-21,21,high,medium-high
37.8551,-119.753,2013-08-30,Terra,MODIS,77.1,0,303.2,98,2013,8,2013-08-30,30,high,medium-high
37.8551,-119.7488,2013-08-31,Aqua,MODIS,236.5,0,305.8,100,2013,8,2013-08-31,31,high,high
37.8551,-119.7328,2013-09-02,Aqua,MODIS,96.9,0,297.7,75,2013,9,2013-09-02,2,high,medium-high
37.8552,-119.8885,2013-08-24,Aqua,MODIS,42.9,0,309.4,91,2013,8,2013-08-24,24,high,medium-low
37.8552,-119.8765,2013-08-24,Terra,MODIS,53.1,0,295.3,100,2013,8,2013-08-24,24,high,medium-high
37.8552,-119.7289,2013-09-05,Terra,MODIS,92.1,0,299.1,88,2013,9,2013-09-05,5,high,medium-high
37.8553,-119.9347,2013-08-23,Terra,MODIS,18.4,0,305.2,76,2013,8,2013-08-23,23,high,low
37.8554,-119.8849,2013-08-24,Aqua,MODIS,42.7,0,296.1,53,2013,8,2013-08-24,24,medium,medium-low
37.8554,-119.8137,2013-08-26,Terra,MODIS,123.8,0,293.8,100,2013,8,2013-08-26,26,high,high
37.8554,-119.748,2013-09-04,Aqua,MODIS,110.8,0,303.8,100,2013,9,2013-09-04,4,high,medium-high
37.8554,-119.7301,2013-09-04,Aqua,MODIS,16.9,0,283.6,87,2013,9,2013-09-04,4,high,low
37.8555,-120.0359,2013-08-20,Aqua,MODIS,1638.9,0,321.1,100,2013,8,2013-08-20,20,high,high
37.8555,-119.9548,2013-08-22,Terra,MODIS,36.4,0,295.2,100,2013,8,2013-08-22,22,high,medium-low
37.8558,-119.8718,2013-08-25,Terra,MODIS,151.9,0,309.0,100,2013,8,2013-08-25,25,high,high
37.8558,-119.8091,2013-08-26,Aqua,MODIS,51.3,0,291.3,100,2013,8,2013-08-26,26,high,medium-high
37.8559,-120.1376,2013-08-22,Aqua,MODIS,506.7,0,328.4,100,2013,8,2013-08-22,22,high,high
37.8559,-119.7194,2013-09-05,Aqua,MODIS,48.8,0,291.7,54,2013,9,2013-09-05,5,medium,medium-high
37.856,-119.7936,2013-08-29,Aqua,MODIS,50.6,0,298.0,76,2013,8,2013-08-29,29,high,medium-high
37.8565,-120.0174,2013-08-21,Aqua,MODIS,76.3,0,305.9,87,2013,8,2013-08-21,21,high,medium-high
37.8566,-119.8311,2013-08-27,Terra,MODIS,55.2,0,289.7,98,2013,8,2013-08-27,27,high,medium-high
37.8566,-119.7811,2013-08-28,Aqua,MODIS,126.6,0,287.9,100,2013,8,2013-08-28,28,high,high
37.8567,-120.1201,2013-08-22,Terra,MODIS,871.1,0,311.4,100,2013,8,2013-08-22,22,high,high
37.8567,-119.9455,2013-08-22,Aqua,MODIS,27.2,0,289.1,51,2013,8,2013-08-22,22,medium,medium-low
37.8567,-119.7428,2013-08-30,Aqua,MODIS,159.3,0,299.2,97,2013,8,2013-08-30,30,high,high
37.8567,-119.7341,2013-08-31,Aqua,MODIS,386.1,0,305.4,100,2013,8,2013-08-31,31,high,high
37.8568,-119.8757,2013-08-24,Aqua,MODIS,159.5,0,308.2,100,2013,8,2013-08-24,24,high,high
37.8569,-119.7419,2013-09-06,Terra,MODIS,25.0,0,300.7,72,2013,9,2013-09-06,6,high,medium-low
37.857,-119.8062,2013-08-25,Terra,MODIS,32.8,0,299.8,63,2013,8,2013-08-25,25,medium,medium-low
37.8571,-119.9425,2013-08-22,Terra,MODIS,23.3,0,293.1,100,2013,8,2013-08-22,22,high,medium-low
37.8571,-119.7449,2013-09-01,Terra,MODIS,36.7,0,292.3,74,2013,9,2013-09-01,1,high,medium-low
37.8573,-120.012,2013-08-20,Aqua,MODIS,1397.9,0,311.5,100,2013,8,2013-08-20,20,high,high
37.8573,-119.7361,2013-09-04,Aqua,MODIS,112.4,0,304.2,100,2013,9,2013-09-04,4,high,medium-high
37.8574,-119.7973,2013-08-26,Terra,MODIS,273.3,0,300.2,100,2013,8,2013-08-26,26,high,high
37.8574,-119.7559,2013-08-28,Terra,MODIS,52.3,0,295.6,80,2013,8,2013-08-28,28,high,medium-high
37.8575,-119.8202,2013-08-26,Aqua,MODIS,154.0,0,298.4,100,2013,8,2013-08-26,26,high,high
37.8577,-120.1182,2013-08-22,Aqua,MODIS,151.5,0,317.3,100,2013,8,2013-08-22,22,high,high
37.8578,-120.0775,2013-08-22,Aqua,MODIS,38.9,0,319.6,89,2013,8,2013-08-22,22,high,medium-low
37.8578,-119.841,2013-08-24,Aqua,MODIS,19.8,0,286.7,87,2013,8,2013-08-24,24,high,low
37.8578,-119.773,2013-08-29,Aqua,MODIS,373.3,0,306.1,100,2013,8,2013-08-29,29,high,high
37.8578,-119.7048,2013-09-05,Aqua,MODIS,97.6,0,284.5,100,2013,9,2013-09-05,5,high,medium-high
37.8579,-121.919,2013-09-09,Aqua,MODIS,276.2,0,330.0,100,2013,9,2013-09-09,9,high,high
37.858,-119.738,2013-09-05,Terra,MODIS,75.5,0,287.3,100,2013,9,2013-09-05,5,high,medium-high
37.8582,-119.8119,2013-08-27,Terra,MODIS,221.6,0,293.3,100,2013,8,2013-08-27,27,high,high
37.8582,-119.7937,2013-08-28,Aqua,MODIS,29.0,0,288.9,97,2013,8,2013-08-28,28,high,medium-low
37.8582,-119.7197,2013-08-31,Aqua,MODIS,37.9,0,294.2,69,2013,8,2013-08-31,31,medium,medium-low
37.8583,-119.8633,2013-08-24,Aqua,MODIS,63.2,0,305.0,96,2013,8,2013-08-24,24,high,medium-high
37.8583,-119.7935,2013-08-28,Aqua,MODIS,883.0,0,326.5,100,2013,8,2013-08-28,28,high,high
37.8584,-120.1199,2013-08-20,Aqua,MODIS,101.5,0,311.7,82,2013,8,2013-08-20,20,high,medium-high
37.8585,-119.9608,2013-08-22,Aqua,MODIS,31.5,0,302.1,64,2013,8,2013-08-22,22,medium,medium-low
37.8586,-120.1533,2013-08-22,Terra,MODIS,416.8,0,305.0,100,2013,8,2013-08-22,22,high,high
37.8586,-119.854,2013-08-24,Terra,MODIS,15.4,0,289.3,92,2013,8,2013-08-24,24,high,low
37.8587,-119.8192,2013-08-25,Terra,MODIS,511.3,0,318.1,87,2013,8,2013-08-25,25,high,high
37.8588,-119.7962,2013-08-29,Terra,MODIS,37.8,0,291.0,100,2013,8,2013-08-29,29,high,medium-low
37.8589,-119.9119,2013-08-23,Terra,MODIS,221.1,0,295.6,98,2013,8,2013-08-23,23,high,high
37.8589,-119.8572,2013-08-27,Terra,MODIS,22.9,0,288.6,75,2013,8,2013-08-27,27,high,medium-low
37.8589,-119.828,2013-08-24,Terra,MODIS,407.9,0,299.0,97,2013,8,2013-08-24,24,high,high
37.8589,-119.7583,2013-08-30,Terra,MODIS,127.2,0,291.1,100,2013,8,2013-08-30,30,high,high
37.859,-119.9126,2013-08-24,Terra,MODIS,16.8,0,296.8,100,2013,8,2013-08-24,24,high,low
37.8591,-119.8992,2013-08-23,Terra,MODIS,244.7,0,298.9,100,2013,8,2013-08-23,23,high,high
37.8592,-120.1425,2013-08-23,Terra,MODIS,372.8,0,322.8,100,2013,8,2013-08-23,23,high,high
37.8592,-119.8231,2013-08-26,Aqua,MODIS,41.9,0,315.3,92,2013,8,2013-08-26,26,high,medium-low
37.8592,-119.7298,2013-09-03,Terra,MODIS,29.5,0,283.1,61,2013,9,2013-09-03,3,medium,medium-low
37.8594,-119.7724,2013-08-29,Terra,MODIS,79.1,0,301.0,59,2013,8,2013-08-29,29,medium,medium-high
37.8595,-121.9077,2013-09-09,Aqua,MODIS,815.8,0,330.6,100,2013,9,2013-09-09,9,high,high
37.8595,-120.1605,2013-08-23,Aqua,MODIS,405.8,0,310.7,100,2013,8,2013-08-23,23,high,high
37.8595,-119.7695,2013-08-29,Aqua,MODIS,59.8,0,289.6,60,2013,8,2013-08-29,29,medium,medium-high
37.8596,-120.0605,2013-08-22,Aqua,MODIS,170.1,0,323.5,100,2013,8,2013-08-22,22,high,high
37.8597,-119.7511,2013-08-29,Aqua,MODIS,821.3,0,310.4,100,2013,8,2013-08-29,29,high,high
37.8597,-119.7204,2013-09-05,Terra,MODIS,63.9,0,285.7,100,2013,9,2013-09-05,5,high,medium-high
37.8598,-119.9274,2013-08-22,Terra,MODIS,271.1,0,302.5,89,2013,8,2013-08-22,22,high,high
37.8598,-119.8511,2013-08-24,Aqua,MODIS,168.6,0,314.6,100,2013,8,2013-08-24,24,high,high
37.8599,-119.7928,2013-08-27,Terra,MODIS,34.4,0,286.9,85,2013,8,2013-08-27,27,high,medium-low
37.8602,-119.9983,2013-08-21,Aqua,MODIS,192.8,0,300.8,100,2013,8,2013-08-21,21,high,high
37.8602,-119.9434,2013-08-22,Aqua,MODIS,236.4,0,309.4,100,2013,8,2013-08-22,22,high,high
37.8603,-120.0936,2013-08-20,Aqua,MODIS,203.1,0,311.4,98,2013,8,2013-08-20,20,high,high
37.8603,-119.8427,2013-08-24,Terra,MODIS,50.9,0,291.9,100,2013,8,2013-08-24,24,high,medium-high
37.8603,-119.8321,2013-08-25,Terra,MODIS,119.1,0,309.2,94,2013,8,2013-08-25,25,high,high
37.8603,-119.7822,2013-08-29,Terra,MODIS,100.6,0,297.6,100,2013,8,2013-08-29,29,high,medium-high
37.8606,-120.0548,2013-08-21,Aqua,MODIS,160.0,0,315.5,100,2013,8,2013-08-21,21,high,high
37.8606,-119.7724,2013-08-28,Terra,MODIS,1114.1,0,311.3,94,2013,8,2013-08-28,28,high,high
37.8607,-119.9335,2013-08-22,Terra,MODIS,323.6,0,304.1,97,2013,8,2013-08-22,22,high,high
37.8607,-119.9012,2013-08-24,Terra,MODIS,26.3,0,298.1,100,2013,8,2013-08-24,24,high,medium-low
37.8608,-119.7794,2013-08-28,Aqua,MODIS,1701.3,0,333.8,100,2013,8,2013-08-28,28,high,high
37.8609,-120.1537,2013-08-23,Terra,MODIS,327.8,0,319.8,100,2013,8,2013-08-23,23,high,high
37.8609,-119.8118,2013-08-26,Aqua,MODIS,501.9,0,327.5,100,2013,8,2013-08-26,26,high,high
37.8611,-121.8965,2013-09-09,Aqua,MODIS,35.7,0,309.7,78,2013,9,2013-09-09,9,high,medium-low
37.8611,-119.7263,2013-09-02,Aqua,MODIS,15.2,0,282.0,62,2013,9,2013-09-02,2,medium,low
37.8613,-119.839,2013-08-24,Aqua,MODIS,241.2,0,312.0,100,2013,8,2013-08-24,24,high,high
37.8614,-121.9103,2013-09-09,Terra,MODIS,133.7,0,308.5,89,2013,9,2013-09-09,9,high,high
37.8614,-119.8623,2013-08-25,Terra,MODIS,67.5,0,290.3,55,2013,8,2013-08-25,25,medium,medium-high
37.8614,-119.8109,2013-08-28,Terra,MODIS,40.1,0,287.2,62,2013,8,2013-08-28,28,medium,medium-low
37.8616,-120.1484,2013-08-22,Aqua,MODIS,673.1,0,318.5,100,2013,8,2013-08-22,22,high,high
37.8616,-119.7971,2013-08-27,Aqua,MODIS,102.5,0,286.3,68,2013,8,2013-08-27,27,medium,medium-high
37.8617,-119.9626,2013-08-22,Terra,MODIS,193.8,0,306.1,77,2013,8,2013-08-22,22,high,high
37.8617,-119.9224,2013-08-23,Terra,MODIS,126.1,0,291.0,52,2013,8,2013-08-23,23,medium,high
37.8618,-119.7537,2013-08-31,Terra,MODIS,23.6,0,291.5,100,2013,8,2013-08-31,31,high,medium-low
37.8619,-119.9259,2013-08-22,Aqua,MODIS,212.1,0,309.0,100,2013,8,2013-08-22,22,high,high
37.8619,-119.8448,2013-08-25,Terra,MODIS,40.0,0,304.5,62,2013,8,2013-08-25,25,medium,medium-low
37.8619,-119.7676,2013-08-29,Terra,MODIS,116.4,0,300.1,100,2013,8,2013-08-29,29,high,medium-high
37.862,-120.0686,2013-08-20,Aqua,MODIS,112.0,0,306.2,74,2013,8,2013-08-20,20,high,medium-high
37.8621,-119.8593,2013-08-24,Terra,MODIS,191.9,0,298.1,88,2013,8,2013-08-24,24,high,high
37.8621,-119.8186,2013-08-26,Terra,MODIS,425.3,0,307.3,100,2013,8,2013-08-26,26,high,high
37.8621,-119.8174,2013-08-27,Terra,MODIS,92.9,0,289.7,100,2013,8,2013-08-27,27,high,medium-high
37.8622,-119.7383,2013-08-30,Terra,MODIS,44.7,0,301.2,90,2013,8,2013-08-30,30,high,medium-low
37.8624,-119.8899,2013-08-24,Terra,MODIS,61.6,0,301.9,100,2013,8,2013-08-24,24,high,medium-high
37.8624,-119.7224,2013-08-31,Aqua,MODIS,47.1,0,287.6,100,2013,8,2013-08-31,31,high,medium-high
37.8625,-120.0683,2013-08-22,Aqua,MODIS,235.7,0,328.6,100,2013,8,2013-08-22,22,high,high
37.8625,-119.9214,2013-08-23,Terra,MODIS,97.3,0,295.9,100,2013,8,2013-08-23,23,high,medium-high
37.8626,-120.0926,2013-08-21,Terra,MODIS,32.0,0,294.4,81,2013,8,2013-08-21,21,high,medium-low
37.8626,-119.8678,2013-08-24,Aqua,MODIS,47.2,0,291.3,95,2013,8,2013-08-24,24,high,medium-high
37.8626,-119.8004,2013-08-26,Aqua,MODIS,363.3,0,314.5,100,2013,8,2013-08-26,26,high,high
37.8627,-119.8269,2013-08-24,Aqua,MODIS,21.3,0,301.6,70,2013,8,2013-08-24,24,medium,medium-low
37.8627,-119.7752,2013-08-29,Aqua,MODIS,50.4,0,289.0,57,2013,8,2013-08-29,29,medium,medium-high
37.8628,-120.0192,2013-08-20,Terra,MODIS,99.0,0,306.0,89,2013,8,2013-08-20,20,high,medium-high
37.8628,-119.8345,2013-08-25,Aqua,MODIS,1520.1,0,304.5,100,2013,8,2013-08-25,25,high,high
37.8628,-119.7203,2013-09-01,Terra,MODIS,32.9,0,294.9,78,2013,9,2013-09-01,1,high,medium-low
37.8629,-120.1141,2013-08-20,Aqua,MODIS,557.9,0,316.9,100,2013,8,2013-08-20,20,high,high
37.863,-119.9017,2013-08-23,Aqua,MODIS,388.2,0,278.2,75,2013,8,2013-08-23,23,high,high
37.8631,-119.8309,2013-08-25,Terra,MODIS,695.6,0,296.6,100,2013,8,2013-08-25,25,high,high
37.8632,-119.7659,2013-08-28,Aqua,MODIS,172.8,0,296.0,100,2013,8,2013-08-28,28,high,high
37.8633,-119.8251,2013-08-25,Terra,MODIS,784.5,0,297.0,100,2013,8,2013-08-25,25,high,high
37.8633,-119.7423,2013-08-31,Terra,MODIS,211.7,0,302.6,100,2013,8,2013-08-31,31,high,high
37.8634,-119.7531,2013-08-29,Terra,MODIS,66.6,0,291.8,100,2013,8,2013-08-29,29,high,medium-high
37.8635,-120.1298,2013-08-22,Aqua,MODIS,528.3,0,314.1,100,2013,8,2013-08-22,22,high,high
37.8635,-119.8118,2013-08-25,Terra,MODIS,1185.5,0,325.1,100,2013,8,2013-08-25,25,high,high
37.8636,-119.9093,2013-08-22,Aqua,MODIS,22.9,0,305.7,61,2013,8,2013-08-22,22,medium,medium-low
37.8636,-119.7884,2013-08-28,Terra,MODIS,641.3,0,306.3,94,2013,8,2013-08-28,28,high,high
37.8637,-120.0441,2013-08-20,Aqua,MODIS,568.4,0,310.1,100,2013,8,2013-08-20,20,high,high
37.8637,-119.7983,2013-08-27,Terra,MODIS,87.9,0,289.0,100,2013,8,2013-08-27,27,high,medium-high
37.864,-120.0524,2013-08-22,Aqua,MODIS,69.1,0,321.1,87,2013,8,2013-08-22,22,high,medium-high
37.864,-120.037,2013-08-21,Aqua,MODIS,116.6,0,314.7,99,2013,8,2013-08-21,21,high,medium-high
37.864,-119.7666,2013-08-30,Aqua,MODIS,85.1,0,297.4,86,2013,8,2013-08-30,30,high,medium-high
37.8641,-119.9222,2013-08-22,Aqua,MODIS,42.1,0,290.5,99,2013,8,2013-08-22,22,high,medium-low
37.8641,-119.8787,2013-08-24,Terra,MODIS,146.7,0,308.4,100,2013,8,2013-08-24,24,high,high
37.8642,-119.7891,2013-08-26,Aqua,MODIS,67.7,0,300.7,98,2013,8,2013-08-26,26,high,medium-high
37.8642,-119.7151,2013-08-31,Aqua,MODIS,20.5,0,285.9,59,2013,8,2013-08-31,31,medium,low
37.8643,-119.7587,2013-08-29,Aqua,MODIS,391.5,0,307.0,100,2013,8,2013-08-29,29,high,high
37.8643,-119.7505,2013-08-30,Terra,MODIS,144.2,0,305.2,100,2013,8,2013-08-30,30,high,high
37.8643,-119.7326,2013-09-05,Aqua,MODIS,96.9,0,285.4,100,2013,9,2013-09-05,5,high,medium-high
37.8646,-120.0929,2013-08-21,Aqua,MODIS,70.8,0,314.7,92,2013,8,2013-08-21,21,high,medium-high
37.8646,-120.0406,2013-08-20,Terra,MODIS,190.6,0,309.3,99,2013,8,2013-08-20,20,high,high
37.8646,-119.7812,2013-08-25,Aqua,MODIS,305.8,0,293.5,92,2013,8,2013-08-25,25,high,high
37.8647,-119.8071,2013-08-26,Aqua,MODIS,110.0,0,295.6,100,2013,8,2013-08-26,26,high,medium-high
37.8647,-119.8024,2013-08-25,Terra,MODIS,128.0,0,288.4,100,2013,8,2013-08-25,25,high,high
37.8648,-120.0897,2013-08-20,Aqua,MODIS,602.8,0,312.5,100,2013,8,2013-08-20,20,high,high
37.8648,-119.9567,2013-08-22,Terra,MODIS,42.4,0,301.4,100,2013,8,2013-08-22,22,high,medium-low
37.8649,-119.7308,2013-08-31,Terra,MODIS,169.6,0,296.9,100,2013,8,2013-08-31,31,high,high
37.865,-119.8813,2013-08-24,Aqua,MODIS,49.3,0,295.7,86,2013,8,2013-08-24,24,high,medium-high
37.8651,-120.1557,2013-08-22,Aqua,MODIS,174.9,0,310.5,100,2013,8,2013-08-22,22,high,high
37.8651,-119.8164,2013-08-26,Terra,MODIS,136.5,0,294.6,100,2013,8,2013-08-26,26,high,high
37.8652,-121.9323,2013-09-09,Aqua,MODIS,36.5,0,318.5,91,2013,9,2013-09-09,9,high,medium-low
37.8652,-119.8249,2013-08-25,Terra,MODIS,703.6,0,323.9,100,2013,8,2013-08-25,25,high,high
37.8653,-119.9177,2013-08-23,Aqua,MODIS,63.6,0,295.5,82,2013,8,2013-08-23,23,high,medium-high
37.8654,-119.781,2013-08-25,Aqua,MODIS,100.1,0,285.8,80,2013,8,2013-08-25,25,high,medium-high
37.8654,-119.7422,2013-08-30,Aqua,MODIS,56.3,0,289.8,98,2013,8,2013-08-30,30,high,medium-high
37.8655,-119.7386,2013-08-31,Aqua,MODIS,84.1,0,290.9,100,2013,8,2013-08-31,31,high,medium-high
37.8656,-120.0172,2013-08-20,Aqua,MODIS,213.9,0,301.7,97,2013,8,2013-08-20,20,high,high
37.8656,-119.7235,2013-09-02,Aqua,MODIS,33.3,0,297.4,73,2013,9,2013-09-02,2,high,medium-low
37.8657,-119.7242,2013-09-05,Aqua,MODIS,76.0,0,285.4,94,2013,9,2013-09-05,5,high,medium-high
37.8658,-119.8674,2013-08-24,Terra,MODIS,66.6,0,301.4,100,2013,8,2013-08-24,24,high,medium-high
37.8658,-119.7973,2013-08-27,Terra,MODIS,129.7,0,297.4,93,2013,8,2013-08-27,27,high,high
37.8659,-120.04,2013-08-22,Terra,MODIS,316.9,0,308.0,98,2013,8,2013-08-22,22,high,high
37.8659,-119.789,2013-08-28,Terra,MODIS,151.1,0,289.9,100,2013,8,2013-08-28,28,high,high
37.8659,-119.7794,2013-08-28,Aqua,MODIS,33.8,0,285.3,99,2013,8,2013-08-28,28,high,medium-low
37.8663,-119.9445,2013-08-22,Terra,MODIS,183.6,0,312.6,100,2013,8,2013-08-22,22,high,high
37.8663,-119.8857,2013-08-23,Terra,MODIS,25.7,0,294.6,81,2013,8,2013-08-23,23,high,medium-low
37.8663,-119.7385,2013-08-29,Terra,MODIS,68.2,0,299.6,66,2013,8,2013-08-29,29,medium,medium-high
37.8664,-119.8825,2013-08-23,Aqua,MODIS,667.8,0,294.0,87,2013,8,2013-08-23,23,high,high
37.8664,-119.8181,2013-08-26,Aqua,MODIS,33.2,0,289.9,100,2013,8,2013-08-26,26,high,medium-low
37.8664,-119.7818,2013-08-28,Terra,MODIS,515.2,0,305.3,94,2013,8,2013-08-28,28,high,high
37.8665,-120.0643,2013-08-20,Terra,MODIS,84.0,0,306.0,72,2013,8,2013-08-20,20,high,medium-high
37.8667,-119.8378,2013-08-25,Terra,MODIS,29.2,0,306.1,59,2013,8,2013-08-25,25,medium,medium-low
37.8668,-121.9211,2013-09-09,Aqua,MODIS,139.1,0,327.5,100,2013,9,2013-09-09,9,high,high
37.8668,-120.1374,2013-08-22,Aqua,MODIS,501.3,0,310.4,100,2013,8,2013-08-22,22,high,high
37.8668,-119.7356,2013-08-31,Aqua,MODIS,117.4,0,302.6,100,2013,8,2013-08-31,31,high,medium-high
37.867,-120.0216,2013-08-21,Aqua,MODIS,270.6,0,307.2,100,2013,8,2013-08-21,21,high,high
37.8671,-119.87,2013-08-25,Aqua,MODIS,94.3,0,291.8,63,2013,8,2013-08-25,25,medium,medium-high
37.8673,-119.731,2013-08-31,Aqua,MODIS,111.7,0,291.7,100,2013,8,2013-08-31,31,high,medium-high
37.8673,-119.7292,2013-09-06,Aqua,MODIS,91.9,0,303.8,93,2013,9,2013-09-06,6,high,medium-high
37.8674,-119.8623,2013-08-24,Terra,MODIS,520.9,0,299.2,100,2013,8,2013-08-24,24,high,high
37.8675,-120.0448,2013-08-22,Terra,MODIS,624.4,0,309.7,100,2013,8,2013-08-22,22,high,high
37.8675,-119.8561,2013-08-24,Terra,MODIS,75.4,0,302.6,100,2013,8,2013-08-24,24,high,medium-high
37.8675,-119.8382,2013-08-24,Aqua,MODIS,33.9,0,289.1,97,2013,8,2013-08-24,24,high,medium-low
37.8675,-119.7921,2013-08-28,Aqua,MODIS,32.2,0,284.7,92,2013,8,2013-08-28,28,high,medium-low
37.8676,-120.0084,2013-08-21,Terra,MODIS,28.7,0,293.4,82,2013,8,2013-08-21,21,high,medium-low
37.8676,-119.9238,2013-08-23,Terra,MODIS,286.9,0,297.6,100,2013,8,2013-08-23,23,high,high
37.8676,-119.8652,2013-08-24,Aqua,MODIS,12.6,0,304.2,57,2013,8,2013-08-24,24,medium,low
37.8677,-121.8741,2013-09-09,Terra,MODIS,42.0,0,308.0,67,2013,9,2013-09-09,9,medium,medium-low
37.8678,-120.0754,2013-08-22,Terra,MODIS,308.4,0,310.3,97,2013,8,2013-08-22,22,high,high
37.8678,-119.8214,2013-08-25,Aqua,MODIS,358.5,0,292.1,100,2013,8,2013-08-25,25,high,high
37.8678,-119.8015,2013-08-26,Terra,MODIS,85.3,0,292.2,100,2013,8,2013-08-26,26,high,medium-high
37.8679,-119.9321,2013-08-22,Terra,MODIS,150.2,0,307.6,100,2013,8,2013-08-22,22,high,high
37.8679,-119.9148,2013-08-24,Terra,MODIS,26.4,0,295.7,100,2013,8,2013-08-24,24,high,medium-low
37.8679,-119.7966,2013-08-28,Aqua,MODIS,57.0,0,297.1,80,2013,8,2013-08-28,28,high,medium-high
37.868,-120.1404,2013-08-23,Terra,MODIS,30.1,0,306.8,88,2013,8,2013-08-23,23,high,medium-low
37.868,-120.0747,2013-08-21,Aqua,MODIS,207.3,0,311.4,100,2013,8,2013-08-21,21,high,high
37.868,-119.8969,2013-08-23,Terra,MODIS,245.6,0,297.3,100,2013,8,2013-08-23,23,high,high
37.8681,-119.9414,2013-08-22,Aqua,MODIS,78.7,0,296.5,100,2013,8,2013-08-22,22,high,medium-high
37.8681,-119.7468,2013-08-30,Aqua,MODIS,927.9,0,307.9,100,2013,8,2013-08-30,30,high,high
37.8683,-119.8333,2013-08-25,Aqua,MODIS,1042.4,0,301.3,100,2013,8,2013-08-25,25,high,high
37.8683,-119.7659,2013-08-29,Terra,MODIS,127.1,0,299.3,87,2013,8,2013-08-29,29,high,high
37.8684,-121.9099,2013-09-09,Aqua,MODIS,42.5,0,321.7,85,2013,9,2013-09-09,9,high,medium-low
37.8684,-120.2588,2013-03-23,Terra,MODIS,8.5,0,291.9,64,2013,3,2013-03-23,23,medium,low
37.8685,-120.0804,2013-08-22,Aqua,MODIS,262.0,0,322.1,100,2013,8,2013-08-22,22,high,high
37.8685,-119.8764,2013-08-23,Aqua,MODIS,909.1,0,296.6,94,2013,8,2013-08-23,23,high,high
37.8686,-120.1195,2013-08-22,Aqua,MODIS,51.4,0,310.1,72,2013,8,2013-08-22,22,high,medium-high
37.8686,-120.0397,2013-08-20,Aqua,MODIS,499.0,0,306.2,100,2013,8,2013-08-20,20,high,high
37.8686,-119.823,2013-08-25,Aqua,MODIS,4759.3,0,308.1,100,2013,8,2013-08-25,25,high,high
37.8688,-120.065,2013-08-21,Terra,MODIS,61.0,0,293.8,100,2013,8,2013-08-21,21,high,medium-high
37.8688,-119.8207,2013-08-24,Terra,MODIS,308.9,0,296.6,93,2013,8,2013-08-24,24,high,high
37.8689,-119.7976,2013-08-29,Terra,MODIS,25.0,0,289.0,99,2013,8,2013-08-29,29,high,medium-low
37.869,-120.0763,2013-08-21,Aqua,MODIS,8.3,0,293.8,61,2013,8,2013-08-21,21,medium,low
37.8691,-121.2546,2013-11-16,Terra,MODIS,5.0,0,292.5,60,2013,11,2013-11-16,16,medium,low
37.8691,-119.853,2013-08-24,Aqua,MODIS,360.2,0,330.3,100,2013,8,2013-08-24,24,high,high
37.8692,-119.8448,2013-08-24,Terra,MODIS,33.4,0,292.9,100,2013,8,2013-08-24,24,high,medium-low
37.8692,-119.7214,2013-09-09,Terra,MODIS,12.1,0,285.6,58,2013,9,2013-09-09,9,medium,low
37.8693,-120.1404,2013-08-23,Terra,MODIS,73.5,0,292.8,65,2013,8,2013-08-23,23,medium,medium-high
37.8693,-119.845,2013-08-24,Aqua,MODIS,43.1,0,292.0,100,2013,8,2013-08-24,24,high,medium-low
37.8694,-119.9198,2013-08-22,Terra,MODIS,44.3,0,296.8,100,2013,8,2013-08-22,22,high,medium-low
37.8695,-119.9609,2013-08-22,Aqua,MODIS,20.1,0,303.5,71,2013,8,2013-08-22,22,high,low
37.8695,-119.8653,2013-08-25,Aqua,MODIS,123.9,0,292.0,77,2013,8,2013-08-25,25,high,high
37.8696,-120.0816,2013-08-22,Terra,MODIS,337.1,0,310.7,99,2013,8,2013-08-22,22,high,high
37.8696,-119.9035,2013-08-24,Terra,MODIS,51.4,0,300.9,100,2013,8,2013-08-24,24,high,medium-high
37.8697,-120.1516,2013-08-23,Terra,MODIS,235.5,0,316.7,100,2013,8,2013-08-23,23,high,high
37.8697,-119.9081,2013-08-23,Terra,MODIS,132.2,0,297.1,100,2013,8,2013-08-23,23,high,high
37.8699,-119.9269,2013-08-22,Aqua,MODIS,56.6,0,296.3,79,2013,8,2013-08-22,22,high,medium-high
37.8699,-119.7776,2013-08-25,Aqua,MODIS,1806.7,0,295.3,100,2013,8,2013-08-25,25,high,high
37.8699,-119.769,2013-08-28,Terra,MODIS,59.6,0,287.5,100,2013,8,2013-08-28,28,high,medium-high
37.87,-119.9635,2013-08-22,Terra,MODIS,24.9,0,298.9,56,2013,8,2013-08-22,22,medium,medium-low
37.87,-119.7926,2013-08-26,Terra,MODIS,159.2,0,299.1,89,2013,8,2013-08-26,26,high,high
37.8701,-119.7736,2013-08-29,Aqua,MODIS,85.0,0,297.6,86,2013,8,2013-08-29,29,high,medium-high
37.8703,-120.2704,2013-03-23,Terra,MODIS,9.5,0,291.1,67,2013,3,2013-03-23,23,medium,low
37.8703,-120.0632,2013-08-22,Aqua,MODIS,2224.2,0,400.1,100,2013,8,2013-08-22,22,high,high
37.8704,-119.7828,2013-08-28,Aqua,MODIS,133.9,0,297.0,75,2013,8,2013-08-28,28,high,high
37.8704,-119.7217,2013-09-09,Aqua,MODIS,41.9,0,304.6,87,2013,9,2013-09-09,9,high,medium-low
37.8705,-119.7834,2013-08-29,Terra,MODIS,50.9,0,292.6,100,2013,8,2013-08-29,29,high,medium-high
37.8705,-119.7473,2013-08-31,Aqua,MODIS,24.6,0,289.1,90,2013,8,2013-08-31,31,high,medium-low
37.8706,-120.0026,2013-08-21,Aqua,MODIS,65.5,0,297.6,87,2013,8,2013-08-21,21,high,medium-high
37.8706,-119.8407,2013-08-24,Aqua,MODIS,1293.1,0,337.4,100,2013,8,2013-08-24,24,high,high
37.8706,-119.7312,2013-08-31,Terra,MODIS,207.6,0,289.5,56,2013,8,2013-08-31,31,medium,high
37.8706,-119.7121,2013-09-06,Aqua,MODIS,120.9,0,303.0,97,2013,9,2013-09-06,6,high,high
37.8708,-119.7555,2013-08-31,Terra,MODIS,17.6,0,290.3,96,2013,8,2013-08-31,31,high,low
37.8708,-119.7102,2013-09-09,Terra,MODIS,28.8,0,287.7,100,2013,9,2013-09-09,9,high,medium-low
37.8712,-119.8186,2013-08-25,Aqua,MODIS,4727.2,0,305.3,100,2013,8,2013-08-25,25,high,high
37.8713,-119.9438,2013-08-22,Aqua,MODIS,251.8,0,310.1,100,2013,8,2013-08-22,22,high,high
37.8713,-119.8923,2013-08-24,Terra,MODIS,33.2,0,299.6,100,2013,8,2013-08-24,24,high,medium-low
37.8713,-119.7972,2013-08-25,Terra,MODIS,261.7,0,303.3,100,2013,8,2013-08-25,25,high,high
37.8714,-120.1628,2013-08-23,Terra,MODIS,474.6,0,326.6,100,2013,8,2013-08-23,23,high,high
37.8714,-120.0571,2013-08-21,Aqua,MODIS,488.0,0,320.1,100,2013,8,2013-08-21,21,high,high
37.8714,-119.9193,2013-08-23,Terra,MODIS,30.4,0,294.6,87,2013,8,2013-08-23,23,high,medium-low
37.8714,-119.8026,2013-08-26,Aqua,MODIS,57.1,0,307.0,97,2013,8,2013-08-26,26,high,medium-high
37.8714,-119.7358,2013-08-30,Terra,MODIS,119.9,0,303.0,100,2013,8,2013-08-30,30,high,high
37.8715,-119.9511,2013-08-22,Terra,MODIS,90.4,0,304.4,100,2013,8,2013-08-22,22,high,medium-high
37.8715,-119.7091,2013-09-06,Terra,MODIS,50.7,0,302.1,88,2013,9,2013-09-06,6,high,medium-high
37.8716,-120.1218,2013-08-20,Aqua,MODIS,378.5,0,315.0,100,2013,8,2013-08-20,20,high,high
37.8716,-119.8991,2013-08-22,Aqua,MODIS,55.5,0,289.9,100,2013,8,2013-08-22,22,high,medium-high
37.8717,-119.8585,2013-08-24,Aqua,MODIS,34.2,0,295.3,87,2013,8,2013-08-24,24,high,medium-low
37.8717,-119.7183,2013-09-01,Terra,MODIS,90.3,0,296.9,100,2013,9,2013-09-01,1,high,medium-high
37.8718,-120.0482,2013-08-22,Aqua,MODIS,162.3,0,321.1,100,2013,8,2013-08-22,22,high,high
37.8718,-119.7636,2013-08-29,Aqua,MODIS,64.6,0,289.6,66,2013,8,2013-08-29,29,medium,medium-high
37.8719,-119.7937,2013-08-26,Aqua,MODIS,24.0,0,288.5,100,2013,8,2013-08-26,26,high,medium-low
37.8719,-119.7516,2013-08-29,Aqua,MODIS,131.9,0,298.7,93,2013,8,2013-08-29,29,high,high
37.8719,-119.7094,2013-09-09,Aqua,MODIS,21.6,0,303.9,56,2013,9,2013-09-09,9,medium,medium-low
37.8719,-119.7066,2013-09-08,Terra,MODIS,142.2,0,305.4,100,2013,9,2013-09-08,8,high,high
37.872,-119.7687,2013-08-29,Terra,MODIS,168.9,0,300.7,100,2013,8,2013-08-29,29,high,high
37.8721,-120.1661,2013-08-23,Aqua,MODIS,696.1,0,313.8,100,2013,8,2013-08-23,23,high,high
37.8721,-119.8567,2013-08-23,Aqua,MODIS,501.6,0,294.0,100,2013,8,2013-08-23,23,high,high
37.8721,-119.8286,2013-08-24,Aqua,MODIS,54.4,0,300.5,91,2013,8,2013-08-24,24,high,medium-high
37.8722,-119.7266,2013-08-30,Aqua,MODIS,136.5,0,298.6,94,2013,8,2013-08-30,30,high,high
37.8723,-119.7652,2013-08-30,Terra,MODIS,204.7,0,293.2,100,2013,8,2013-08-30,30,high,high
37.8723,-119.7441,2013-08-31,Terra,MODIS,78.2,0,295.5,100,2013,8,2013-08-31,31,high,medium-high
37.8728,-121.8881,2013-09-09,Aqua,MODIS,98.8,0,302.8,100,2013,9,2013-09-09,9,high,medium-high
37.8728,-119.8904,2013-08-22,Terra,MODIS,162.3,0,301.1,83,2013,8,2013-08-22,22,high,high
37.8728,-119.7692,2013-08-28,Aqua,MODIS,125.0,0,292.2,87,2013,8,2013-08-28,28,high,high
37.8729,-119.9269,2013-08-22,Aqua,MODIS,344.7,0,313.4,100,2013,8,2013-08-22,22,high,high
37.8729,-119.8101,2013-08-25,Terra,MODIS,652.5,0,318.2,100,2013,8,2013-08-25,25,high,high
37.8729,-119.7718,2013-08-25,Aqua,MODIS,1183.5,0,294.0,100,2013,8,2013-08-25,25,high,high
37.8729,-119.7262,2013-09-08,Aqua,MODIS,62.8,0,296.8,71,2013,9,2013-09-08,8,high,medium-high
37.8729,-119.7181,2013-09-07,Terra,MODIS,19.9,0,285.4,86,2013,9,2013-09-07,7,high,low
37.8729,-119.7065,2013-09-08,Aqua,MODIS,138.9,0,287.2,100,2013,9,2013-09-08,8,high,high
37.873000000000005,-119.9388,2013-08-22,Terra,MODIS,119.1,0,307.5,100,2013,8,2013-08-22,22,high,high
37.873000000000005,-119.8809,2013-08-24,Terra,MODIS,62.1,0,302.9,100,2013,8,2013-08-24,24,high,medium-high
37.8731,-119.7913,2013-08-26,Aqua,MODIS,668.3,0,329.9,100,2013,8,2013-08-26,26,high,high
37.8731,-119.7207,2013-09-06,Aqua,MODIS,12.2,0,283.1,55,2013,9,2013-09-06,6,medium,low
37.8732,-120.0995,2013-08-20,Aqua,MODIS,923.7,0,310.2,100,2013,8,2013-08-20,20,high,high
37.8733,-120.0708,2013-08-22,Aqua,MODIS,1444.3,0,340.3,100,2013,8,2013-08-22,22,high,high
37.8734,-119.9446,2013-08-22,Aqua,MODIS,53.0,0,296.6,100,2013,8,2013-08-22,22,high,medium-high
37.8734,-119.9205,2013-08-23,Terra,MODIS,188.7,0,295.4,100,2013,8,2013-08-23,23,high,high
37.8734,-119.7478,2013-08-30,Terra,MODIS,232.8,0,307.8,100,2013,8,2013-08-30,30,high,high
37.8734,-119.7297,2013-09-01,Terra,MODIS,19.3,0,295.1,59,2013,9,2013-09-01,1,medium,low
37.8735,-119.897,2013-08-22,Terra,MODIS,211.5,0,302.4,91,2013,8,2013-08-22,22,high,high
37.8735,-119.8724,2013-08-23,Terra,MODIS,64.1,0,297.8,97,2013,8,2013-08-23,23,high,medium-high
37.8736,-119.8049,2013-08-26,Aqua,MODIS,27.7,0,288.3,98,2013,8,2013-08-26,26,high,medium-low
37.8736,-119.7541,2013-08-29,Terra,MODIS,79.9,0,291.4,100,2013,8,2013-08-29,29,high,medium-high
37.8736,-119.7178,2013-09-08,Terra,MODIS,101.3,0,304.9,100,2013,9,2013-09-08,8,high,medium-high
37.8737,-119.7913,2013-08-25,Aqua,MODIS,1408.4,0,298.5,100,2013,8,2013-08-25,25,high,high
37.8738,-119.9499,2013-08-22,Aqua,MODIS,130.2,0,310.0,100,2013,8,2013-08-22,22,high,high
37.8738,-119.7328,2013-08-31,Terra,MODIS,84.2,0,293.9,100,2013,8,2013-08-31,31,high,medium-high
37.874,-119.7227,2013-09-06,Terra,MODIS,86.2,0,303.2,96,2013,9,2013-09-06,6,high,medium-high
37.8741,-120.1216,2013-08-21,Aqua,MODIS,11.1,0,293.8,74,2013,8,2013-08-21,21,high,low
37.8741,-119.7844,2013-08-28,Terra,MODIS,50.0,0,295.0,75,2013,8,2013-08-28,28,high,medium-high
37.8742,-119.8502,2013-08-23,Aqua,MODIS,235.8,0,292.7,98,2013,8,2013-08-23,23,high,high
37.8742,-119.8229,2013-08-24,Terra,MODIS,227.7,0,295.6,89,2013,8,2013-08-24,24,high,high
37.8745,-119.9267,2013-08-22,Terra,MODIS,105.4,0,305.1,100,2013,8,2013-08-22,22,high,medium-high
37.8745,-119.9108,2013-08-22,Aqua,MODIS,226.3,0,313.1,100,2013,8,2013-08-22,22,high,high
37.8745,-119.8231,2013-08-25,Terra,MODIS,78.1,0,305.9,99,2013,8,2013-08-25,25,high,medium-high
37.8747,-119.8696,2013-08-24,Terra,MODIS,36.5,0,300.1,100,2013,8,2013-08-24,24,high,medium-low
37.8747,-119.7108,2013-09-09,Aqua,MODIS,30.9,0,285.6,100,2013,9,2013-09-09,9,high,medium-low
37.8748,-121.9002,2013-09-09,Aqua,MODIS,330.9,0,317.2,100,2013,9,2013-09-09,9,high,high
37.8748,-120.0552,2013-08-22,Aqua,MODIS,963.6,0,327.6,100,2013,8,2013-08-22,22,high,high
37.8748,-119.7801,2013-08-26,Aqua,MODIS,816.2,0,320.8,100,2013,8,2013-08-26,26,high,high
37.8749,-120.0388,2013-08-21,Aqua,MODIS,1246.4,0,327.0,94,2013,8,2013-08-21,21,high,high
37.8749,-119.9291,2013-08-22,Terra,MODIS,260.6,0,304.5,89,2013,8,2013-08-22,22,high,high
37.8749,-119.7291,2013-09-08,Aqua,MODIS,19.0,0,282.4,56,2013,9,2013-09-08,8,medium,low
37.875,-120.037,2013-08-21,Terra,MODIS,54.1,0,294.1,99,2013,8,2013-08-21,21,high,medium-high
37.875,-119.7784,2013-08-27,Terra,MODIS,170.4,0,298.1,100,2013,8,2013-08-27,27,high,high
37.875,-119.7411,2013-09-01,Terra,MODIS,15.3,0,293.3,60,2013,9,2013-09-01,1,medium,low
37.8751,-120.0769,2013-08-22,Terra,MODIS,11.2,0,294.8,85,2013,8,2013-08-22,22,high,low
37.8752,-119.8836,2013-08-23,Terra,MODIS,155.6,0,301.4,100,2013,8,2013-08-23,23,high,high
37.8752,-119.7557,2013-08-28,Aqua,MODIS,77.4,0,292.4,90,2013,8,2013-08-28,28,high,medium-high
37.8753,-119.778,2013-08-28,Aqua,MODIS,40.3,0,286.7,97,2013,8,2013-08-28,28,high,medium-low
37.8753,-119.7515,2013-08-31,Aqua,MODIS,41.1,0,300.5,84,2013,8,2013-08-31,31,high,medium-low
37.8754,-119.9329,2013-08-22,Aqua,MODIS,604.5,0,318.7,100,2013,8,2013-08-22,22,high,high
37.8754,-119.9178,2013-08-22,Aqua,MODIS,106.2,0,295.9,100,2013,8,2013-08-22,22,high,medium-high
37.8756,-121.9232,2013-09-09,Aqua,MODIS,59.6,0,317.6,98,2013,9,2013-09-09,9,high,medium-high
37.8756,-121.9086,2013-09-09,Terra,MODIS,105.7,0,308.9,86,2013,9,2013-09-09,9,high,medium-high
37.8756,-119.8941,2013-08-23,Aqua,MODIS,41.7,0,289.9,53,2013,8,2013-08-23,23,medium,medium-low
37.8757,-120.0434,2013-08-21,Aqua,MODIS,28.5,0,293.1,100,2013,8,2013-08-21,21,high,medium-low
37.8757,-119.7138,2013-09-07,Aqua,MODIS,291.6,0,306.0,100,2013,9,2013-09-07,7,high,high
37.8758,-120.1196,2013-08-20,Aqua,MODIS,198.4,0,309.5,97,2013,8,2013-08-20,20,high,high
37.8758,-120.093,2013-08-21,Aqua,MODIS,76.3,0,310.7,76,2013,8,2013-08-21,21,high,medium-high
37.876,-120.0289,2013-08-24,Aqua,MODIS,13.1,0,317.2,54,2013,8,2013-08-24,24,medium,low
37.876,-119.9361,2013-08-22,Terra,MODIS,221.1,0,304.4,81,2013,8,2013-08-22,22,high,high
37.876,-119.9149,2013-08-22,Terra,MODIS,135.1,0,302.7,100,2013,8,2013-08-22,22,high,high
37.876,-119.7985,2013-08-27,Terra,MODIS,47.8,0,287.6,97,2013,8,2013-08-27,27,high,medium-high
37.876,-119.7353,2013-08-31,Aqua,MODIS,43.2,0,289.9,100,2013,8,2013-08-31,31,high,medium-low
37.876,-119.7141,2013-09-02,Aqua,MODIS,37.3,0,301.7,84,2013,9,2013-09-02,2,high,medium-low
37.876,-119.6812,2013-09-07,Aqua,MODIS,23.6,0,281.9,58,2013,9,2013-09-07,7,medium,medium-low
37.8761,-119.8358,2013-08-25,Terra,MODIS,29.7,0,306.3,87,2013,8,2013-08-25,25,high,medium-low
37.8763,-120.0933,2013-08-21,Terra,MODIS,50.0,0,292.8,97,2013,8,2013-08-21,21,high,medium-high
37.8763,-119.8929,2013-08-22,Aqua,MODIS,38.5,0,306.0,67,2013,8,2013-08-22,22,medium,medium-low
37.8764,-119.8583,2013-08-24,Terra,MODIS,18.3,0,292.9,95,2013,8,2013-08-24,24,high,low
37.8764,-119.7408,2013-08-30,Aqua,MODIS,75.0,0,290.1,100,2013,8,2013-08-30,30,high,medium-high
37.8765,-121.9082,2013-09-09,Terra,MODIS,33.6,0,298.3,100,2013,9,2013-09-09,9,high,medium-low
37.8766,-119.7589,2013-08-29,Aqua,MODIS,138.6,0,298.5,94,2013,8,2013-08-29,29,high,high
37.8767,-121.9125,2013-09-09,Aqua,MODIS,37.1,0,297.2,100,2013,9,2013-09-09,9,high,medium-low
37.8768,-119.7778,2013-08-28,Terra,MODIS,101.6,0,294.4,90,2013,8,2013-08-28,28,high,medium-high
37.8768,-119.7374,2013-08-31,Aqua,MODIS,139.4,0,302.2,100,2013,8,2013-08-31,31,high,high
37.8769,-120.042,2013-08-22,Aqua,MODIS,58.5,0,292.6,100,2013,8,2013-08-22,22,high,medium-high
37.8769,-119.9171,2013-08-22,Aqua,MODIS,201.7,0,312.6,100,2013,8,2013-08-22,22,high,high
37.8769,-119.8947,2013-08-23,Terra,MODIS,465.1,0,311.9,100,2013,8,2013-08-23,23,high,high
37.8769,-119.7967,2013-08-27,Terra,MODIS,55.5,0,296.7,82,2013,8,2013-08-27,27,high,medium-high
37.8769,-119.7484,2013-09-20,Terra,MODIS,25.2,0,299.2,66,2013,9,2013-09-20,20,medium,medium-low
37.877,-119.853,2013-08-24,Terra,MODIS,1009.0,0,299.8,100,2013,8,2013-08-24,24,high,high
37.8771,-119.763,2013-08-26,Terra,MODIS,81.9,0,296.3,83,2013,8,2013-08-26,26,high,medium-high
37.8774,-119.9027,2013-08-22,Terra,MODIS,19.7,0,292.4,100,2013,8,2013-08-22,22,high,low
37.8776,-120.1677,2013-08-24,Terra,MODIS,36.7,0,302.1,50,2013,8,2013-08-24,24,medium,medium-low
37.8776,-120.0956,2013-08-20,Aqua,MODIS,223.0,0,303.4,99,2013,8,2013-08-20,20,high,high
37.8777,-120.1382,2013-08-22,Aqua,MODIS,94.7,0,302.9,97,2013,8,2013-08-22,22,high,medium-high
37.8777,-119.8414,2013-08-25,Aqua,MODIS,582.7,0,298.8,98,2013,8,2013-08-25,25,high,high
37.8777,-119.7774,2013-08-27,Terra,MODIS,50.5,0,287.6,97,2013,8,2013-08-27,27,high,medium-high
37.8777,-119.7417,2013-08-28,Aqua,MODIS,148.8,0,304.5,100,2013,8,2013-08-28,28,high,high
37.8778,-120.0241,2013-08-21,Aqua,MODIS,477.1,0,301.4,87,2013,8,2013-08-21,21,high,high
37.8779,-119.7048,2013-09-08,Terra,MODIS,78.5,0,284.8,84,2013,9,2013-09-08,8,high,medium-high
37.878,-119.8324,2013-08-25,Terra,MODIS,840.2,0,298.2,100,2013,8,2013-08-25,25,high,high
37.878,-119.7281,2013-08-31,Aqua,MODIS,53.6,0,289.0,100,2013,8,2013-08-31,31,high,medium-high
37.8781,-120.0532,2013-08-22,Terra,MODIS,27.4,0,294.0,100,2013,8,2013-08-22,22,high,medium-low
37.8782,-119.8262,2013-08-25,Terra,MODIS,1541.8,0,302.0,100,2013,8,2013-08-25,25,high,high
37.8783,-119.738,2013-08-29,Aqua,MODIS,106.6,0,299.5,89,2013,8,2013-08-29,29,high,medium-high
37.8783,-119.7233,2013-08-31,Aqua,MODIS,134.4,0,301.5,100,2013,8,2013-08-31,31,high,high
37.8784,-121.8964,2013-09-09,Terra,MODIS,181.3,0,304.9,100,2013,9,2013-09-09,9,high,high
37.8784,-119.8546,2013-08-24,Aqua,MODIS,50.1,0,302.7,92,2013,8,2013-08-24,24,high,medium-high
37.8785,-119.9001,2013-08-22,Aqua,MODIS,88.1,0,307.9,93,2013,8,2013-08-22,22,high,medium-high
37.8786,-120.1494,2013-08-23,Terra,MODIS,52.1,0,302.5,96,2013,8,2013-08-23,23,high,medium-high
37.8786,-119.906,2013-08-23,Terra,MODIS,51.6,0,291.5,94,2013,8,2013-08-23,23,high,medium-high
37.8787,-119.7908,2013-08-25,Aqua,MODIS,1180.4,0,300.3,100,2013,8,2013-08-25,25,high,high
37.879,-119.935,2013-08-22,Aqua,MODIS,54.8,0,295.7,100,2013,8,2013-08-22,22,high,medium-high
37.879,-119.783,2013-08-25,Terra,MODIS,24.7,0,297.8,67,2013,8,2013-08-25,25,medium,medium-low
37.879,-119.7049,2013-09-01,Terra,MODIS,37.1,0,294.8,87,2013,9,2013-09-01,1,high,medium-low
37.8792,-120.0748,2013-08-21,Aqua,MODIS,26.5,0,293.8,100,2013,8,2013-08-21,21,high,medium-low
37.8794,-119.9647,2013-08-22,Terra,MODIS,30.0,0,298.8,76,2013,8,2013-08-22,22,high,medium-low
37.8794,-119.7515,2013-08-30,Aqua,MODIS,237.0,0,301.2,100,2013,8,2013-08-30,30,high,high
37.8796,-119.7336,2013-08-30,Terra,MODIS,440.5,0,293.8,100,2013,8,2013-08-30,30,high,high
37.8797,-119.8017,2013-08-25,Terra,MODIS,1733.8,0,300.2,100,2013,8,2013-08-25,25,high,high
37.8797,-119.7372,2013-08-29,Terra,MODIS,91.3,0,299.2,81,2013,8,2013-08-29,29,high,medium-high
37.8797,-119.7123,2013-09-09,Terra,MODIS,30.0,0,286.6,100,2013,9,2013-09-09,9,high,medium-low
37.8798,-119.7911,2013-08-26,Terra,MODIS,215.4,0,301.5,100,2013,8,2013-08-26,26,high,high
37.8799,-120.0152,2013-08-21,Terra,MODIS,19.8,0,293.6,50,2013,8,2013-08-21,21,medium,low
37.8799,-119.8424,2013-08-24,Aqua,MODIS,556.6,0,310.4,100,2013,8,2013-08-24,24,high,high
37.8799,-119.7094,2013-08-31,Aqua,MODIS,291.0,0,300.7,100,2013,8,2013-08-31,31,high,high
37.8801,-119.7954,2013-08-25,Terra,MODIS,1399.1,0,294.7,100,2013,8,2013-08-25,25,high,high
37.8802,-119.7013,2013-09-07,Aqua,MODIS,103.1,0,284.9,100,2013,9,2013-09-07,7,high,medium-high
37.8803,-120.1607,2013-08-23,Terra,MODIS,442.6,0,318.0,100,2013,8,2013-08-23,23,high,high
37.8804,-121.8846,2013-09-09,Terra,MODIS,42.1,0,297.3,100,2013,9,2013-09-09,9,high,medium-low
37.8804,-119.7826,2013-08-25,Aqua,MODIS,1108.1,0,296.0,100,2013,8,2013-08-25,25,high,high
37.8805,-120.1743,2013-08-23,Aqua,MODIS,124.8,0,308.1,79,2013,8,2013-08-23,23,high,high
37.8806,-119.9612,2013-08-22,Aqua,MODIS,18.0,0,306.9,54,2013,8,2013-08-22,22,medium,low
37.8806,-119.7957,2013-08-25,Terra,MODIS,1840.0,0,333.9,100,2013,8,2013-08-25,25,high,high
37.8806,-119.7335,2013-08-30,Terra,MODIS,447.0,0,312.1,100,2013,8,2013-08-30,30,high,high
37.8807,-120.0882,2013-08-21,Aqua,MODIS,34.9,0,293.9,100,2013,8,2013-08-21,21,high,medium-low
37.8807,-119.7163,2013-09-01,Terra,MODIS,36.1,0,295.1,85,2013,9,2013-09-01,1,high,medium-low
37.8808,-120.035,2013-08-22,Terra,MODIS,637.0,0,307.2,100,2013,8,2013-08-22,22,high,high
37.8808,-120.0081,2013-08-21,Aqua,MODIS,93.3,0,292.8,83,2013,8,2013-08-21,21,high,medium-high
37.8808,-119.7859,2013-08-26,Aqua,MODIS,81.7,0,293.5,100,2013,8,2013-08-26,26,high,medium-high
37.8808,-119.7045,2013-09-08,Terra,MODIS,40.4,0,301.8,90,2013,9,2013-09-08,8,high,medium-low
37.8809,-119.9527,2013-08-22,Terra,MODIS,109.2,0,302.5,100,2013,8,2013-08-22,22,high,medium-high
37.881,-119.7423,2013-08-28,Terra,MODIS,210.5,0,300.7,87,2013,8,2013-08-28,28,high,high
37.881,-119.6942,2013-09-08,Terra,MODIS,106.1,0,283.7,59,2013,9,2013-09-08,8,medium,medium-high
37.8811,-119.774,2013-08-28,Terra,MODIS,95.1,0,289.1,100,2013,8,2013-08-28,28,high,medium-high
37.8811,-119.744,2013-08-31,Aqua,MODIS,19.9,0,287.6,84,2013,8,2013-08-31,31,high,low
37.8812,-119.7113,2013-09-09,Aqua,MODIS,26.9,0,304.9,76,2013,9,2013-09-09,9,high,medium-low
37.8814,-119.8306,2013-08-24,Aqua,MODIS,33.7,0,298.6,81,2013,8,2013-08-24,24,high,medium-low
37.8819,-121.8859,2013-09-09,Aqua,MODIS,25.7,0,299.3,100,2013,9,2013-09-09,9,high,medium-low
37.8819,-119.7936,2013-08-26,Aqua,MODIS,145.4,0,313.5,100,2013,8,2013-08-26,26,high,high
37.8819,-119.7409,2013-08-31,Terra,MODIS,43.8,0,293.5,100,2013,8,2013-08-31,31,high,medium-low
37.8819,-119.7142,2013-08-29,Terra,MODIS,44.9,0,298.9,57,2013,8,2013-08-29,29,medium,medium-low
37.882,-120.1719,2013-08-23,Terra,MODIS,108.1,0,312.5,100,2013,8,2013-08-23,23,high,medium-high
37.8821,-120.0482,2013-08-22,Aqua,MODIS,101.9,0,293.6,100,2013,8,2013-08-22,22,high,medium-high
37.8821,-119.855,2013-08-24,Terra,MODIS,417.5,0,297.8,98,2013,8,2013-08-24,24,high,high
37.8822,-119.8082,2013-08-25,Terra,MODIS,471.0,0,317.8,100,2013,8,2013-08-25,25,high,high
37.8822,-119.7699,2013-08-29,Terra,MODIS,17.5,0,289.5,84,2013,8,2013-08-29,29,high,low
37.8823,-120.0591,2013-08-21,Aqua,MODIS,290.2,0,311.1,100,2013,8,2013-08-21,21,high,high
37.8823,-120.0402,2013-08-22,Terra,MODIS,592.3,0,306.8,100,2013,8,2013-08-22,22,high,high
37.8823,-119.9447,2013-08-22,Aqua,MODIS,546.5,0,322.1,100,2013,8,2013-08-22,22,high,high
37.8824,-119.9406,2013-08-22,Terra,MODIS,48.2,0,297.6,100,2013,8,2013-08-22,22,high,medium-high
37.8824,-119.7868,2013-08-26,Terra,MODIS,744.6,0,305.4,100,2013,8,2013-08-26,26,high,high
37.8825,-119.8926,2013-08-22,Aqua,MODIS,43.9,0,292.4,100,2013,8,2013-08-22,22,high,medium-low
37.8825,-119.797,2013-08-26,Aqua,MODIS,13.8,0,288.5,79,2013,8,2013-08-26,26,high,low
37.8826,-120.0229,2013-08-21,Aqua,MODIS,39.8,0,294.5,100,2013,8,2013-08-21,21,high,medium-low
37.8826,-119.7455,2013-08-30,Terra,MODIS,144.8,0,306.0,100,2013,8,2013-08-30,30,high,high
37.8827,-119.8202,2013-08-25,Aqua,MODIS,1037.4,0,296.3,100,2013,8,2013-08-25,25,high,high
37.8827,-119.7011,2013-09-08,Terra,MODIS,57.3,0,284.0,71,2013,9,2013-09-08,8,high,medium-high
37.8828,-120.0918,2013-08-22,Terra,MODIS,12.8,0,292.5,91,2013,8,2013-08-22,22,high,low
37.8828,-120.071,2013-08-22,Terra,MODIS,1226.7,0,309.7,100,2013,8,2013-08-22,22,high,high
37.8832,-120.1245,2013-08-21,Terra,MODIS,40.1,0,292.9,90,2013,8,2013-08-21,21,high,medium-low
37.8833,-119.7156,2013-09-02,Terra,MODIS,22.7,0,285.0,96,2013,9,2013-09-02,2,high,medium-low
37.8835,-119.7296,2013-08-31,Terra,MODIS,153.7,0,304.7,100,2013,8,2013-08-31,31,high,high
37.8836,-119.7823,2013-08-26,Aqua,MODIS,426.2,0,321.2,100,2013,8,2013-08-26,26,high,high
37.8836,-119.7305,2013-08-30,Aqua,MODIS,2383.5,0,321.8,100,2013,8,2013-08-30,30,high,high
37.8838,-121.8981,2013-09-09,Aqua,MODIS,20.1,0,300.2,100,2013,9,2013-09-09,9,high,low
37.8838,-119.8209,2013-08-25,Terra,MODIS,158.5,0,305.3,100,2013,8,2013-08-25,25,high,high
37.8838,-119.7077,2013-09-07,Terra,MODIS,82.0,0,286.1,100,2013,9,2013-09-07,7,high,medium-high
37.884,-120.118,2013-08-21,Aqua,MODIS,20.4,0,293.6,93,2013,8,2013-08-21,21,high,low
37.884,-120.0734,2013-08-22,Aqua,MODIS,175.4,0,313.6,100,2013,8,2013-08-22,22,high,high
37.884,-119.9271,2013-08-22,Aqua,MODIS,934.9,0,330.9,100,2013,8,2013-08-22,22,high,high
37.8841,-120.0362,2013-08-21,Aqua,MODIS,65.4,0,293.1,100,2013,8,2013-08-21,21,high,medium-high
37.8841,-119.7534,2013-08-29,Aqua,MODIS,85.6,0,298.0,85,2013,8,2013-08-29,29,high,medium-high
37.8842,-120.0274,2013-08-21,Aqua,MODIS,46.6,0,295.2,100,2013,8,2013-08-21,21,high,medium-high
37.8842,-119.7591,2013-08-27,Terra,MODIS,509.6,0,299.4,100,2013,8,2013-08-27,27,high,high
37.8842,-119.743,2013-08-29,Terra,MODIS,133.4,0,299.9,88,2013,8,2013-08-29,29,high,high
37.8844,-120.0788,2013-08-22,Terra,MODIS,12.4,0,293.8,90,2013,8,2013-08-22,22,high,low
37.8846,-120.1051,2013-08-22,Terra,MODIS,158.6,0,305.7,73,2013,8,2013-08-22,22,high,high
37.8846,-120.0776,2013-08-22,Terra,MODIS,690.8,0,308.2,100,2013,8,2013-08-22,22,high,high
37.8846,-119.9523,2013-08-22,Aqua,MODIS,192.0,0,313.9,100,2013,8,2013-08-22,22,high,high
37.8846,-119.7083,2013-09-09,Aqua,MODIS,17.2,0,283.8,79,2013,9,2013-09-09,9,high,low
37.8847,-120.1724,2013-08-24,Terra,MODIS,7.9,0,292.7,72,2013,8,2013-08-24,24,high,low
37.8848,-120.179,2013-08-25,Terra,MODIS,61.4,0,304.8,95,2013,8,2013-08-25,25,high,medium-high
37.8849,-119.7581,2013-08-28,Aqua,MODIS,331.7,0,307.9,75,2013,8,2013-08-28,28,high,high
37.8849,-119.7038,2013-09-08,Aqua,MODIS,79.1,0,285.0,100,2013,9,2013-09-08,8,high,medium-high
37.885,-119.7183,2013-08-31,Terra,MODIS,137.8,0,303.3,100,2013,8,2013-08-31,31,high,high
37.8852,-119.7419,2013-08-29,Terra,MODIS,74.8,0,291.4,100,2013,8,2013-08-29,29,high,medium-high
37.8853,-119.771,2013-08-26,Aqua,MODIS,17.2,0,300.2,56,2013,8,2013-08-26,26,medium,low
37.8853,-119.6954,2013-09-07,Terra,MODIS,83.5,0,284.8,100,2013,9,2013-09-07,7,high,medium-high
37.8854,-120.1695,2013-08-24,Aqua,MODIS,23.9,0,291.2,99,2013,8,2013-08-24,24,high,medium-low
37.8854,-119.9157,2013-08-22,Terra,MODIS,11.8,0,294.7,82,2013,8,2013-08-22,22,high,low
37.8854,-119.8339,2013-08-25,Terra,MODIS,398.7,0,313.4,100,2013,8,2013-08-25,25,high,high
37.8854,-119.7527,2013-08-28,Terra,MODIS,205.0,0,292.8,100,2013,8,2013-08-28,28,high,high
37.8855,-120.058,2013-08-22,Aqua,MODIS,343.2,0,316.3,100,2013,8,2013-08-22,22,high,high
37.8855,-119.7316,2013-08-28,Aqua,MODIS,33.0,0,283.6,98,2013,8,2013-08-28,28,high,medium-low
37.8855,-119.7207,2013-08-30,Aqua,MODIS,50.3,0,287.3,94,2013,8,2013-08-30,30,high,medium-high
37.8856,-119.7096,2013-08-31,Aqua,MODIS,94.5,0,290.1,100,2013,8,2013-08-31,31,high,medium-high
37.8857,-120.0414,2013-08-21,Aqua,MODIS,1067.3,0,317.7,94,2013,8,2013-08-21,21,high,high
37.8858,-120.0413,2013-08-21,Aqua,MODIS,27.4,0,291.1,94,2013,8,2013-08-21,21,high,medium-low
37.8858,-119.9098,2013-08-22,Aqua,MODIS,827.1,0,325.7,100,2013,8,2013-08-22,22,high,high
37.8859,-121.9103,2013-09-09,Terra,MODIS,252.8,0,308.6,100,2013,9,2013-09-09,9,high,high
37.8859,-119.7323,2013-08-29,Aqua,MODIS,124.5,0,299.5,92,2013,8,2013-08-29,29,high,high
37.8861,-119.7776,2013-08-27,Terra,MODIS,548.9,0,302.7,100,2013,8,2013-08-27,27,high,high
37.8862,-120.1405,2013-08-22,Terra,MODIS,7.7,0,294.3,72,2013,8,2013-08-22,22,high,low
37.8862,-119.9355,2013-08-22,Aqua,MODIS,539.7,0,326.7,100,2013,8,2013-08-22,22,high,high
37.8865,-119.9122,2013-08-22,Aqua,MODIS,70.1,0,294.6,100,2013,8,2013-08-22,22,high,medium-high
37.8865,-119.8232,2013-08-25,Aqua,MODIS,1381.8,0,297.8,100,2013,8,2013-08-25,25,high,high
37.8865,-119.7071,2013-08-31,Terra,MODIS,62.8,0,291.2,100,2013,8,2013-08-31,31,high,medium-high
37.8867,-120.1121,2013-08-22,Terra,MODIS,183.6,0,305.4,78,2013,8,2013-08-22,22,high,high
37.8867,-120.0953,2013-08-21,Aqua,MODIS,429.9,0,311.3,100,2013,8,2013-08-21,21,high,high
37.8867,-119.7276,2013-08-29,Terra,MODIS,15.9,0,285.3,75,2013,8,2013-08-29,29,high,low
37.8869,-120.1561,2013-08-22,Aqua,MODIS,56.5,0,308.7,88,2013,8,2013-08-22,22,high,medium-high
37.8869,-119.7394,2013-08-31,Aqua,MODIS,27.4,0,299.2,53,2013,8,2013-08-31,31,medium,medium-low
37.887,-120.1488,2013-08-22,Terra,MODIS,194.2,0,302.6,90,2013,8,2013-08-22,22,high,high
37.887,-119.8469,2013-08-25,Terra,MODIS,39.9,0,300.6,90,2013,8,2013-08-25,25,high,medium-low
37.8871,-119.744,2013-08-28,Aqua,MODIS,50.9,0,285.3,100,2013,8,2013-08-28,28,high,medium-high
37.8873,-120.0553,2013-08-22,Terra,MODIS,21.1,0,293.1,100,2013,8,2013-08-22,22,high,medium-low
37.8873,-119.7386,2013-08-30,Aqua,MODIS,123.0,0,293.1,100,2013,8,2013-08-30,30,high,high
37.8874,-119.744,2013-08-28,Aqua,MODIS,1699.2,0,343.5,94,2013,8,2013-08-28,28,high,high
37.8875,-119.8924,2013-08-22,Aqua,MODIS,109.8,0,308.4,96,2013,8,2013-08-22,22,high,medium-high
37.8875,-119.7822,2013-08-28,Terra,MODIS,30.9,0,285.4,52,2013,8,2013-08-28,28,medium,medium-low
37.8875,-119.7263,2013-08-31,Terra,MODIS,181.6,0,289.7,60,2013,8,2013-08-31,31,medium,high
37.8876,-120.1292,2013-08-22,Terra,MODIS,9.0,0,293.9,78,2013,8,2013-08-22,22,high,low
37.8876,-119.862,2013-08-25,Aqua,MODIS,443.5,0,293.0,94,2013,8,2013-08-25,25,high,high
37.8878,-120.1832,2013-08-24,Aqua,MODIS,28.9,0,289.7,100,2013,8,2013-08-24,24,high,medium-low
37.8878,-119.7313,2013-08-30,Aqua,MODIS,153.8,0,292.7,100,2013,8,2013-08-30,30,high,high
37.8878,-119.7193,2013-08-30,Terra,MODIS,375.2,0,306.5,100,2013,8,2013-08-30,30,high,high
37.8879,-121.8983,2013-09-09,Terra,MODIS,441.5,0,318.8,100,2013,9,2013-09-09,9,high,high
37.8879,-119.9175,2013-08-22,Aqua,MODIS,1021.9,0,333.0,100,2013,8,2013-08-22,22,high,high
37.8879,-119.7029,2013-09-01,Terra,MODIS,25.0,0,297.3,80,2013,9,2013-09-01,1,high,medium-low
37.888000000000005,-120.2051,2013-08-25,Terra,MODIS,30.3,0,300.0,84,2013,8,2013-08-25,25,high,medium-low
37.888000000000005,-119.7754,2013-08-25,Aqua,MODIS,402.5,0,290.1,85,2013,8,2013-08-25,25,high,high
37.888000000000005,-119.7725,2013-08-26,Aqua,MODIS,20.6,0,281.7,100,2013,8,2013-08-26,26,high,low
37.888000000000005,-119.7088,2013-08-30,Aqua,MODIS,253.2,0,301.8,100,2013,8,2013-08-30,30,high,high
37.8881,-120.04,2013-08-21,Terra,MODIS,36.4,0,290.9,83,2013,8,2013-08-21,21,high,medium-low
37.8882,-119.7994,2013-08-25,Aqua,MODIS,1947.1,0,306.0,100,2013,8,2013-08-25,25,high,high
37.8884,-119.7815,2013-08-25,Terra,MODIS,112.1,0,301.1,100,2013,8,2013-08-25,25,high,medium-high
37.8884,-119.7252,2013-08-31,Aqua,MODIS,104.5,0,305.8,99,2013,8,2013-08-31,31,high,medium-high
37.8885,-120.1404,2013-08-22,Aqua,MODIS,213.5,0,307.2,100,2013,8,2013-08-22,22,high,high
37.8886,-119.7253,2013-08-31,Aqua,MODIS,76.6,0,292.0,100,2013,8,2013-08-31,31,high,medium-high
37.8886,-119.7245,2013-09-01,Terra,MODIS,110.0,0,282.1,79,2013,9,2013-09-01,1,high,medium-high
37.8886,-119.7235,2013-08-28,Terra,MODIS,230.7,0,301.4,100,2013,8,2013-08-28,28,high,high
37.8888,-120.1025,2013-08-21,Aqua,MODIS,198.5,0,306.8,75,2013,8,2013-08-21,21,high,high
37.889,-120.1179,2013-08-22,Terra,MODIS,19.9,0,294.2,100,2013,8,2013-08-22,22,high,low
37.889,-120.0821,2013-08-21,Aqua,MODIS,13.8,0,292.8,81,2013,8,2013-08-21,21,high,low
37.8892,-119.8187,2013-08-25,Aqua,MODIS,1857.3,0,301.1,100,2013,8,2013-08-25,25,high,high
37.8893,-119.8442,2013-08-24,Aqua,MODIS,73.7,0,302.5,97,2013,8,2013-08-24,24,high,medium-high
37.8894,-120.2056,2013-08-26,Terra,MODIS,8.8,0,291.7,52,2013,8,2013-08-26,26,medium,low
37.8894,-120.1565,2013-08-22,Terra,MODIS,227.1,0,302.7,92,2013,8,2013-08-22,22,high,high
37.8894,-119.7943,2013-08-26,Terra,MODIS,263.1,0,299.0,100,2013,8,2013-08-26,26,high,high
37.8896,-119.9002,2013-08-22,Aqua,MODIS,674.3,0,317.2,100,2013,8,2013-08-22,22,high,high
37.8896,-119.7318,2013-08-28,Terra,MODIS,102.1,0,285.6,100,2013,8,2013-08-28,28,high,medium-high
37.8897,-120.0956,2013-08-21,Terra,MODIS,30.5,0,291.5,82,2013,8,2013-08-21,21,high,medium-low
37.8897,-119.7837,2013-08-26,Aqua,MODIS,140.2,0,296.4,100,2013,8,2013-08-26,26,high,high
37.8898,-121.8866,2013-09-09,Terra,MODIS,81.4,0,299.2,100,2013,9,2013-09-09,9,high,medium-high
37.8898,-119.7313,2013-08-30,Terra,MODIS,1238.6,0,327.7,100,2013,8,2013-08-30,30,high,high
37.8899,-120.1259,2013-08-22,Aqua,MODIS,69.6,0,302.8,73,2013,8,2013-08-22,22,high,medium-high
37.8899,-119.9281,2013-08-22,Terra,MODIS,648.3,0,306.2,100,2013,8,2013-08-22,22,high,high
37.8899,-119.7301,2013-08-28,Aqua,MODIS,493.5,0,312.2,100,2013,8,2013-08-28,28,high,high
37.8899,-119.7114,2013-08-31,Aqua,MODIS,496.2,0,311.8,100,2013,8,2013-08-31,31,high,high
37.89,-119.7941,2013-08-25,Terra,MODIS,1839.8,0,358.9,100,2013,8,2013-08-25,25,high,high
37.89,-119.7783,2013-08-27,Terra,MODIS,146.3,0,291.8,100,2013,8,2013-08-27,27,high,high
37.89,-119.7594,2013-08-26,Terra,MODIS,192.2,0,296.6,96,2013,8,2013-08-26,26,high,high
37.8902,-119.9546,2013-08-22,Terra,MODIS,46.7,0,298.9,100,2013,8,2013-08-22,22,high,medium-high
37.8902,-119.6817,2013-08-31,Terra,MODIS,207.7,0,289.2,62,2013,8,2013-08-31,31,medium,high
37.8904,-119.7404,2013-08-29,Aqua,MODIS,169.9,0,300.3,97,2013,8,2013-08-29,29,high,high
37.8904,-119.7138,2013-09-15,Aqua,MODIS,36.5,0,302.6,63,2013,9,2013-09-15,15,medium,medium-low
37.8905,-120.1062,2013-08-22,Terra,MODIS,12.1,0,293.3,80,2013,8,2013-08-22,22,high,low
37.8905,-120.0951,2013-08-21,Aqua,MODIS,25.0,0,293.6,98,2013,8,2013-08-21,21,high,medium-low
37.8906,-119.7392,2013-08-30,Aqua,MODIS,369.8,0,305.9,100,2013,8,2013-08-30,30,high,high
37.8907,-119.8323,2013-08-24,Aqua,MODIS,36.0,0,296.0,83,2013,8,2013-08-24,24,high,medium-low
37.8908,-120.2164,2013-08-25,Aqua,MODIS,128.4,0,302.4,67,2013,8,2013-08-25,25,medium,high
37.8908,-120.1697,2013-08-23,Terra,MODIS,18.0,0,305.6,69,2013,8,2013-08-23,23,medium,low
37.8908,-119.933,2013-08-22,Aqua,MODIS,116.5,0,295.1,100,2013,8,2013-08-22,22,high,medium-high
37.8908,-119.7957,2013-08-26,Aqua,MODIS,36.6,0,307.9,74,2013,8,2013-08-26,26,high,medium-low
37.8909,-119.9341,2013-08-22,Terra,MODIS,706.3,0,307.1,100,2013,8,2013-08-22,22,high,high
37.8909,-119.7706,2013-08-25,Aqua,MODIS,339.1,0,289.9,70,2013,8,2013-08-25,25,medium,high
37.8914,-120.2049,2013-08-23,Aqua,MODIS,80.5,0,306.8,61,2013,8,2013-08-23,23,medium,medium-high
37.8914,-119.7949,2013-08-26,Aqua,MODIS,18.0,0,288.0,100,2013,8,2013-08-26,26,high,low
37.8916,-119.8518,2013-08-25,Aqua,MODIS,229.4,0,279.7,76,2013,8,2013-08-25,25,high,high
37.8916,-119.8068,2013-08-25,Terra,MODIS,1274.5,0,333.8,100,2013,8,2013-08-25,25,high,high
37.8916,-119.7581,2013-08-27,Terra,MODIS,36.9,0,287.1,77,2013,8,2013-08-27,27,high,medium-low
37.8917,-119.9425,2013-08-22,Terra,MODIS,56.5,0,298.4,100,2013,8,2013-08-22,22,high,medium-high
37.8918,-119.7612,2013-08-27,Aqua,MODIS,95.6,0,284.8,52,2013,8,2013-08-27,27,medium,medium-high
37.8918,-119.7397,2013-08-28,Terra,MODIS,1146.7,0,313.4,94,2013,8,2013-08-28,28,high,high
37.8919,-120.1915,2013-08-26,Terra,MODIS,16.3,0,293.1,84,2013,8,2013-08-26,26,high,low
37.8919,-119.7802,2013-08-26,Terra,MODIS,247.5,0,293.6,100,2013,8,2013-08-26,26,high,high
37.8919,-119.7608,2013-08-28,Terra,MODIS,105.7,0,290.3,100,2013,8,2013-08-28,28,high,medium-high
37.8919,-119.7302,2013-09-01,Terra,MODIS,124.1,0,282.9,85,2013,9,2013-09-01,1,high,high
37.892,-120.094,2013-08-22,Terra,MODIS,13.4,0,293.0,91,2013,8,2013-08-22,22,high,low
37.8921,-120.1104,2013-08-21,Aqua,MODIS,9.6,0,293.0,67,2013,8,2013-08-21,21,medium,low
37.8921,-119.9661,2013-08-22,Terra,MODIS,207.3,0,305.6,93,2013,8,2013-08-22,22,high,high
37.8921,-119.7319,2013-08-29,Aqua,MODIS,77.1,0,288.0,70,2013,8,2013-08-29,29,medium,medium-high
37.8921,-119.7196,2013-08-29,Aqua,MODIS,219.7,0,304.9,100,2013,8,2013-08-29,29,high,high
37.8922,-119.676,2013-08-31,Terra,MODIS,210.4,0,288.5,81,2013,8,2013-08-31,31,high,high
37.8924,-119.7317,2013-08-31,Terra,MODIS,82.7,0,296.0,100,2013,8,2013-08-31,31,high,medium-high
37.8925,-119.7845,2013-08-26,Aqua,MODIS,591.7,0,332.6,100,2013,8,2013-08-26,26,high,high
37.8927,-119.7778,2013-08-26,Terra,MODIS,1419.5,0,311.5,100,2013,8,2013-08-26,26,high,high
37.8929,-121.8961,2013-09-09,Aqua,MODIS,8.1,0,296.4,60,2013,9,2013-09-09,9,medium,low
37.8929,-119.8331,2013-08-25,Terra,MODIS,279.5,0,289.9,100,2013,8,2013-08-25,25,high,high
37.893,-120.2235,2013-08-25,Aqua,MODIS,116.2,0,302.3,65,2013,8,2013-08-25,25,medium,medium-high
37.893,-120.0942,2013-08-22,Aqua,MODIS,347.6,0,317.2,100,2013,8,2013-08-22,22,high,high
37.893,-120.0622,2013-08-21,Aqua,MODIS,180.3,0,308.6,93,2013,8,2013-08-21,21,high,high
37.893,-119.7345,2013-08-29,Terra,MODIS,145.4,0,299.9,90,2013,8,2013-08-29,29,high,high
37.893,-119.6904,2013-08-31,Aqua,MODIS,59.9,0,285.9,100,2013,8,2013-08-31,31,high,medium-high
37.8931,-120.2143,2013-08-26,Aqua,MODIS,20.9,0,311.0,64,2013,8,2013-08-26,26,medium,medium-low
37.8931,-119.9306,2013-08-22,Terra,MODIS,36.9,0,295.7,100,2013,8,2013-08-22,22,high,medium-low
37.8931,-119.8268,2013-08-25,Terra,MODIS,327.9,0,289.9,100,2013,8,2013-08-25,25,high,high
37.8931,-119.8193,2013-08-25,Terra,MODIS,695.1,0,317.4,100,2013,8,2013-08-25,25,high,high
37.8935,-120.1749,2013-08-24,Terra,MODIS,11.1,0,293.0,86,2013,8,2013-08-24,24,high,low
37.8936,-120.0808,2013-08-22,Terra,MODIS,11.5,0,293.6,86,2013,8,2013-08-22,22,high,low
37.8936,-119.7379,2013-08-30,Terra,MODIS,189.8,0,291.6,100,2013,8,2013-08-30,30,high,high
37.8937,-119.7579,2013-08-29,Terra,MODIS,60.6,0,293.1,100,2013,8,2013-08-29,29,high,medium-high
37.8939,-119.7203,2013-08-31,Terra,MODIS,464.8,0,312.8,100,2013,8,2013-08-31,31,high,high
37.894,-121.8951,2013-09-09,Terra,MODIS,52.0,0,307.9,66,2013,9,2013-09-09,9,medium,medium-high
37.894,-119.7268,2013-08-31,Terra,MODIS,328.2,0,292.3,92,2013,8,2013-08-31,31,high,high
37.8941,-119.7732,2013-08-26,Aqua,MODIS,809.1,0,322.2,100,2013,8,2013-08-26,26,high,high
37.8942,-120.2057,2013-08-26,Terra,MODIS,39.8,0,302.9,53,2013,8,2013-08-26,26,medium,medium-low
37.8944,-120.1777,2013-08-26,Terra,MODIS,17.1,0,293.1,87,2013,8,2013-08-26,26,high,low
37.8945,-120.2116,2013-08-26,Terra,MODIS,37.4,0,303.1,70,2013,8,2013-08-26,26,medium,medium-low
37.8945,-120.1784,2013-08-25,Terra,MODIS,29.1,0,301.9,64,2013,8,2013-08-25,25,medium,medium-low
37.8946,-119.8318,2013-08-26,Aqua,MODIS,25.1,0,303.0,50,2013,8,2013-08-26,26,medium,medium-low
37.8947,-119.832,2013-08-25,Terra,MODIS,416.0,0,310.2,100,2013,8,2013-08-25,25,high,high
37.8947,-119.8014,2013-08-25,Terra,MODIS,129.1,0,285.3,100,2013,8,2013-08-25,25,high,high
37.8949,-120.0749,2013-08-22,Aqua,MODIS,433.6,0,316.6,100,2013,8,2013-08-22,22,high,high
37.8949,-119.782,2013-08-26,Terra,MODIS,1592.4,0,315.0,100,2013,8,2013-08-26,26,high,high
37.895,-119.7182,2013-08-30,Aqua,MODIS,328.0,0,302.2,100,2013,8,2013-08-30,30,high,high
37.8951,-119.7572,2013-08-27,Terra,MODIS,136.6,0,295.1,99,2013,8,2013-08-27,27,high,high
37.8951,-119.7111,2013-08-29,Terra,MODIS,283.3,0,302.4,100,2013,8,2013-08-29,29,high,high
37.8952,-120.2216,2013-08-27,Terra,MODIS,12.2,0,292.6,52,2013,8,2013-08-27,27,medium,low
37.8952,-119.7438,2013-08-29,Terra,MODIS,96.6,0,297.9,100,2013,8,2013-08-29,29,high,medium-high
37.8952,-119.7335,2013-08-30,Aqua,MODIS,168.3,0,297.4,98,2013,8,2013-08-30,30,high,high
37.8953,-119.7824,2013-08-25,Aqua,MODIS,186.8,0,285.5,100,2013,8,2013-08-25,25,high,high
37.8954,-119.7091,2013-08-31,Terra,MODIS,231.7,0,296.0,100,2013,8,2013-08-31,31,high,high
37.896,-119.8112,2013-08-25,Aqua,MODIS,916.8,0,294.7,100,2013,8,2013-08-25,25,high,high
37.8963,-119.7396,2013-08-28,Terra,MODIS,46.3,0,286.4,100,2013,8,2013-08-28,28,high,medium-low
37.8963,-119.7181,2013-08-30,Aqua,MODIS,34.8,0,288.4,77,2013,8,2013-08-30,30,high,medium-low
37.8963,-119.7069,2013-08-31,Aqua,MODIS,992.8,0,309.1,100,2013,8,2013-08-31,31,high,high
37.8964,-120.0596,2013-08-22,Aqua,MODIS,561.7,0,320.8,100,2013,8,2013-08-22,22,high,high
37.8964,-120.0445,2013-08-21,Aqua,MODIS,3024.9,0,400.1,94,2013,8,2013-08-21,21,high,high
37.8964,-119.7421,2013-08-28,Aqua,MODIS,39.8,0,286.0,100,2013,8,2013-08-28,28,high,medium-low
37.8965,-119.745,2013-08-30,Terra,MODIS,88.8,0,291.1,100,2013,8,2013-08-30,30,high,medium-high
37.8966,-120.0572,2013-08-22,Terra,MODIS,13.3,0,291.2,92,2013,8,2013-08-22,22,high,low
37.8968,-119.757,2013-08-28,Terra,MODIS,222.5,0,290.3,100,2013,8,2013-08-28,28,high,high
37.8968,-119.7299,2013-08-29,Terra,MODIS,57.1,0,291.4,100,2013,8,2013-08-29,29,high,medium-high
37.897,-119.7757,2013-08-27,Terra,MODIS,111.5,0,297.4,96,2013,8,2013-08-27,27,high,medium-high
37.897,-119.7172,2013-08-30,Terra,MODIS,55.4,0,297.4,94,2013,8,2013-08-30,30,high,medium-high
37.8971,-120.1789,2013-08-23,Aqua,MODIS,132.4,0,306.5,70,2013,8,2013-08-23,23,medium,high
37.8971,-119.747,2013-08-28,Aqua,MODIS,341.2,0,306.0,94,2013,8,2013-08-28,28,high,high
37.8972,-121.9006,2013-09-09,Terra,MODIS,27.9,0,295.9,100,2013,9,2013-09-09,9,high,medium-low
37.8972,-119.9362,2013-08-22,Aqua,MODIS,61.1,0,308.6,90,2013,8,2013-08-22,22,high,medium-high
37.8975,-119.741,2013-08-29,Terra,MODIS,262.0,0,300.1,99,2013,8,2013-08-29,29,high,high
37.8976,-120.1595,2013-08-22,Aqua,MODIS,166.2,0,310.2,100,2013,8,2013-08-22,22,high,high
37.8977,-119.8207,2013-08-25,Aqua,MODIS,738.2,0,293.1,100,2013,8,2013-08-25,25,high,high
37.8977,-119.7998,2013-08-26,Terra,MODIS,218.9,0,304.1,98,2013,8,2013-08-26,26,high,high
37.8977,-119.7796,2013-08-25,Terra,MODIS,42.3,0,295.2,60,2013,8,2013-08-25,25,medium,medium-low
37.8979,-120.07,2013-08-22,Terra,MODIS,204.5,0,301.7,74,2013,8,2013-08-22,22,high,high
37.8979,-119.7549,2013-08-28,Aqua,MODIS,67.9,0,287.1,100,2013,8,2013-08-28,28,high,medium-high
37.898,-120.0432,2013-08-22,Aqua,MODIS,47.4,0,312.4,89,2013,8,2013-08-22,22,high,medium-high
37.8982,-119.8518,2013-08-25,Aqua,MODIS,77.7,0,288.7,79,2013,8,2013-08-25,25,high,medium-high
37.8982,-119.7366,2013-08-30,Aqua,MODIS,36.7,0,289.8,88,2013,8,2013-08-30,30,high,medium-low
37.8984,-119.7274,2013-08-31,Aqua,MODIS,173.7,0,301.8,100,2013,8,2013-08-31,31,high,high
37.8986,-119.7815,2013-08-26,Aqua,MODIS,43.2,0,287.1,96,2013,8,2013-08-26,26,high,medium-low
37.8987,-120.0521,2013-08-21,Aqua,MODIS,1072.3,0,328.2,100,2013,8,2013-08-21,21,high,high
37.8987,-119.9213,2013-08-22,Aqua,MODIS,230.2,0,315.8,100,2013,8,2013-08-22,22,high,high
37.8987,-119.729,2013-08-30,Aqua,MODIS,61.7,0,290.6,100,2013,8,2013-08-30,30,high,medium-high
37.8988,-119.9123,2013-08-22,Aqua,MODIS,85.7,0,292.8,100,2013,8,2013-08-22,22,high,medium-high
37.899,-120.1449,2013-08-22,Aqua,MODIS,124.8,0,304.4,99,2013,8,2013-08-22,22,high,high
37.899,-119.7291,2013-08-30,Terra,MODIS,78.2,0,299.8,98,2013,8,2013-08-30,30,high,medium-high
37.8992,-121.8891,2013-09-09,Terra,MODIS,38.3,0,297.5,100,2013,9,2013-09-09,9,high,medium-low
37.8992,-120.2092,2013-08-26,Terra,MODIS,8.5,0,292.4,59,2013,8,2013-08-26,26,medium,low
37.8993,-119.7226,2013-08-31,Aqua,MODIS,205.7,0,293.6,100,2013,8,2013-08-31,31,high,high
37.8994,-119.7124,2013-08-30,Aqua,MODIS,211.6,0,300.0,98,2013,8,2013-08-30,30,high,high
37.8995,-120.2013,2013-08-24,Aqua,MODIS,38.7,0,317.5,83,2013,8,2013-08-24,24,high,medium-low
37.8995,-119.9564,2013-08-22,Terra,MODIS,20.8,0,301.5,81,2013,8,2013-08-22,22,high,medium-low
37.8995,-119.7176,2013-09-01,Terra,MODIS,43.6,0,298.8,92,2013,9,2013-09-01,1,high,medium-low
37.8996,-120.2129,2013-08-23,Aqua,MODIS,159.3,0,307.5,92,2013,8,2013-08-23,23,high,high
37.8996,-120.075,2013-08-22,Terra,MODIS,262.8,0,302.1,90,2013,8,2013-08-22,22,high,high
37.8996,-119.7328,2013-08-28,Aqua,MODIS,142.1,0,300.3,100,2013,8,2013-08-28,28,high,high
37.8997,-120.1079,2013-08-22,Terra,MODIS,17.5,0,292.6,97,2013,8,2013-08-22,22,high,low
37.8997,-120.1029,2013-08-22,Terra,MODIS,175.5,0,302.8,73,2013,8,2013-08-22,22,high,high
37.8997,-119.8037,2013-08-26,Terra,MODIS,96.6,0,302.6,84,2013,8,2013-08-26,26,high,medium-high
37.9,-119.7133,2013-08-31,Aqua,MODIS,117.6,0,298.8,100,2013,8,2013-08-31,31,high,medium-high
37.9001,-119.9061,2013-08-22,Aqua,MODIS,702.4,0,319.8,100,2013,8,2013-08-22,22,high,high
37.9002,-120.1098,2013-08-23,Terra,MODIS,14.3,0,305.1,57,2013,8,2013-08-23,23,medium,low
37.9003,-119.7927,2013-08-26,Aqua,MODIS,12.8,0,287.7,54,2013,8,2013-08-26,26,medium,low
37.9006,-120.0978,2013-08-22,Aqua,MODIS,46.1,0,293.2,82,2013,8,2013-08-22,22,high,medium-low
37.901,-119.9924,2013-12-21,Aqua,MODIS,25.9,0,288.8,81,2013,12,2013-12-21,21,high,medium-low
37.901,-119.9442,2013-08-22,Terra,MODIS,50.6,0,303.5,100,2013,8,2013-08-22,22,high,medium-high
37.901,-119.7359,2013-08-28,Terra,MODIS,37.6,0,286.1,68,2013,8,2013-08-28,28,medium,medium-low
37.9011,-119.7053,2013-08-30,Terra,MODIS,65.1,0,287.7,84,2013,8,2013-08-30,30,high,medium-high
37.9012,-120.0959,2013-08-22,Terra,MODIS,78.4,0,296.7,100,2013,8,2013-08-22,22,high,medium-high
37.9013,-119.7866,2013-08-26,Aqua,MODIS,669.9,0,329.6,100,2013,8,2013-08-26,26,high,high
37.9013,-119.7336,2013-08-31,Terra,MODIS,21.0,0,288.8,100,2013,8,2013-08-31,31,high,medium-low
37.9014,-120.1789,2013-08-23,Terra,MODIS,33.6,0,310.7,88,2013,8,2013-08-23,23,high,medium-low
37.9015,-119.7831,2013-08-26,Terra,MODIS,51.1,0,288.1,69,2013,8,2013-08-26,26,medium,medium-high
37.9015,-119.7202,2013-09-02,Terra,MODIS,16.2,0,285.0,92,2013,9,2013-09-02,2,high,low
37.9016,-121.8953,2013-09-09,Terra,MODIS,67.4,0,306.7,81,2013,9,2013-09-09,9,high,medium-high
37.9017,-120.1095,2013-08-22,Terra,MODIS,116.0,0,301.7,61,2013,8,2013-08-22,22,medium,medium-high
37.9017,-119.8891,2013-08-22,Aqua,MODIS,254.9,0,308.5,100,2013,8,2013-08-22,22,high,high
37.9017,-119.7899,2013-08-26,Terra,MODIS,47.6,0,290.8,86,2013,8,2013-08-26,26,high,medium-high
37.9017,-119.7255,2013-08-31,Terra,MODIS,334.3,0,289.8,65,2013,8,2013-08-31,31,medium,high
37.9019,-121.8932,2013-09-09,Aqua,MODIS,10.5,0,296.6,61,2013,9,2013-09-09,9,medium,low
37.9019,-120.1427,2013-08-22,Terra,MODIS,197.9,0,301.3,89,2013,8,2013-08-22,22,high,high
37.9019,-120.121,2013-08-23,Terra,MODIS,19.9,0,305.3,70,2013,8,2013-08-23,23,medium,low
37.9019,-120.0354,2013-08-21,Aqua,MODIS,1997.3,0,335.6,94,2013,8,2013-08-21,21,high,high
37.902,-119.7531,2013-08-27,Aqua,MODIS,104.0,0,285.9,68,2013,8,2013-08-27,27,medium,medium-high
37.9022,-120.1123,2013-08-22,Aqua,MODIS,40.8,0,305.0,67,2013,8,2013-08-22,22,medium,medium-low
37.9022,-119.9288,2013-08-22,Aqua,MODIS,202.9,0,296.9,100,2013,8,2013-08-22,22,high,high
37.9022,-119.7796,2013-08-27,Terra,MODIS,123.2,0,293.0,100,2013,8,2013-08-27,27,high,high
37.9023,-119.8088,2013-08-25,Aqua,MODIS,1770.9,0,296.4,94,2013,8,2013-08-25,25,high,high
37.9025,-119.9319,2013-08-22,Terra,MODIS,47.1,0,298.8,100,2013,8,2013-08-22,22,high,medium-high
37.9025,-119.8849,2013-08-22,Terra,MODIS,356.2,0,302.0,99,2013,8,2013-08-22,22,high,high
37.9025,-119.7544,2013-08-26,Terra,MODIS,31.1,0,291.7,56,2013,8,2013-08-26,26,medium,medium-low
37.9026,-120.2371,2013-08-27,Aqua,MODIS,183.0,0,305.1,91,2013,8,2013-08-27,27,high,high
37.9026,-120.2345,2013-08-28,Aqua,MODIS,38.5,0,312.4,85,2013,8,2013-08-28,28,high,medium-low
37.9026,-120.008,2013-08-22,Terra,MODIS,9.3,0,295.7,80,2013,8,2013-08-22,22,high,low
37.9026,-119.8181,2013-08-25,Terra,MODIS,192.1,0,298.4,94,2013,8,2013-08-25,25,high,high
37.9027,-119.7413,2013-08-29,Aqua,MODIS,299.2,0,303.6,100,2013,8,2013-08-29,29,high,high
37.9028,-120.0834,2013-08-22,Terra,MODIS,39.0,0,295.1,100,2013,8,2013-08-22,22,high,medium-low
37.9028,-119.8224,2013-08-26,Terra,MODIS,38.8,0,300.1,51,2013,8,2013-08-26,26,medium,medium-low
37.9029,-119.7223,2013-08-31,Terra,MODIS,66.5,0,290.5,100,2013,8,2013-08-31,31,high,medium-high
37.903,-120.2311,2013-08-28,Aqua,MODIS,11.4,0,292.5,80,2013,8,2013-08-28,28,high,low
37.903,-119.7753,2013-08-26,Aqua,MODIS,908.6,0,322.2,100,2013,8,2013-08-26,26,high,high
37.9031,-120.1901,2013-08-23,Terra,MODIS,172.5,0,314.7,100,2013,8,2013-08-23,23,high,high
37.9032,-119.8908,2013-08-22,Terra,MODIS,584.8,0,302.7,100,2013,8,2013-08-22,22,high,high
37.9032,-119.7654,2013-08-28,Terra,MODIS,101.9,0,283.8,100,2013,8,2013-08-28,28,high,medium-high
37.9035,-119.8137,2013-08-30,Terra,MODIS,17.4,0,299.5,70,2013,8,2013-08-30,30,medium,low
37.9035,-119.6923,2013-08-30,Aqua,MODIS,77.2,0,297.2,81,2013,8,2013-08-30,30,high,medium-high
37.9036,-120.2413,2013-08-27,Aqua,MODIS,130.2,0,304.7,87,2013,8,2013-08-27,27,high,high
37.9036,-119.6869,2013-08-31,Aqua,MODIS,26.1,0,284.3,82,2013,8,2013-08-31,31,high,medium-low
37.9038,-120.0964,2013-08-22,Aqua,MODIS,92.9,0,310.0,94,2013,8,2013-08-22,22,high,medium-high
37.9039,-119.7589,2013-08-27,Terra,MODIS,183.2,0,291.3,100,2013,8,2013-08-27,27,high,high
37.904,-120.1477,2013-08-23,Aqua,MODIS,147.6,0,303.6,93,2013,8,2013-08-23,23,high,high
37.9041,-119.8306,2013-08-25,Terra,MODIS,34.5,0,292.1,88,2013,8,2013-08-25,25,high,medium-low
37.9041,-119.7202,2013-08-31,Terra,MODIS,377.7,0,289.7,69,2013,8,2013-08-31,31,medium,high
37.9042,-119.9957,2013-08-22,Terra,MODIS,12.8,0,297.5,93,2013,8,2013-08-22,22,high,low
37.9042,-119.7376,2013-08-27,Terra,MODIS,116.3,0,293.3,91,2013,8,2013-08-27,27,high,medium-high
37.9042,-119.7028,2013-08-30,Terra,MODIS,81.5,0,301.9,99,2013,8,2013-08-30,30,high,medium-high
37.9043,-119.7757,2013-08-26,Terra,MODIS,11.4,0,284.6,63,2013,8,2013-08-26,26,medium,low
37.9043,-119.7124,2013-08-30,Terra,MODIS,159.5,0,291.8,100,2013,8,2013-08-30,30,high,high
37.9043,-119.7041,2013-08-29,Terra,MODIS,266.5,0,300.7,99,2013,8,2013-08-29,29,high,high
37.9044,-119.7208,2013-08-29,Aqua,MODIS,1861.9,0,316.8,100,2013,8,2013-08-29,29,high,high
37.9044,-119.7109,2013-08-31,Terra,MODIS,18.1,0,288.5,100,2013,8,2013-08-31,31,high,low
37.9045,-120.2076,2013-08-27,Aqua,MODIS,167.7,0,304.2,90,2013,8,2013-08-27,27,high,high
37.9045,-119.82,2013-08-25,Aqua,MODIS,3772.6,0,304.6,100,2013,8,2013-08-25,25,high,high
37.9046,-120.208,2013-08-23,Aqua,MODIS,164.5,0,304.8,92,2013,8,2013-08-23,23,high,high
37.9047,-119.8267,2013-08-25,Aqua,MODIS,2145.4,0,304.1,100,2013,8,2013-08-25,25,high,high
37.9047,-119.8266,2013-08-26,Terra,MODIS,30.6,0,299.3,62,2013,8,2013-08-26,26,medium,medium-low
37.9048,-119.925,2013-08-22,Terra,MODIS,2138.9,0,307.9,100,2013,8,2013-08-22,22,high,high
37.9048,-119.7275,2013-08-29,Aqua,MODIS,106.3,0,289.3,100,2013,8,2013-08-29,29,high,medium-high
37.905,-120.179,2013-08-23,Terra,MODIS,127.9,0,291.8,93,2013,8,2013-08-23,23,high,high
37.9053,-120.2117,2013-08-27,Aqua,MODIS,193.3,0,304.5,92,2013,8,2013-08-27,27,high,high
37.9053,-120.1033,2013-08-22,Aqua,MODIS,33.4,0,292.8,55,2013,8,2013-08-22,22,medium,medium-low
37.9053,-119.7733,2013-08-26,Terra,MODIS,673.6,0,303.0,100,2013,8,2013-08-26,26,high,high
37.9054,-119.7451,2013-08-29,Terra,MODIS,93.9,0,295.3,100,2013,8,2013-08-29,29,high,medium-high
37.9055,-119.8256,2013-08-30,Terra,MODIS,293.0,0,308.5,100,2013,8,2013-08-30,30,high,high
37.9056,-120.0779,2013-08-22,Aqua,MODIS,123.7,0,307.8,99,2013,8,2013-08-22,22,high,high
37.9056,-119.9837,2013-08-22,Terra,MODIS,22.8,0,299.7,72,2013,8,2013-08-22,22,high,medium-low
37.9057,-119.7405,2013-08-28,Aqua,MODIS,21.9,0,284.1,94,2013,8,2013-08-28,28,high,medium-low
37.9058,-120.1241,2013-08-23,Aqua,MODIS,418.1,0,304.5,100,2013,8,2013-08-23,23,high,high
37.9058,-119.9314,2013-08-22,Terra,MODIS,1579.2,0,309.0,100,2013,8,2013-08-22,22,high,high
37.9058,-119.7013,2013-09-04,Terra,MODIS,11.7,0,284.4,52,2013,9,2013-09-04,4,medium,low
37.9059,-120.1858,2013-08-23,Terra,MODIS,122.8,0,291.7,90,2013,8,2013-08-23,23,high,high
37.9059,-119.6996,2013-08-31,Terra,MODIS,51.5,0,290.8,100,2013,8,2013-08-31,31,high,medium-high
37.906,-119.7812,2013-08-25,Aqua,MODIS,1473.8,0,292.2,71,2013,8,2013-08-25,25,high,high
37.906,-119.7746,2013-08-25,Aqua,MODIS,1372.7,0,289.5,82,2013,8,2013-08-25,25,high,high
37.9061,-119.6999,2013-08-29,Aqua,MODIS,127.4,0,301.0,92,2013,8,2013-08-29,29,high,high
37.9062,-119.8218,2013-08-26,Terra,MODIS,27.1,0,289.7,68,2013,8,2013-08-26,26,medium,medium-low
37.9062,-119.7561,2013-08-27,Terra,MODIS,1151.9,0,307.0,100,2013,8,2013-08-27,27,high,high
37.9062,-119.7229,2013-08-30,Aqua,MODIS,209.9,0,299.5,100,2013,8,2013-08-30,30,high,high
37.9062,-119.7146,2013-08-30,Terra,MODIS,110.4,0,299.8,100,2013,8,2013-08-30,30,high,medium-high
37.9062,-119.6915,2013-08-30,Aqua,MODIS,93.8,0,286.2,100,2013,8,2013-08-30,30,high,medium-high
37.9064,-120.1829,2013-08-23,Aqua,MODIS,356.4,0,304.6,100,2013,8,2013-08-23,23,high,high
37.9064,-119.7335,2013-08-29,Terra,MODIS,537.6,0,302.9,100,2013,8,2013-08-29,29,high,high
37.9067,-119.8181,2013-08-31,Aqua,MODIS,11.1,0,288.4,54,2013,8,2013-08-31,31,medium,low
37.9068,-119.8115,2013-08-26,Aqua,MODIS,58.5,0,304.0,96,2013,8,2013-08-26,26,high,medium-high
37.9068,-119.7032,2013-08-31,Aqua,MODIS,22.9,0,286.0,89,2013,8,2013-08-31,31,high,medium-low
37.9069,-120.2008,2013-08-25,Terra,MODIS,26.4,0,304.6,50,2013,8,2013-08-25,25,medium,medium-low
37.9069,-120.1546,2013-08-23,Terra,MODIS,33.1,0,303.2,89,2013,8,2013-08-23,23,high,medium-low
37.9069,-119.9614,2013-08-22,Terra,MODIS,125.5,0,304.0,88,2013,8,2013-08-22,22,high,high
37.9069,-119.7448,2013-08-30,Terra,MODIS,59.3,0,290.1,92,2013,8,2013-08-30,30,high,medium-high
37.9069,-119.7311,2013-08-29,Terra,MODIS,115.6,0,293.5,100,2013,8,2013-08-29,29,high,medium-high
37.9071,-120.0477,2013-08-21,Aqua,MODIS,1677.8,0,306.9,100,2013,8,2013-08-21,21,high,high
37.9071,-119.8276,2013-08-31,Terra,MODIS,26.2,0,292.3,100,2013,8,2013-08-31,31,high,medium-low
37.9072,-120.061,2013-08-22,Aqua,MODIS,124.9,0,307.2,100,2013,8,2013-08-22,22,high,high
37.9072,-119.971,2013-08-22,Terra,MODIS,21.1,0,301.1,79,2013,8,2013-08-22,22,high,medium-low
37.9073,-120.047,2013-08-22,Terra,MODIS,42.0,0,294.5,100,2013,8,2013-08-22,22,high,medium-low
37.9073,-119.7531,2013-08-28,Aqua,MODIS,41.3,0,288.7,92,2013,8,2013-08-28,28,high,medium-low
37.9073,-119.7011,2013-09-04,Aqua,MODIS,8.2,0,282.5,58,2013,9,2013-09-04,4,medium,low
37.9074,-119.8372,2013-08-30,Terra,MODIS,16.7,0,299.7,67,2013,8,2013-08-30,30,medium,low
37.9075,-120.0728,2013-08-22,Aqua,MODIS,54.4,0,293.0,61,2013,8,2013-08-22,22,medium,medium-high
37.9075,-119.7794,2013-08-26,Aqua,MODIS,53.8,0,287.3,100,2013,8,2013-08-26,26,high,medium-high
37.9075,-119.6982,2013-09-08,Terra,MODIS,16.7,0,300.1,60,2013,9,2013-09-08,8,medium,low
37.9076,-119.7774,2013-08-26,Terra,MODIS,415.3,0,301.9,100,2013,8,2013-08-26,26,high,high
37.9076,-119.7493,2013-08-27,Terra,MODIS,1404.7,0,305.6,94,2013,8,2013-08-27,27,high,high
37.9076,-119.7444,2013-08-28,Terra,MODIS,157.6,0,291.2,100,2013,8,2013-08-28,28,high,high
37.9077,-120.2143,2013-08-26,Aqua,MODIS,15.8,0,290.6,95,2013,8,2013-08-26,26,high,low
37.9079,-119.8308,2013-08-30,Aqua,MODIS,11.6,0,291.4,54,2013,8,2013-08-30,30,medium,low
37.9079,-119.8235,2013-08-30,Aqua,MODIS,11.1,0,290.2,50,2013,8,2013-08-30,30,medium,low
37.9079,-119.822,2013-09-11,Terra,MODIS,15.9,0,290.1,84,2013,9,2013-09-11,11,high,low
37.9079,-119.7095,2013-08-30,Aqua,MODIS,86.3,0,291.8,100,2013,8,2013-08-30,30,high,medium-high
37.908,-119.9393,2013-08-22,Aqua,MODIS,78.4,0,310.2,94,2013,8,2013-08-22,22,high,medium-high
37.908,-119.8306,2013-08-25,Terra,MODIS,45.8,0,287.7,57,2013,8,2013-08-25,25,medium,medium-low
37.908,-119.7744,2013-08-27,Terra,MODIS,66.2,0,295.6,89,2013,8,2013-08-27,27,high,medium-high
37.9081,-119.7616,2013-08-28,Terra,MODIS,62.1,0,283.4,100,2013,8,2013-08-28,28,high,medium-high
37.9081,-119.7265,2013-08-30,Terra,MODIS,31.5,0,296.1,71,2013,8,2013-08-30,30,high,medium-low
37.9083,-119.8032,2013-09-09,Aqua,MODIS,21.8,0,308.1,76,2013,9,2013-09-09,9,high,medium-low
37.9084,-120.0646,2013-08-23,Aqua,MODIS,71.4,0,303.6,73,2013,8,2013-08-23,23,high,medium-high
37.9085,-119.8937,2013-08-23,Terra,MODIS,108.7,0,293.6,50,2013,8,2013-08-23,23,medium,medium-high
37.9085,-119.8002,2013-08-26,Aqua,MODIS,49.7,0,304.3,94,2013,8,2013-08-26,26,high,medium-high
37.9086,-120.1657,2013-08-23,Terra,MODIS,106.7,0,306.4,100,2013,8,2013-08-23,23,high,medium-high
37.9087,-119.9589,2013-08-22,Terra,MODIS,32.1,0,303.0,100,2013,8,2013-08-22,22,high,medium-low
37.9087,-119.8162,2013-08-31,Terra,MODIS,19.8,0,290.5,100,2013,8,2013-08-31,31,high,low
37.9087,-119.8079,2013-08-26,Terra,MODIS,35.4,0,292.1,75,2013,8,2013-08-26,26,high,medium-low
37.9088,-120.045,2013-08-22,Aqua,MODIS,102.5,0,307.7,98,2013,8,2013-08-22,22,high,medium-high
37.9091,-120.1078,2013-08-23,Terra,MODIS,57.2,0,305.1,96,2013,8,2013-08-23,23,high,medium-high
37.9092,-120.0558,2013-08-21,Aqua,MODIS,298.4,0,297.4,94,2013,8,2013-08-21,21,high,high
37.9092,-119.7905,2013-08-26,Aqua,MODIS,19.8,0,288.5,65,2013,8,2013-08-26,26,medium,low
37.9092,-119.7359,2013-08-28,Aqua,MODIS,138.1,0,305.0,92,2013,8,2013-08-28,28,high,high
37.9092,-119.7093,2013-09-08,Terra,MODIS,18.0,0,303.4,63,2013,9,2013-09-08,8,medium,low
37.9094,-119.7679,2013-08-27,Terra,MODIS,492.9,0,300.3,100,2013,8,2013-08-27,27,high,high
37.9097,-119.7278,2013-08-30,Aqua,MODIS,35.2,0,289.9,74,2013,8,2013-08-30,30,high,medium-low
37.9098,-119.9214,2013-08-22,Aqua,MODIS,203.8,0,314.6,100,2013,8,2013-08-22,22,high,high
37.9098,-119.7171,2013-08-28,Terra,MODIS,50.5,0,296.9,69,2013,8,2013-08-28,28,medium,medium-high
37.9099,-119.9838,2013-12-28,Terra,MODIS,15.6,0,274.6,77,2013,12,2013-12-28,28,high,low
37.91,-120.12,2013-08-23,Aqua,MODIS,460.4,0,303.2,100,2013,8,2013-08-23,23,high,high
37.91,-119.7027,2013-08-29,Terra,MODIS,32.4,0,286.3,94,2013,8,2013-08-29,29,high,medium-low
37.9101,-119.9472,2013-08-22,Terra,MODIS,45.7,0,304.3,100,2013,8,2013-08-22,22,high,medium-low
37.9102,-120.0311,2013-08-21,Aqua,MODIS,1010.7,0,298.3,94,2013,8,2013-08-21,21,high,high
37.9102,-119.7888,2013-08-26,Aqua,MODIS,147.7,0,308.1,100,2013,8,2013-08-26,26,high,high
37.9103,-119.7953,2013-08-26,Terra,MODIS,222.4,0,301.2,98,2013,8,2013-08-26,26,high,high
37.9104,-120.0224,2013-08-22,Terra,MODIS,14.0,0,296.8,71,2013,8,2013-08-22,22,high,low
37.9104,-119.8079,2013-09-11,Terra,MODIS,21.8,0,290.1,94,2013,9,2013-09-11,11,high,medium-low
37.9105,-119.8116,2013-09-10,Terra,MODIS,26.2,0,305.2,82,2013,9,2013-09-10,10,high,medium-low
37.9105,-119.7022,2013-08-30,Aqua,MODIS,355.5,0,300.9,100,2013,8,2013-08-30,30,high,high
37.9107,-119.7172,2013-08-30,Aqua,MODIS,229.8,0,299.0,100,2013,8,2013-08-30,30,high,high
37.9108,-120.1189,2013-08-23,Terra,MODIS,86.5,0,306.8,100,2013,8,2013-08-23,23,high,medium-high
37.9109,-119.8016,2013-08-26,Aqua,MODIS,19.4,0,290.3,83,2013,8,2013-08-26,26,high,low
37.9111,-119.8144,2013-08-25,Aqua,MODIS,87.1,0,286.2,87,2013,8,2013-08-25,25,high,medium-high
37.9111,-119.8131,2013-09-11,Aqua,MODIS,9.9,0,287.6,74,2013,9,2013-09-11,11,high,low
37.9112,-120.178,2013-08-23,Aqua,MODIS,213.3,0,300.5,96,2013,8,2013-08-23,23,high,high
37.9112,-120.1195,2013-08-24,Terra,MODIS,12.7,0,292.2,78,2013,8,2013-08-24,24,high,low
37.9112,-120.0608,2013-08-23,Terra,MODIS,18.7,0,306.2,85,2013,8,2013-08-23,23,high,low
37.9113,-120.032,2013-08-22,Aqua,MODIS,51.5,0,292.3,54,2013,8,2013-08-22,22,medium,medium-high
37.9113,-119.9054,2013-08-22,Aqua,MODIS,396.1,0,316.8,100,2013,8,2013-08-22,22,high,high
37.9114,-119.7931,2013-08-26,Terra,MODIS,121.4,0,296.2,100,2013,8,2013-08-26,26,high,high
37.9115,-120.1786,2013-08-24,Terra,MODIS,37.3,0,293.8,100,2013,8,2013-08-24,24,high,medium-low
37.9116,-119.7219,2013-08-28,Aqua,MODIS,355.6,0,309.9,100,2013,8,2013-08-28,28,high,high
37.9117,-119.9343,2013-08-22,Terra,MODIS,86.3,0,299.8,100,2013,8,2013-08-22,22,high,medium-high
37.9117,-119.6869,2013-08-29,Terra,MODIS,21.8,0,288.2,90,2013,8,2013-08-29,29,high,medium-low
37.9118,-119.7241,2013-08-31,Terra,MODIS,12.7,0,288.6,83,2013,8,2013-08-31,31,high,low
37.9119,-120.0102,2013-08-22,Terra,MODIS,18.2,0,298.0,100,2013,8,2013-08-22,22,high,low
37.9119,-119.7775,2013-08-26,Aqua,MODIS,330.0,0,313.2,100,2013,8,2013-08-26,26,high,high
37.9119,-119.7234,2013-08-28,Terra,MODIS,76.2,0,287.7,100,2013,8,2013-08-28,28,high,medium-high
37.912,-120.3394,2013-06-02,Aqua,MODIS,80.6,0,313.0,92,2013,6,2013-06-02,2,high,medium-high
37.912,-120.0947,2013-08-22,Aqua,MODIS,66.0,0,294.0,100,2013,8,2013-08-22,22,high,medium-high
37.912,-120.0856,2013-08-22,Terra,MODIS,10.7,0,290.9,80,2013,8,2013-08-22,22,high,low
37.9121,-119.8382,2013-09-10,Aqua,MODIS,107.4,0,299.9,74,2013,9,2013-09-10,10,high,medium-high
37.9123,-120.0356,2013-08-22,Terra,MODIS,116.3,0,303.6,52,2013,8,2013-08-22,22,medium,medium-high
37.9123,-119.799,2013-08-26,Terra,MODIS,95.3,0,299.4,78,2013,8,2013-08-26,26,high,medium-high
37.9123,-119.7403,2013-08-28,Terra,MODIS,207.9,0,294.0,100,2013,8,2013-08-28,28,high,high
37.9124,-120.1301,2013-08-23,Terra,MODIS,45.3,0,306.3,93,2013,8,2013-08-23,23,high,medium-low
37.9125,-119.8472,2013-09-10,Aqua,MODIS,85.0,0,300.0,67,2013,9,2013-09-10,10,medium,medium-high
37.9126,-120.0384,2013-08-21,Aqua,MODIS,574.0,0,295.5,94,2013,8,2013-08-21,21,high,high
37.9127,-120.2362,2013-08-28,Aqua,MODIS,89.1,0,312.6,97,2013,8,2013-08-28,28,high,medium-high
37.9128,-119.8902,2013-08-22,Aqua,MODIS,670.5,0,316.0,100,2013,8,2013-08-22,22,high,high
37.9129,-120.0719,2013-08-23,Terra,MODIS,29.5,0,306.3,89,2013,8,2013-08-23,23,high,medium-low
37.9129,-119.733,2013-08-28,Terra,MODIS,114.6,0,301.1,93,2013,8,2013-08-28,28,high,medium-high
37.913,-120.1538,2013-08-23,Aqua,MODIS,139.6,0,299.5,83,2013,8,2013-08-23,23,high,high
37.9132,-120.1671,2013-08-24,Terra,MODIS,32.7,0,293.9,100,2013,8,2013-08-24,24,high,medium-low
37.9133,-120.226,2013-08-28,Terra,MODIS,24.7,0,289.5,61,2013,8,2013-08-28,28,medium,medium-low
37.9133,-119.7128,2013-08-31,Terra,MODIS,15.1,0,289.3,95,2013,8,2013-08-31,31,high,low
37.9134,-119.9978,2013-08-22,Terra,MODIS,18.0,0,298.6,80,2013,8,2013-08-22,22,high,low
37.9134,-119.726,2013-08-28,Aqua,MODIS,35.8,0,286.8,100,2013,8,2013-08-28,28,high,medium-low
37.9134,-119.7002,2013-08-30,Terra,MODIS,241.6,0,309.7,100,2013,8,2013-08-30,30,high,high
37.9135,-120.014,2013-08-21,Aqua,MODIS,60.6,0,290.9,78,2013,8,2013-08-21,21,high,medium-high
37.9135,-119.7662,2013-08-26,Aqua,MODIS,67.8,0,298.8,98,2013,8,2013-08-26,26,high,medium-high
37.9138,-120.0719,2013-08-23,Terra,MODIS,131.3,0,293.8,64,2013,8,2013-08-23,23,medium,high
37.9138,-119.9255,2013-08-22,Aqua,MODIS,44.0,0,292.9,76,2013,8,2013-08-22,22,high,medium-low
37.9139,-119.7787,2013-08-26,Terra,MODIS,177.8,0,295.2,100,2013,8,2013-08-26,26,high,high
37.914,-119.7983,2013-09-10,Aqua,MODIS,75.1,0,297.5,56,2013,9,2013-09-10,10,medium,medium-high
37.9141,-120.1413,2013-08-23,Terra,MODIS,25.8,0,302.8,63,2013,8,2013-08-23,23,medium,medium-low
37.9142,-119.8898,2013-08-23,Terra,MODIS,132.6,0,294.3,81,2013,8,2013-08-23,23,high,high
37.9143,-119.7127,2013-08-30,Terra,MODIS,286.7,0,293.8,100,2013,8,2013-08-30,30,high,high
37.9144,-119.8731,2013-08-22,Aqua,MODIS,40.3,0,307.1,83,2013,8,2013-08-22,22,high,medium-low
37.9144,-119.7807,2013-08-27,Terra,MODIS,64.6,0,291.0,100,2013,8,2013-08-27,27,high,medium-high
37.9145,-120.1634,2013-08-24,Aqua,MODIS,22.3,0,291.2,98,2013,8,2013-08-24,24,high,medium-low
37.9145,-120.1565,2013-08-24,Aqua,MODIS,36.5,0,309.7,76,2013,8,2013-08-24,24,high,medium-low
37.9145,-119.698,2013-08-30,Aqua,MODIS,102.5,0,297.4,77,2013,8,2013-08-30,30,high,medium-high
37.9146,-120.0984,2013-08-22,Aqua,MODIS,335.0,0,310.1,100,2013,8,2013-08-22,22,high,high
37.9149,-119.9858,2013-08-22,Terra,MODIS,30.0,0,301.6,100,2013,8,2013-08-22,22,high,medium-low
37.9149,-119.7426,2013-08-29,Aqua,MODIS,47.2,0,298.3,61,2013,8,2013-08-29,29,medium,medium-high
37.9149,-119.7014,2013-08-31,Terra,MODIS,38.8,0,291.7,100,2013,8,2013-08-31,31,high,medium-low
37.915,-120.1557,2013-08-24,Terra,MODIS,26.9,0,293.6,100,2013,8,2013-08-24,24,high,medium-low
37.915,-119.7387,2013-08-28,Aqua,MODIS,67.0,0,289.6,100,2013,8,2013-08-28,28,high,medium-high
37.9153,-119.7502,2013-08-26,Terra,MODIS,101.1,0,290.8,86,2013,8,2013-08-26,26,high,medium-high
37.9154,-119.7123,2013-08-30,Terra,MODIS,154.5,0,305.7,100,2013,8,2013-08-30,30,high,high
37.9155,-120.3217,2013-06-02,Aqua,MODIS,19.6,0,310.6,60,2013,6,2013-06-02,2,medium,low
37.9155,-120.2209,2013-08-28,Aqua,MODIS,47.1,0,307.4,88,2013,8,2013-08-28,28,high,medium-high
37.9158,-120.1525,2013-08-23,Terra,MODIS,38.8,0,301.8,85,2013,8,2013-08-23,23,high,medium-low
37.9159,-120.0689,2013-08-24,Aqua,MODIS,33.7,0,309.6,88,2013,8,2013-08-24,24,high,medium-low
37.9159,-120.0215,2013-08-21,Aqua,MODIS,64.8,0,291.0,87,2013,8,2013-08-21,21,high,medium-high
37.9159,-119.7487,2013-08-28,Terra,MODIS,304.9,0,304.7,94,2013,8,2013-08-28,28,high,high
37.916,-120.1444,2013-08-24,Aqua,MODIS,36.6,0,309.0,83,2013,8,2013-08-24,24,high,medium-low
37.9161,-119.7605,2013-08-27,Terra,MODIS,233.6,0,293.2,100,2013,8,2013-08-27,27,high,high
37.9162,-119.8162,2013-09-09,Aqua,MODIS,102.4,0,309.5,100,2013,9,2013-09-09,9,high,medium-high
37.9163,-120.0804,2013-08-22,Aqua,MODIS,742.3,0,314.0,100,2013,8,2013-08-22,22,high,high
37.9163,-119.753,2013-08-28,Aqua,MODIS,160.8,0,301.7,95,2013,8,2013-08-28,28,high,high
37.9164,-119.7773,2013-08-26,Aqua,MODIS,195.6,0,301.1,100,2013,8,2013-08-26,26,high,high
37.9165,-120.0764,2013-08-21,Aqua,MODIS,52.5,0,277.6,50,2013,8,2013-08-21,21,medium,medium-high
37.9165,-119.9731,2013-08-22,Terra,MODIS,28.5,0,301.7,97,2013,8,2013-08-22,22,high,medium-low
37.9165,-119.7195,2013-08-28,Terra,MODIS,97.8,0,288.6,100,2013,8,2013-08-28,28,high,medium-high
37.9166,-120.049,2013-08-22,Terra,MODIS,33.4,0,293.5,100,2013,8,2013-08-22,22,high,medium-low
37.9166,-119.7513,2013-08-28,Aqua,MODIS,29.3,0,287.2,53,2013,8,2013-08-28,28,medium,medium-low
37.9166,-119.7217,2013-08-29,Aqua,MODIS,484.5,0,304.3,94,2013,8,2013-08-29,29,high,high
37.9167,-120.1443,2013-08-24,Terra,MODIS,18.4,0,292.5,100,2013,8,2013-08-24,24,high,low
37.9168,-120.1764,2013-08-24,Aqua,MODIS,39.3,0,291.7,100,2013,8,2013-08-24,24,high,medium-low
37.9169,-119.7032,2013-09-15,Aqua,MODIS,47.7,0,296.7,69,2013,9,2013-09-15,15,medium,medium-high
37.917,-119.7326,2013-08-29,Terra,MODIS,28.0,0,289.2,94,2013,8,2013-08-29,29,high,medium-low
37.917,-119.6979,2013-08-31,Aqua,MODIS,18.4,0,287.9,80,2013,8,2013-08-31,31,high,low
37.9173,-119.7478,2013-08-27,Aqua,MODIS,147.1,0,286.3,96,2013,8,2013-08-27,27,high,high
37.9174,-120.0725,2013-08-23,Aqua,MODIS,134.5,0,301.9,90,2013,8,2013-08-23,23,high,high
37.9174,-119.8262,2013-09-11,Terra,MODIS,10.0,0,291.5,63,2013,9,2013-09-11,11,medium,low
37.9174,-119.8024,2013-08-26,Aqua,MODIS,21.0,0,299.8,64,2013,8,2013-08-26,26,medium,medium-low
37.9174,-119.7198,2013-08-30,Terra,MODIS,192.3,0,291.8,100,2013,8,2013-08-30,30,high,high
37.9174,-119.6933,2013-08-30,Aqua,MODIS,47.0,0,290.3,100,2013,8,2013-08-30,30,high,medium-high
37.9175,-120.1637,2013-08-23,Terra,MODIS,34.0,0,301.9,87,2013,8,2013-08-23,23,high,medium-low
37.9175,-120.1323,2013-08-24,Aqua,MODIS,94.8,0,312.5,100,2013,8,2013-08-24,24,high,medium-high
37.9175,-119.8845,2013-08-22,Terra,MODIS,602.6,0,302.2,100,2013,8,2013-08-22,22,high,high
37.9177,-119.8046,2013-09-09,Aqua,MODIS,46.5,0,305.8,90,2013,9,2013-09-09,9,high,medium-low
37.9178,-119.7054,2013-08-29,Terra,MODIS,55.3,0,298.1,65,2013,8,2013-08-29,29,medium,medium-high
37.918,-119.9609,2013-08-22,Terra,MODIS,41.4,0,303.6,100,2013,8,2013-08-22,22,high,medium-low
37.918,-119.8559,2013-08-23,Terra,MODIS,174.9,0,295.7,92,2013,8,2013-08-23,23,high,high
37.918,-119.7883,2013-08-26,Aqua,MODIS,243.4,0,301.2,100,2013,8,2013-08-26,26,high,high
37.9181,-120.0367,2013-08-22,Terra,MODIS,22.6,0,297.1,100,2013,8,2013-08-22,22,high,medium-low
37.9181,-119.7691,2013-08-26,Terra,MODIS,1302.4,0,309.8,100,2013,8,2013-08-26,26,high,high
37.9186,-119.7184,2013-08-29,Terra,MODIS,73.9,0,292.1,100,2013,8,2013-08-29,29,high,medium-high
37.9187,-119.6964,2013-08-29,Aqua,MODIS,61.8,0,298.9,67,2013,8,2013-08-29,29,medium,medium-high
37.9188,-119.9428,2013-08-22,Aqua,MODIS,50.6,0,309.3,89,2013,8,2013-08-22,22,high,medium-high
37.9188,-119.7389,2013-08-28,Aqua,MODIS,159.9,0,306.4,99,2013,8,2013-08-28,28,high,high
37.9189,-119.8367,2013-08-24,Aqua,MODIS,139.1,0,304.8,100,2013,8,2013-08-24,24,high,high
37.919,-120.1271,2013-08-23,Aqua,MODIS,180.2,0,297.0,80,2013,8,2013-08-23,23,high,high
37.919,-120.1202,2013-08-24,Aqua,MODIS,48.3,0,310.2,92,2013,8,2013-08-24,24,high,medium-high
37.919,-119.7482,2013-08-28,Terra,MODIS,231.7,0,289.5,100,2013,8,2013-08-28,28,high,high
37.919,-119.709,2013-08-30,Aqua,MODIS,104.9,0,293.3,100,2013,8,2013-08-30,30,high,medium-high
37.9191,-119.8208,2013-09-11,Terra,MODIS,87.0,0,286.5,73,2013,9,2013-09-11,11,high,medium-high
37.9191,-119.7911,2013-08-26,Aqua,MODIS,357.6,0,312.4,100,2013,8,2013-08-26,26,high,high
37.9192,-120.0048,2013-08-21,Aqua,MODIS,49.9,0,288.2,80,2013,8,2013-08-21,21,high,medium-high
37.9194,-119.9493,2013-08-22,Terra,MODIS,81.8,0,309.0,100,2013,8,2013-08-22,22,high,medium-high
37.9196,-120.047,2013-08-22,Aqua,MODIS,71.3,0,305.0,67,2013,8,2013-08-22,22,medium,medium-high
37.9196,-120.0245,2013-08-22,Terra,MODIS,20.5,0,298.4,74,2013,8,2013-08-22,22,high,low
37.9196,-119.8029,2013-08-29,Terra,MODIS,12.4,0,291.1,63,2013,8,2013-08-29,29,medium,low
37.9197,-120.1521,2013-08-24,Terra,MODIS,90.6,0,300.6,61,2013,8,2013-08-24,24,medium,medium-high
37.9197,-120.1157,2013-08-23,Terra,MODIS,163.2,0,293.1,100,2013,8,2013-08-23,23,high,high
37.9197,-120.0629,2013-08-24,Terra,MODIS,29.8,0,293.9,100,2013,8,2013-08-24,24,high,medium-low
37.9197,-119.9228,2013-08-22,Terra,MODIS,8105.9,0,316.4,100,2013,8,2013-08-22,22,high,high
37.9198,-119.8123,2013-09-11,Terra,MODIS,18.4,0,291.5,89,2013,9,2013-09-11,11,high,low
37.9198,-119.7321,2013-08-29,Terra,MODIS,68.0,0,299.6,74,2013,8,2013-08-29,29,high,medium-high
37.92,-119.8108,2013-09-11,Aqua,MODIS,24.1,0,291.4,100,2013,9,2013-09-11,11,high,medium-low
37.92,-119.8105,2013-09-10,Terra,MODIS,15.2,0,305.3,60,2013,9,2013-09-10,10,medium,low
37.92,-119.6883,2013-09-15,Aqua,MODIS,38.7,0,298.1,51,2013,9,2013-09-15,15,medium,medium-low
37.9201,-120.1216,2013-08-24,Terra,MODIS,14.0,0,291.3,81,2013,8,2013-08-24,24,high,low
37.9203,-119.7732,2013-08-26,Terra,MODIS,1148.6,0,313.6,100,2013,8,2013-08-26,26,high,high
37.9204,-120.1809,2013-08-24,Terra,MODIS,21.0,0,290.9,100,2013,8,2013-08-24,24,high,medium-low
37.9205,-120.1083,2013-08-24,Aqua,MODIS,109.4,0,310.3,100,2013,8,2013-08-24,24,high,medium-high
37.9205,-119.8236,2013-08-24,Aqua,MODIS,83.7,0,301.0,99,2013,8,2013-08-24,24,high,medium-high
37.9205,-119.8224,2013-09-09,Aqua,MODIS,13.8,0,307.6,64,2013,9,2013-09-09,9,medium,low
37.9206,-119.9244,2013-08-22,Aqua,MODIS,155.6,0,314.9,100,2013,8,2013-08-22,22,high,high
37.9207,-119.7797,2013-08-26,Aqua,MODIS,448.8,0,314.8,100,2013,8,2013-08-26,26,high,high
37.9208,-119.8102,2013-09-09,Terra,MODIS,16.3,0,291.8,95,2013,9,2013-09-09,9,high,low
37.9209,-119.937,2013-08-22,Terra,MODIS,89.8,0,302.5,100,2013,8,2013-08-22,22,high,medium-high
37.9211,-120.0124,2013-08-22,Terra,MODIS,27.7,0,301.1,100,2013,8,2013-08-22,22,high,medium-low
37.9211,-119.7931,2013-08-27,Terra,MODIS,47.5,0,293.4,78,2013,8,2013-08-27,27,high,medium-high
37.9212,-120.1374,2013-08-29,Terra,MODIS,289.2,0,304.7,99,2013,8,2013-08-29,29,high,high
37.9212,-120.0689,2013-08-23,Aqua,MODIS,245.7,0,303.3,99,2013,8,2013-08-23,23,high,high
37.9212,-119.7251,2013-08-28,Aqua,MODIS,185.5,0,304.1,100,2013,8,2013-08-28,28,high,high
37.9216,-119.696,2013-09-16,Terra,MODIS,10.9,0,290.9,75,2013,9,2013-09-16,16,high,low
37.9217,-119.9566,2013-08-22,Terra,MODIS,567.3,0,303.3,100,2013,8,2013-08-22,22,high,high
37.9217,-119.8335,2013-08-24,Terra,MODIS,109.6,0,296.8,51,2013,8,2013-08-24,24,medium,medium-high
37.9218,-120.1478,2013-08-24,Aqua,MODIS,27.1,0,292.3,100,2013,8,2013-08-24,24,high,medium-low
37.9219,-120.1101,2013-08-24,Terra,MODIS,19.5,0,292.0,97,2013,8,2013-08-24,24,high,low
37.9219,-119.8102,2013-09-09,Aqua,MODIS,19.7,0,306.2,72,2013,9,2013-09-09,9,high,low
37.922,-120.1502,2013-08-29,Aqua,MODIS,48.2,0,307.4,74,2013,8,2013-08-29,29,high,medium-high
37.922,-120.0963,2013-08-24,Aqua,MODIS,18.7,0,308.9,75,2013,8,2013-08-24,24,high,low
37.922,-119.716,2013-09-13,Aqua,MODIS,44.5,0,299.1,86,2013,9,2013-09-13,13,high,medium-low
37.9221,-120.1694,2013-08-24,Terra,MODIS,37.0,0,292.3,100,2013,8,2013-08-24,24,high,medium-low
37.9222,-119.8014,2013-09-09,Aqua,MODIS,15.2,0,290.2,81,2013,9,2013-09-09,9,high,low
37.9223,-120.5724,2013-02-21,Terra,MODIS,16.9,0,287.9,75,2013,2,2013-02-21,21,high,low
37.9223,-119.9067,2013-08-22,Aqua,MODIS,374.8,0,313.7,100,2013,8,2013-08-22,22,high,high
37.9223,-119.8018,2013-08-29,Aqua,MODIS,47.3,0,299.7,66,2013,8,2013-08-29,29,medium,medium-high
37.9223,-119.7858,2013-08-27,Terra,MODIS,75.4,0,292.6,86,2013,8,2013-08-27,27,high,medium-high
37.9223,-119.7145,2013-08-31,Terra,MODIS,12.0,0,289.1,83,2013,8,2013-08-31,31,high,low
37.9224,-119.7683,2013-08-26,Aqua,MODIS,148.6,0,300.0,100,2013,8,2013-08-26,26,high,high
37.9225,-120.1406,2013-08-24,Aqua,MODIS,33.6,0,291.4,100,2013,8,2013-08-24,24,high,medium-low
37.9226,-120.0794,2013-08-23,Terra,MODIS,137.9,0,294.9,63,2013,8,2013-08-23,23,medium,high
37.9226,-119.816,2013-08-25,Aqua,MODIS,147.9,0,290.6,74,2013,8,2013-08-25,25,high,high
37.9226,-119.7895,2013-08-26,Terra,MODIS,541.2,0,303.9,100,2013,8,2013-08-26,26,high,high
37.9227,-120.1431,2013-08-29,Terra,MODIS,32.3,0,293.2,100,2013,8,2013-08-29,29,high,medium-low
37.9227,-119.9998,2013-08-22,Terra,MODIS,48.3,0,302.5,100,2013,8,2013-08-22,22,high,medium-high
37.9227,-119.8252,2013-08-25,Aqua,MODIS,161.5,0,290.9,79,2013,8,2013-08-25,25,high,high
37.9227,-119.8072,2013-09-09,Aqua,MODIS,18.9,0,290.3,88,2013,9,2013-09-09,9,high,low
37.9227,-119.7243,2013-08-28,Aqua,MODIS,36.8,0,284.3,100,2013,8,2013-08-28,28,high,medium-low
37.9227,-119.7164,2013-08-30,Terra,MODIS,27.1,0,295.9,79,2013,8,2013-08-30,30,high,medium-low
37.9232,-120.1554,2013-08-24,Terra,MODIS,86.6,0,299.9,68,2013,8,2013-08-24,24,medium,medium-high
37.9232,-119.7279,2013-08-28,Terra,MODIS,192.8,0,290.5,100,2013,8,2013-08-28,28,high,high
37.9235,-119.7821,2013-08-26,Terra,MODIS,60.5,0,288.2,100,2013,8,2013-08-26,26,high,medium-high
37.9235,-119.764,2013-08-26,Aqua,MODIS,45.1,0,284.3,100,2013,8,2013-08-26,26,high,medium-low
37.9235,-119.73,2013-08-28,Terra,MODIS,86.6,0,297.1,88,2013,8,2013-08-28,28,high,medium-high
37.9238,-120.1583,2013-08-24,Aqua,MODIS,33.2,0,304.5,72,2013,8,2013-08-24,24,high,medium-low
37.9238,-119.8508,2013-08-23,Terra,MODIS,245.3,0,295.7,100,2013,8,2013-08-23,23,high,high
37.9239,-120.1579,2013-08-24,Terra,MODIS,26.5,0,292.4,100,2013,8,2013-08-24,24,high,medium-low
37.924,-119.7804,2013-08-25,Aqua,MODIS,151.7,0,285.5,56,2013,8,2013-08-25,25,medium,high
37.924,-119.7044,2013-09-13,Aqua,MODIS,19.1,0,297.6,63,2013,9,2013-09-13,13,medium,low
37.9241,-120.1609,2013-08-24,Aqua,MODIS,28.3,0,291.6,100,2013,8,2013-08-24,24,high,medium-low
37.9242,-119.9875,2013-08-22,Terra,MODIS,97.0,0,306.3,100,2013,8,2013-08-22,22,high,medium-high
37.9242,-119.7364,2013-08-28,Aqua,MODIS,176.4,0,294.0,100,2013,8,2013-08-28,28,high,high
37.9246,-119.7927,2013-08-26,Terra,MODIS,228.1,0,300.5,99,2013,8,2013-08-26,26,high,high
37.9247,-119.8426,2013-08-23,Terra,MODIS,43.1,0,294.1,92,2013,8,2013-08-23,23,high,medium-low
37.9248,-120.1537,2013-08-24,Aqua,MODIS,40.5,0,292.4,100,2013,8,2013-08-24,24,high,medium-low
37.9248,-119.995,2013-08-22,Aqua,MODIS,19.5,0,306.2,79,2013,8,2013-08-22,22,high,low
37.9248,-119.7104,2013-09-13,Terra,MODIS,30.6,0,287.3,84,2013,9,2013-09-13,13,high,medium-low
37.9251,-120.0924,2013-08-23,Terra,MODIS,47.9,0,304.5,65,2013,8,2013-08-23,23,medium,medium-high
37.9252,-119.7796,2013-08-27,Aqua,MODIS,98.4,0,287.4,69,2013,8,2013-08-27,27,medium,medium-high
37.9252,-119.7751,2013-08-26,Aqua,MODIS,77.9,0,288.1,100,2013,8,2013-08-26,26,high,medium-high
37.9254,-119.8746,2013-08-22,Aqua,MODIS,197.0,0,304.3,100,2013,8,2013-08-22,22,high,high
37.9254,-119.7175,2013-09-09,Terra,MODIS,8.7,0,288.7,51,2013,9,2013-09-09,9,medium,low
37.9256,-120.1466,2013-08-24,Terra,MODIS,18.0,0,290.5,99,2013,8,2013-08-24,24,high,low
37.9257,-119.9755,2013-08-22,Terra,MODIS,39.9,0,302.3,100,2013,8,2013-08-22,22,high,medium-low
37.9258,-120.0508,2013-08-22,Terra,MODIS,18.6,0,292.1,99,2013,8,2013-08-22,22,high,low
37.9258,-119.9246,2013-08-22,Aqua,MODIS,59.2,0,294.5,74,2013,8,2013-08-22,22,high,medium-high
37.9258,-119.749,2013-08-28,Aqua,MODIS,55.7,0,287.0,100,2013,8,2013-08-28,28,high,medium-high
37.926,-120.5742,2013-02-21,Aqua,MODIS,38.5,0,286.8,53,2013,2,2013-02-21,21,medium,medium-low
37.926,-120.1132,2013-08-29,Terra,MODIS,59.9,0,304.0,76,2013,8,2013-08-29,29,high,medium-high
37.926,-120.1126,2013-08-24,Terra,MODIS,198.0,0,299.1,85,2013,8,2013-08-24,24,high,high
37.926,-120.0452,2013-08-23,Aqua,MODIS,39.1,0,292.1,66,2013,8,2013-08-23,23,medium,medium-low
37.926,-119.7384,2013-08-27,Aqua,MODIS,81.8,0,284.2,85,2013,8,2013-08-27,27,high,medium-high
37.9261,-120.0873,2013-08-23,Terra,MODIS,145.4,0,291.7,65,2013,8,2013-08-23,23,medium,high
37.9261,-119.9857,2013-08-22,Aqua,MODIS,65.9,0,296.5,80,2013,8,2013-08-22,22,high,medium-high
37.9262,-119.767,2013-08-26,Terra,MODIS,150.4,0,295.4,100,2013,8,2013-08-26,26,high,high
37.9265,-120.0944,2013-08-23,Terra,MODIS,152.1,0,291.4,60,2013,8,2013-08-23,23,medium,high
37.9266,-120.0588,2013-08-24,Aqua,MODIS,32.7,0,308.0,88,2013,8,2013-08-24,24,high,medium-low
37.9267,-120.1315,2013-08-29,Aqua,MODIS,67.7,0,292.0,100,2013,8,2013-08-29,29,high,medium-high
37.9267,-119.7814,2013-08-27,Terra,MODIS,102.0,0,291.6,100,2013,8,2013-08-27,27,high,medium-high
37.9268,-120.1342,2013-08-24,Aqua,MODIS,46.6,0,304.6,91,2013,8,2013-08-24,24,high,medium-high
37.9268,-120.1037,2013-08-23,Terra,MODIS,39.2,0,300.4,60,2013,8,2013-08-23,23,medium,medium-low
37.9269,-119.7861,2013-08-26,Aqua,MODIS,19.8,0,288.7,92,2013,8,2013-08-26,26,high,low
37.9271,-120.1665,2013-08-24,Aqua,MODIS,9.1,0,289.6,60,2013,8,2013-08-24,24,medium,low
37.9272,-119.9633,2013-08-22,Terra,MODIS,25.3,0,299.8,88,2013,8,2013-08-22,22,high,medium-low
37.9273,-120.0387,2013-08-22,Terra,MODIS,43.3,0,298.0,100,2013,8,2013-08-22,22,high,medium-low
37.9273,-119.7109,2013-09-11,Terra,MODIS,12.1,0,289.8,71,2013,9,2013-09-11,11,high,low
37.9274,-120.1119,2013-08-24,Aqua,MODIS,21.8,0,290.5,64,2013,8,2013-08-24,24,medium,medium-low
37.9281,-119.8392,2013-08-24,Aqua,MODIS,25.8,0,299.4,66,2013,8,2013-08-24,24,medium,medium-low
37.9282,-120.1236,2013-08-23,Terra,MODIS,161.1,0,291.8,69,2013,8,2013-08-23,23,medium,high
37.9282,-119.7629,2013-08-27,Terra,MODIS,153.1,0,290.9,100,2013,8,2013-08-27,27,high,high
37.9283,-120.1443,2013-08-29,Terra,MODIS,324.9,0,304.1,100,2013,8,2013-08-29,29,high,high
37.9283,-120.1222,2013-08-24,Aqua,MODIS,145.6,0,309.0,100,2013,8,2013-08-24,24,high,high
37.9286,-119.899,2013-08-23,Terra,MODIS,83.8,0,293.5,57,2013,8,2013-08-23,23,medium,medium-high
37.9287,-119.9512,2013-08-22,Terra,MODIS,94.8,0,309.7,100,2013,8,2013-08-22,22,high,medium-high
37.9289,-120.0264,2013-08-22,Terra,MODIS,31.0,0,300.8,100,2013,8,2013-08-22,22,high,medium-low
37.9291,-120.1447,2013-08-29,Aqua,MODIS,78.9,0,308.1,87,2013,8,2013-08-29,29,high,medium-high
37.9291,-120.096,2013-08-23,Aqua,MODIS,138.9,0,299.0,91,2013,8,2013-08-23,23,high,high
37.9293,-120.11,2013-08-25,Terra,MODIS,53.1,0,301.5,92,2013,8,2013-08-25,25,high,medium-high
37.9294,-120.0768,2013-08-23,Terra,MODIS,248.4,0,295.5,100,2013,8,2013-08-23,23,high,high
37.9295,-119.7089,2013-09-13,Aqua,MODIS,28.6,0,289.0,100,2013,9,2013-09-13,13,high,medium-low
37.9296,-119.9454,2013-08-22,Aqua,MODIS,74.7,0,309.9,93,2013,8,2013-08-22,22,high,medium-high
37.9297,-120.1102,2013-08-24,Aqua,MODIS,463.4,0,320.5,100,2013,8,2013-08-24,24,high,high
37.9297,-119.8265,2013-08-24,Aqua,MODIS,38.3,0,298.7,76,2013,8,2013-08-24,24,high,medium-low
37.9297,-119.7886,2013-08-26,Aqua,MODIS,25.7,0,296.7,78,2013,8,2013-08-26,26,high,medium-low
37.9298,-120.1162,2013-08-24,Terra,MODIS,168.5,0,298.6,78,2013,8,2013-08-24,24,high,high
37.9299,-120.126,2013-08-26,Terra,MODIS,100.8,0,301.7,88,2013,8,2013-08-26,26,high,medium-high
37.9299,-120.1039,2013-08-25,Aqua,MODIS,41.4,0,288.2,56,2013,8,2013-08-25,25,medium,medium-low
37.9299,-120.0891,2013-08-23,Aqua,MODIS,44.9,0,292.8,55,2013,8,2013-08-23,23,medium,medium-low
37.93,-119.7416,2013-08-27,Terra,MODIS,18.1,0,286.1,50,2013,8,2013-08-27,27,medium,low
37.9301,-119.9394,2013-08-22,Terra,MODIS,102.5,0,305.0,100,2013,8,2013-08-22,22,high,medium-high
37.9304,-120.0142,2013-08-22,Terra,MODIS,45.0,0,303.4,100,2013,8,2013-08-22,22,high,medium-low
37.9305,-120.0485,2013-08-22,Aqua,MODIS,560.2,0,312.6,100,2013,8,2013-08-22,22,high,high
37.9306,-120.0753,2013-08-23,Aqua,MODIS,1029.7,0,308.1,100,2013,8,2013-08-23,23,high,high
37.9306,-120.0678,2013-08-23,Terra,MODIS,100.4,0,305.1,90,2013,8,2013-08-23,23,high,medium-high
37.9306,-119.7867,2013-08-27,Terra,MODIS,55.2,0,290.5,93,2013,8,2013-08-27,27,high,medium-high
37.9309,-120.1371,2013-08-25,Aqua,MODIS,105.3,0,296.5,56,2013,8,2013-08-25,25,medium,medium-high
37.9309,-120.1232,2013-08-25,Terra,MODIS,174.4,0,305.2,100,2013,8,2013-08-25,25,high,high
37.931,-119.7659,2013-08-26,Terra,MODIS,274.3,0,297.5,94,2013,8,2013-08-26,26,high,high
37.9312,-120.1334,2013-08-28,Aqua,MODIS,18.0,0,305.2,66,2013,8,2013-08-28,28,medium,low
37.9312,-120.0984,2013-08-24,Aqua,MODIS,73.6,0,306.8,98,2013,8,2013-08-24,24,high,medium-high
37.9312,-119.9289,2013-08-22,Aqua,MODIS,415.2,0,319.5,100,2013,8,2013-08-22,22,high,high
37.9313,-120.0818,2013-08-23,Aqua,MODIS,52.3,0,293.7,64,2013,8,2013-08-23,23,medium,medium-high
37.9313,-119.7904,2013-08-29,Terra,MODIS,27.1,0,292.6,100,2013,8,2013-08-29,29,high,medium-low
37.9317,-120.122,2013-08-26,Aqua,MODIS,15.0,0,290.0,94,2013,8,2013-08-26,26,high,low
37.9317,-120.1209,2013-08-27,Terra,MODIS,18.1,0,299.2,50,2013,8,2013-08-27,27,medium,low
37.9317,-120.0704,2013-08-24,Terra,MODIS,157.6,0,299.1,79,2013,8,2013-08-24,24,high,high
37.932,-120.0017,2013-08-22,Terra,MODIS,71.4,0,305.0,100,2013,8,2013-08-22,22,high,medium-high
37.932,-119.78,2013-08-31,Aqua,MODIS,23.4,0,299.0,67,2013,8,2013-08-31,31,medium,medium-low
37.932,-119.7693,2013-08-27,Terra,MODIS,75.9,0,290.7,73,2013,8,2013-08-27,27,high,medium-high
37.9321,-120.1406,2013-08-26,Aqua,MODIS,52.2,0,307.6,94,2013,8,2013-08-26,26,high,medium-high
37.9322,-120.0318,2013-08-22,Aqua,MODIS,236.6,0,308.2,100,2013,8,2013-08-22,22,high,high
37.9322,-119.8253,2013-08-25,Terra,MODIS,66.9,0,297.4,91,2013,8,2013-08-25,25,high,medium-high
37.9323,-120.0791,2013-08-23,Terra,MODIS,110.7,0,307.9,95,2013,8,2013-08-23,23,high,medium-high
37.9323,-119.7414,2013-08-27,Aqua,MODIS,79.0,0,285.7,75,2013,8,2013-08-27,27,high,medium-high
37.9324,-119.8835,2013-08-22,Terra,MODIS,108.9,0,299.6,74,2013,8,2013-08-22,22,high,medium-high
37.9324,-119.762,2013-08-26,Aqua,MODIS,384.4,0,313.5,100,2013,8,2013-08-26,26,high,high
37.9325,-120.1008,2013-08-24,Terra,MODIS,20.6,0,292.3,74,2013,8,2013-08-24,24,high,low
37.9326,-120.1442,2013-08-29,Terra,MODIS,45.2,0,294.6,100,2013,8,2013-08-29,29,high,medium-low
37.9331,-119.9099,2013-08-22,Aqua,MODIS,683.6,0,322.3,100,2013,8,2013-08-22,22,high,high
37.9331,-119.7856,2013-08-26,Terra,MODIS,23.6,0,288.2,99,2013,8,2013-08-26,26,high,medium-low
37.9333,-119.861,2013-08-23,Terra,MODIS,234.4,0,295.9,100,2013,8,2013-08-23,23,high,high
37.9335,-119.9895,2013-08-22,Terra,MODIS,239.6,0,312.3,100,2013,8,2013-08-22,22,high,high
37.9336,-120.1405,2013-08-27,Terra,MODIS,25.7,0,298.3,65,2013,8,2013-08-27,27,medium,medium-low
37.9336,-120.1308,2013-08-26,Terra,MODIS,27.2,0,289.9,100,2013,8,2013-08-26,26,high,medium-low
37.9336,-119.8406,2013-08-23,Terra,MODIS,59.7,0,294.0,96,2013,8,2013-08-23,23,high,medium-high
37.9336,-119.7485,2013-08-27,Terra,MODIS,66.1,0,289.1,91,2013,8,2013-08-27,27,high,medium-high
37.9337,-119.7354,2013-08-28,Aqua,MODIS,18.1,0,282.8,82,2013,8,2013-08-28,28,high,low
37.9338,-120.1291,2013-08-26,Aqua,MODIS,355.6,0,320.2,100,2013,8,2013-08-26,26,high,high
37.9339,-120.0146,2013-08-22,Aqua,MODIS,32.1,0,309.0,82,2013,8,2013-08-22,22,high,medium-low
37.934,-120.1506,2013-08-29,Aqua,MODIS,30.3,0,307.3,63,2013,8,2013-08-29,29,medium,medium-low
37.934,-120.0904,2013-08-23,Terra,MODIS,60.0,0,304.9,87,2013,8,2013-08-23,23,high,medium-high
37.9341,-119.773,2013-08-26,Aqua,MODIS,454.3,0,305.1,100,2013,8,2013-08-26,26,high,high
37.9342,-120.1332,2013-08-25,Terra,MODIS,51.6,0,288.1,82,2013,8,2013-08-25,25,high,medium-high
37.9342,-120.1291,2013-08-28,Terra,MODIS,16.5,0,299.8,52,2013,8,2013-08-28,28,medium,low
37.9342,-119.7707,2013-08-27,Aqua,MODIS,129.6,0,287.4,100,2013,8,2013-08-27,27,high,high
37.9344,-120.0717,2013-08-23,Aqua,MODIS,964.8,0,304.7,100,2013,8,2013-08-23,23,high,high
37.9344,-119.9173,2013-08-22,Terra,MODIS,1710.4,0,301.4,94,2013,8,2013-08-22,22,high,high
37.9348,-120.1254,2013-08-26,Terra,MODIS,34.1,0,290.7,100,2013,8,2013-08-26,26,high,medium-low
37.9348,-119.7544,2013-08-26,Aqua,MODIS,272.9,0,301.3,100,2013,8,2013-08-26,26,high,high
37.9349,-120.1222,2013-08-23,Terra,MODIS,147.9,0,291.2,78,2013,8,2013-08-23,23,high,high
37.9349,-119.9778,2013-08-22,Terra,MODIS,146.0,0,307.8,100,2013,8,2013-08-22,22,high,high
37.9349,-119.8916,2013-08-22,Aqua,MODIS,1059.4,0,320.2,100,2013,8,2013-08-22,22,high,high
37.9349,-119.835,2013-08-24,Aqua,MODIS,275.8,0,308.3,100,2013,8,2013-08-24,24,high,high
37.935,-120.1369,2013-08-29,Terra,MODIS,207.1,0,304.4,95,2013,8,2013-08-29,29,high,high
37.9352,-119.8314,2013-08-23,Aqua,MODIS,71.4,0,291.9,53,2013,8,2013-08-23,23,medium,medium-high
37.9355,-120.1177,2013-08-26,Aqua,MODIS,21.0,0,309.5,80,2013,8,2013-08-26,26,high,medium-low
37.9356,-119.9973,2013-08-22,Aqua,MODIS,188.7,0,313.4,100,2013,8,2013-08-22,22,high,high
37.9357,-120.1016,2013-08-23,Terra,MODIS,56.3,0,301.5,83,2013,8,2013-08-23,23,high,medium-high
37.9358,-119.7701,2013-08-26,Terra,MODIS,459.8,0,299.8,100,2013,8,2013-08-26,26,high,high
37.9359,-120.0607,2013-08-24,Aqua,MODIS,251.3,0,318.0,100,2013,8,2013-08-24,24,high,high
37.936,-120.1037,2013-08-25,Terra,MODIS,80.2,0,289.4,97,2013,8,2013-08-25,25,high,medium-high
37.936,-120.075,2013-08-24,Terra,MODIS,266.2,0,299.0,93,2013,8,2013-08-24,24,high,high
37.9361,-120.051,2013-08-23,Aqua,MODIS,138.6,0,297.4,91,2013,8,2013-08-23,23,high,high
37.9364,-119.9656,2013-08-22,Terra,MODIS,37.0,0,299.6,100,2013,8,2013-08-22,22,high,medium-low
37.9364,-119.8754,2013-08-22,Aqua,MODIS,554.0,0,306.4,100,2013,8,2013-08-22,22,high,high
37.9365,-119.9517,2013-08-22,Terra,MODIS,511.4,0,294.4,94,2013,8,2013-08-22,22,high,high
37.9365,-119.822,2013-08-24,Aqua,MODIS,49.2,0,297.4,90,2013,8,2013-08-24,24,high,medium-high
37.9366,-120.0405,2013-08-22,Terra,MODIS,46.1,0,295.7,100,2013,8,2013-08-22,22,high,medium-low
37.9371,-120.1445,2013-08-28,Terra,MODIS,21.8,0,298.7,62,2013,8,2013-08-28,28,medium,medium-low
37.9372,-120.1089,2013-08-25,Terra,MODIS,100.3,0,289.6,100,2013,8,2013-08-25,25,high,medium-high
37.9372,-119.9812,2013-08-22,Aqua,MODIS,74.6,0,305.9,94,2013,8,2013-08-22,22,high,medium-high
37.9374,-120.0486,2013-08-24,Aqua,MODIS,119.7,0,309.1,100,2013,8,2013-08-24,24,high,high
37.9374,-119.8302,2013-08-24,Terra,MODIS,104.2,0,296.4,52,2013,8,2013-08-24,24,medium,medium-high
37.9376,-120.067,2013-08-24,Terra,MODIS,23.3,0,294.0,100,2013,8,2013-08-24,24,high,medium-low
37.9378,-119.9837,2013-08-22,Aqua,MODIS,85.1,0,297.5,86,2013,8,2013-08-22,22,high,medium-high
37.9379,-119.9534,2013-08-22,Terra,MODIS,44.2,0,300.9,100,2013,8,2013-08-22,22,high,medium-low
37.9381,-120.0283,2013-08-22,Terra,MODIS,58.7,0,303.2,100,2013,8,2013-08-22,22,high,medium-high
37.9381,-119.8586,2013-08-22,Aqua,MODIS,59.1,0,304.1,88,2013,8,2013-08-22,22,high,medium-high
37.9383,-119.7368,2013-09-08,Aqua,MODIS,43.2,0,297.2,53,2013,9,2013-09-08,8,medium,medium-low
37.9384,-119.7555,2013-08-26,Terra,MODIS,128.6,0,289.0,100,2013,8,2013-08-26,26,high,high
37.9385,-120.1508,2013-08-28,Aqua,MODIS,34.4,0,303.1,78,2013,8,2013-08-28,28,high,medium-low
37.9386,-120.0827,2013-08-23,Terra,MODIS,402.0,0,297.0,100,2013,8,2013-08-23,23,high,high
37.9387,-120.1079,2013-08-25,Terra,MODIS,120.3,0,303.9,100,2013,8,2013-08-25,25,high,high
37.9389,-119.8566,2013-08-23,Terra,MODIS,205.4,0,295.5,100,2013,8,2013-08-23,23,high,high
37.939,-120.13,2013-08-27,Terra,MODIS,39.8,0,291.8,97,2013,8,2013-08-27,27,high,medium-low
37.939,-120.1269,2013-08-29,Aqua,MODIS,19.1,0,291.5,52,2013,8,2013-08-29,29,medium,low
37.939,-120.1122,2013-08-24,Aqua,MODIS,334.7,0,320.8,100,2013,8,2013-08-24,24,high,high
37.9391,-119.7808,2013-08-27,Terra,MODIS,50.2,0,290.8,75,2013,8,2013-08-27,27,high,medium-high
37.9392,-120.0598,2013-08-23,Terra,MODIS,63.0,0,300.7,98,2013,8,2013-08-23,23,high,medium-high
37.9394,-119.9414,2013-08-22,Terra,MODIS,48.4,0,297.7,100,2013,8,2013-08-22,22,high,medium-high
37.9396,-119.7485,2013-08-26,Aqua,MODIS,32.3,0,287.5,100,2013,8,2013-08-26,26,high,medium-low
37.9397,-120.0161,2013-08-22,Terra,MODIS,64.4,0,305.9,100,2013,8,2013-08-22,22,high,medium-high
37.94,-120.133,2013-08-28,Terra,MODIS,29.3,0,300.9,64,2013,8,2013-08-28,28,medium,medium-low
37.9401,-119.7727,2013-08-27,Aqua,MODIS,74.1,0,287.4,80,2013,8,2013-08-27,27,high,medium-high
37.9404,-120.1214,2013-08-25,Terra,MODIS,159.2,0,305.1,100,2013,8,2013-08-25,25,high,high
37.9405,-120.1002,2013-08-24,Aqua,MODIS,1028.4,0,336.2,100,2013,8,2013-08-24,24,high,high
37.9405,-119.9478,2013-08-22,Aqua,MODIS,27.6,0,302.7,55,2013,8,2013-08-22,22,medium,medium-low
37.9406,-120.1199,2013-08-26,Aqua,MODIS,46.2,0,293.4,100,2013,8,2013-08-26,26,high,medium-low
37.9406,-119.7629,2013-08-27,Terra,MODIS,82.6,0,291.2,84,2013,8,2013-08-27,27,high,medium-high
37.941,-120.16,2013-08-29,Terra,MODIS,19.6,0,292.0,74,2013,8,2013-08-29,29,high,low
37.941,-120.0712,2013-08-23,Terra,MODIS,1189.8,0,323.0,100,2013,8,2013-08-23,23,high,high
37.9411,-120.1362,2013-08-28,Aqua,MODIS,120.1,0,306.5,100,2013,8,2013-08-28,28,high,high
37.9411,-120.1081,2013-08-24,Terra,MODIS,557.0,0,299.6,100,2013,8,2013-08-24,24,high,high
37.9412,-120.004,2013-08-22,Terra,MODIS,104.5,0,303.0,100,2013,8,2013-08-22,22,high,medium-high
37.9413,-119.7597,2013-08-26,Aqua,MODIS,397.1,0,308.7,100,2013,8,2013-08-26,26,high,high
37.9414,-120.103,2013-08-24,Terra,MODIS,22.1,0,289.8,100,2013,8,2013-08-24,24,high,medium-low
37.9415,-120.0491,2013-08-22,Aqua,MODIS,93.9,0,298.4,89,2013,8,2013-08-22,22,high,medium-high
37.9416,-119.9425,2013-08-22,Aqua,MODIS,36.5,0,293.1,69,2013,8,2013-08-22,22,medium,medium-low
37.9417,-120.0935,2013-08-25,Aqua,MODIS,178.5,0,289.8,100,2013,8,2013-08-25,25,high,high
37.9419,-119.792,2013-09-09,Terra,MODIS,14.9,0,292.2,92,2013,9,2013-09-09,9,high,low
37.942,-120.0879,2013-08-24,Aqua,MODIS,87.4,0,304.3,100,2013,8,2013-08-24,24,high,medium-high
37.9422,-119.9302,2013-08-22,Aqua,MODIS,157.4,0,306.1,100,2013,8,2013-08-22,22,high,high
37.9423,-121.181,2013-02-28,Terra,MODIS,5.1,0,296.5,67,2013,2,2013-02-28,28,medium,low
37.9424,-120.1222,2013-08-26,Terra,MODIS,655.9,0,308.9,100,2013,8,2013-08-26,26,high,high
37.9424,-119.8386,2013-08-23,Terra,MODIS,133.9,0,296.9,100,2013,8,2013-08-23,23,high,high
37.9425,-120.1467,2013-08-29,Terra,MODIS,143.3,0,298.3,100,2013,8,2013-08-29,29,high,high
37.9425,-119.8265,2013-08-26,Aqua,MODIS,17.4,0,302.1,73,2013,8,2013-08-26,26,high,low
37.9426,-120.0824,2013-08-23,Terra,MODIS,87.3,0,305.3,100,2013,8,2013-08-23,23,high,medium-high
37.9427,-120.1313,2013-08-26,Aqua,MODIS,114.1,0,311.5,100,2013,8,2013-08-26,26,high,medium-high
37.9427,-119.9919,2013-08-22,Terra,MODIS,127.8,0,299.6,100,2013,8,2013-08-22,22,high,high
37.9427,-119.7734,2013-08-31,Aqua,MODIS,11.4,0,289.0,60,2013,8,2013-08-31,31,medium,low
37.9428,-120.1189,2013-08-27,Terra,MODIS,34.1,0,300.5,59,2013,8,2013-08-27,27,medium,medium-low
37.9429,-119.8227,2013-08-23,Terra,MODIS,48.7,0,290.8,68,2013,8,2013-08-23,23,medium,medium-high
37.943000000000005,-120.0334,2013-08-22,Aqua,MODIS,277.7,0,308.4,100,2013,8,2013-08-22,22,high,high
37.943000000000005,-119.7706,2013-08-26,Aqua,MODIS,66.8,0,290.4,100,2013,8,2013-08-26,26,high,medium-high
37.9431,-120.0917,2013-08-24,Terra,MODIS,15.6,0,291.1,78,2013,8,2013-08-24,24,high,low
37.9431,-119.9249,2013-08-24,Aqua,MODIS,50.2,0,303.5,92,2013,8,2013-08-24,24,high,medium-high
37.9437,-120.0895,2013-08-23,Terra,MODIS,217.9,0,292.8,59,2013,8,2013-08-23,23,medium,high
37.9437,-119.7568,2013-08-26,Aqua,MODIS,260.9,0,302.3,87,2013,8,2013-08-26,26,high,high
37.9438,-120.1323,2013-08-25,Aqua,MODIS,62.7,0,287.6,74,2013,8,2013-08-25,25,high,medium-high
37.9438,-120.0779,2013-08-23,Aqua,MODIS,137.1,0,294.4,89,2013,8,2013-08-23,23,high,high
37.944,-120.132,2013-08-27,Terra,MODIS,65.2,0,300.0,85,2013,8,2013-08-27,27,high,medium-high
37.944,-120.0903,2013-08-25,Aqua,MODIS,79.3,0,295.8,60,2013,8,2013-08-25,25,medium,medium-high
37.944,-119.9116,2013-08-22,Aqua,MODIS,983.9,0,331.0,100,2013,8,2013-08-22,22,high,high
37.9441,-120.1505,2013-08-29,Aqua,MODIS,17.9,0,291.5,50,2013,8,2013-08-29,29,medium,low
37.9441,-120.0981,2013-08-23,Terra,MODIS,195.3,0,292.3,63,2013,8,2013-08-23,23,medium,high
37.9441,-119.9801,2013-08-22,Terra,MODIS,115.3,0,297.1,100,2013,8,2013-08-22,22,high,medium-high
37.9441,-119.8153,2013-08-26,Aqua,MODIS,109.0,0,306.3,100,2013,8,2013-08-26,26,high,medium-high
37.9442,-119.8371,2013-08-24,Aqua,MODIS,77.0,0,302.0,98,2013,8,2013-08-24,24,high,medium-high
37.9443,-120.0936,2013-08-23,Terra,MODIS,21.5,0,299.5,77,2013,8,2013-08-23,23,high,medium-low
37.9444,-120.1199,2013-08-26,Aqua,MODIS,68.0,0,309.8,98,2013,8,2013-08-26,26,high,medium-high
37.9445,-119.767,2013-08-27,Terra,MODIS,82.2,0,291.5,73,2013,8,2013-08-27,27,high,medium-high
37.9446,-120.1263,2013-08-28,Terra,MODIS,148.2,0,302.2,100,2013,8,2013-08-28,28,high,high
37.9447,-120.1379,2013-08-27,Terra,MODIS,32.1,0,299.0,51,2013,8,2013-08-27,27,medium,medium-low
37.9447,-120.0166,2013-08-22,Aqua,MODIS,531.7,0,327.6,100,2013,8,2013-08-22,22,high,high
37.9448,-120.1355,2013-08-28,Aqua,MODIS,26.6,0,291.5,100,2013,8,2013-08-28,28,high,medium-low
37.9448,-119.8343,2013-08-24,Terra,MODIS,34.3,0,291.4,100,2013,8,2013-08-24,24,high,medium-low
37.9448,-119.8034,2013-09-20,Aqua,MODIS,31.1,0,307.7,85,2013,9,2013-09-20,20,high,medium-low
37.9449,-120.1116,2013-08-24,Terra,MODIS,418.5,0,298.6,99,2013,8,2013-08-24,24,high,high
37.945,-120.1021,2013-08-25,Aqua,MODIS,202.0,0,289.8,100,2013,8,2013-08-25,25,high,high
37.9451,-120.0633,2013-08-24,Aqua,MODIS,287.6,0,316.3,100,2013,8,2013-08-24,24,high,high
37.9454,-120.0798,2013-08-23,Terra,MODIS,552.7,0,297.0,100,2013,8,2013-08-23,23,high,high
37.9455,-119.9191,2013-08-23,Terra,MODIS,19.2,0,294.1,78,2013,8,2013-08-23,23,high,low
37.9456,-119.9681,2013-08-22,Terra,MODIS,41.7,0,296.6,100,2013,8,2013-08-22,22,high,medium-low
37.9457,-119.9626,2013-08-22,Aqua,MODIS,186.0,0,297.7,100,2013,8,2013-08-22,22,high,high
37.9458,-119.894,2013-08-22,Aqua,MODIS,3234.1,0,400.1,100,2013,8,2013-08-22,22,high,high
37.9458,-119.8245,2013-08-24,Aqua,MODIS,98.1,0,300.1,100,2013,8,2013-08-24,24,high,medium-high
37.9458,-119.8042,2013-08-26,Aqua,MODIS,47.8,0,301.4,88,2013,8,2013-08-26,26,high,medium-high
37.9459,-120.0422,2013-08-22,Terra,MODIS,6.9,0,291.4,64,2013,8,2013-08-22,22,medium,low
37.9461,-120.1189,2013-08-26,Terra,MODIS,43.4,0,291.0,100,2013,8,2013-08-26,26,high,medium-low
37.9461,-120.0955,2013-08-26,Aqua,MODIS,9.4,0,288.2,76,2013,8,2013-08-26,26,high,low
37.9462,-120.1083,2013-08-26,Aqua,MODIS,72.5,0,309.8,99,2013,8,2013-08-26,26,high,medium-high
37.9464,-120.0,2013-08-22,Aqua,MODIS,1989.1,0,400.1,100,2013,8,2013-08-22,22,high,high
37.9465,-120.069,2013-08-24,Terra,MODIS,34.6,0,295.8,100,2013,8,2013-08-24,24,high,medium-low
37.9466,-120.0934,2013-08-25,Terra,MODIS,28.7,0,299.9,83,2013,8,2013-08-25,25,high,medium-low
37.9467,-120.0504,2013-08-24,Aqua,MODIS,186.2,0,307.8,100,2013,8,2013-08-24,24,high,high
37.9467,-119.9211,2013-08-26,Aqua,MODIS,13.1,0,300.9,51,2013,8,2013-08-26,26,medium,low
37.9467,-119.792,2013-09-20,Aqua,MODIS,26.9,0,302.3,72,2013,9,2013-09-20,20,high,medium-low
37.947,-120.0665,2013-08-24,Terra,MODIS,113.9,0,295.9,62,2013,8,2013-08-24,24,medium,medium-high
37.9471,-119.9558,2013-08-22,Terra,MODIS,63.5,0,298.8,100,2013,8,2013-08-22,22,high,medium-high
37.9474,-120.1455,2013-08-26,Terra,MODIS,49.0,0,299.6,73,2013,8,2013-08-26,26,high,medium-high
37.9474,-120.0302,2013-08-22,Terra,MODIS,64.4,0,296.8,100,2013,8,2013-08-22,22,high,medium-high
37.9474,-119.8768,2013-08-22,Aqua,MODIS,3242.5,0,400.1,100,2013,8,2013-08-22,22,high,high
37.9477,-120.1423,2013-08-28,Terra,MODIS,116.9,0,300.2,98,2013,8,2013-08-28,28,high,medium-high
37.9477,-119.9646,2013-08-24,Aqua,MODIS,54.6,0,304.0,93,2013,8,2013-08-24,24,high,medium-high
37.9478,-120.1067,2013-08-26,Aqua,MODIS,121.0,0,297.3,100,2013,8,2013-08-26,26,high,high
37.9479,-120.097,2013-08-26,Aqua,MODIS,32.6,0,305.8,88,2013,8,2013-08-26,26,high,medium-low
37.948,-119.9838,2013-08-22,Aqua,MODIS,1337.0,0,327.2,100,2013,8,2013-08-22,22,high,high
37.948,-119.8685,2013-08-23,Terra,MODIS,208.9,0,295.9,87,2013,8,2013-08-23,23,high,high
37.9481,-120.1061,2013-08-25,Terra,MODIS,37.8,0,298.2,85,2013,8,2013-08-25,25,high,medium-low
37.9482,-120.0579,2013-08-24,Terra,MODIS,29.3,0,293.2,100,2013,8,2013-08-24,24,high,medium-low
37.9485,-120.153,2013-08-28,Aqua,MODIS,183.6,0,307.6,100,2013,8,2013-08-28,28,high,high
37.9486,-119.7468,2013-09-09,Terra,MODIS,19.8,0,292.3,100,2013,9,2013-09-09,9,high,low
37.9487,-119.9434,2013-08-22,Terra,MODIS,41.4,0,293.7,100,2013,8,2013-08-22,22,high,medium-low
37.9488,-120.1039,2013-08-26,Terra,MODIS,62.1,0,291.9,100,2013,8,2013-08-26,26,high,medium-high
37.9489,-120.0181,2013-08-22,Terra,MODIS,79.1,0,299.4,100,2013,8,2013-08-22,22,high,medium-high
37.949,-119.8605,2013-08-22,Aqua,MODIS,405.3,0,306.1,100,2013,8,2013-08-22,22,high,high
37.9491,-119.9289,2013-08-24,Terra,MODIS,9.2,0,287.8,50,2013,8,2013-08-24,24,medium,low
37.9495,-120.1179,2013-08-26,Aqua,MODIS,69.6,0,293.8,100,2013,8,2013-08-26,26,high,medium-high
37.9495,-119.9814,2013-08-22,Aqua,MODIS,153.8,0,294.6,100,2013,8,2013-08-22,22,high,high
37.9495,-119.968,2013-08-22,Aqua,MODIS,47.0,0,299.7,66,2013,8,2013-08-22,22,medium,medium-high
37.9496,-119.8252,2013-08-23,Terra,MODIS,22.8,0,290.4,50,2013,8,2013-08-23,23,medium,medium-low
37.9497,-120.1021,2013-08-24,Aqua,MODIS,102.9,0,303.7,100,2013,8,2013-08-24,24,high,medium-high
37.9498,-120.0691,2013-08-23,Terra,MODIS,109.8,0,301.8,100,2013,8,2013-08-23,23,high,medium-high
37.9498,-120.0413,2013-08-25,Terra,MODIS,15.9,0,303.0,76,2013,8,2013-08-25,25,high,low
37.9501,-120.0964,2013-08-26,Terra,MODIS,342.3,0,304.3,100,2013,8,2013-08-26,26,high,high
37.9504,-120.006,2013-08-22,Terra,MODIS,15.5,0,291.3,92,2013,8,2013-08-22,22,high,low
37.9506,-120.1055,2013-08-25,Terra,MODIS,51.4,0,288.5,81,2013,8,2013-08-25,25,high,medium-high
37.9507,-119.953,2013-08-23,Terra,MODIS,35.9,0,298.8,89,2013,8,2013-08-23,23,high,medium-low
37.9508,-120.1328,2013-08-27,Terra,MODIS,29.0,0,290.9,54,2013,8,2013-08-27,27,medium,medium-low
37.9508,-119.9177,2013-08-24,Terra,MODIS,24.6,0,289.5,100,2013,8,2013-08-24,24,high,medium-low
37.951,-120.1385,2013-08-28,Aqua,MODIS,697.0,0,316.8,100,2013,8,2013-08-28,28,high,high
37.9511,-120.07,2013-08-24,Terra,MODIS,162.1,0,295.8,78,2013,8,2013-08-24,24,high,high
37.9512,-120.0899,2013-08-24,Aqua,MODIS,107.1,0,301.0,100,2013,8,2013-08-24,24,high,medium-high
37.9513,-119.9507,2013-08-22,Aqua,MODIS,208.3,0,303.7,100,2013,8,2013-08-22,22,high,high
37.9513,-119.8364,2013-08-23,Terra,MODIS,45.2,0,294.5,92,2013,8,2013-08-23,23,high,medium-low
37.9514,-120.0543,2013-08-25,Terra,MODIS,18.7,0,300.1,77,2013,8,2013-08-25,25,high,low
37.9515,-120.0803,2013-08-23,Terra,MODIS,76.0,0,303.5,99,2013,8,2013-08-23,23,high,medium-high
37.9516,-120.1334,2013-08-26,Aqua,MODIS,38.4,0,307.7,80,2013,8,2013-08-26,26,high,medium-low
37.9518,-120.1106,2013-08-25,Terra,MODIS,38.8,0,288.2,69,2013,8,2013-08-25,25,medium,medium-low
37.952,-120.0938,2013-08-24,Terra,MODIS,20.8,0,291.2,85,2013,8,2013-08-24,24,high,medium-low
37.9523,-120.1489,2013-08-29,Terra,MODIS,33.0,0,293.7,100,2013,8,2013-08-29,29,high,medium-low
37.9524,-119.9642,2013-08-23,Terra,MODIS,41.2,0,300.0,92,2013,8,2013-08-23,23,high,medium-low
37.9527,-120.0778,2013-08-24,Aqua,MODIS,314.4,0,317.9,100,2013,8,2013-08-24,24,high,high
37.9527,-120.0719,2013-08-25,Terra,MODIS,33.2,0,288.4,61,2013,8,2013-08-25,25,medium,medium-low
37.9527,-120.0238,2013-08-24,Terra,MODIS,99.2,0,296.9,73,2013,8,2013-08-24,24,high,medium-high
37.9528,-119.8256,2013-08-24,Terra,MODIS,250.9,0,296.4,71,2013,8,2013-08-24,24,high,high
37.953,-119.8174,2013-08-26,Aqua,MODIS,60.0,0,303.8,96,2013,8,2013-08-26,26,high,medium-high
37.9531,-119.9387,2013-08-22,Aqua,MODIS,20.7,0,288.9,72,2013,8,2013-08-22,22,high,low
37.9531,-119.9318,2013-08-22,Aqua,MODIS,65.8,0,301.6,82,2013,8,2013-08-22,22,high,medium-high
37.9532,-120.0915,2013-08-23,Terra,MODIS,45.8,0,300.7,91,2013,8,2013-08-23,23,high,medium-low
37.9533,-120.122,2013-08-26,Aqua,MODIS,87.1,0,317.0,95,2013,8,2013-08-26,26,high,medium-high
37.9533,-119.9998,2013-08-22,Aqua,MODIS,25.3,0,290.1,72,2013,8,2013-08-22,22,high,medium-low
37.9536,-120.0788,2013-08-25,Terra,MODIS,43.4,0,288.5,74,2013,8,2013-08-25,25,high,medium-low
37.9536,-119.8385,2013-08-24,Aqua,MODIS,24.3,0,299.4,73,2013,8,2013-08-24,24,high,medium-low
37.9537,-120.0825,2013-08-24,Terra,MODIS,20.2,0,293.4,66,2013,8,2013-08-24,24,medium,low
37.9538,-120.135,2013-08-29,Terra,MODIS,24.3,0,293.3,79,2013,8,2013-08-29,29,high,medium-low
37.9539,-120.0352,2013-08-22,Aqua,MODIS,982.7,0,320.6,100,2013,8,2013-08-22,22,high,high
37.954,-120.1165,2013-08-27,Terra,MODIS,41.9,0,302.3,57,2013,8,2013-08-27,27,medium,medium-low
37.9541,-119.8049,2013-09-20,Aqua,MODIS,79.6,0,308.7,99,2013,9,2013-09-20,20,high,medium-high
37.9542,-121.1547,2013-10-17,Terra,MODIS,15.0,0,299.9,77,2013,10,2013-10-17,17,high,low
37.9542,-120.1333,2013-08-28,Aqua,MODIS,14.8,0,290.7,57,2013,8,2013-08-28,28,medium,low
37.9542,-120.0249,2013-08-22,Terra,MODIS,19.1,0,291.6,98,2013,8,2013-08-22,22,high,low
37.9542,-120.0157,2013-08-22,Terra,MODIS,1034.1,0,301.4,87,2013,8,2013-08-22,22,high,high
37.9543,-120.0873,2013-08-23,Terra,MODIS,401.8,0,293.3,100,2013,8,2013-08-23,23,high,high
37.9543,-120.0654,2013-08-24,Aqua,MODIS,763.2,0,332.9,100,2013,8,2013-08-24,24,high,high
37.9545,-119.9683,2013-08-23,Aqua,MODIS,37.6,0,293.9,54,2013,8,2013-08-23,23,medium,medium-low
37.9547,-119.8062,2013-08-26,Aqua,MODIS,61.2,0,300.9,91,2013,8,2013-08-26,26,high,medium-high
37.9549,-119.9139,2013-08-22,Aqua,MODIS,700.9,0,318.6,100,2013,8,2013-08-22,22,high,high
37.955,-120.1193,2013-08-26,Terra,MODIS,805.0,0,310.5,100,2013,8,2013-08-26,26,high,high
37.955,-120.0935,2013-08-26,Aqua,MODIS,31.3,0,291.8,100,2013,8,2013-08-26,26,high,medium-low
37.9551,-120.1292,2013-08-27,Terra,MODIS,152.2,0,302.2,99,2013,8,2013-08-27,27,high,high
37.9551,-120.1105,2013-08-26,Aqua,MODIS,517.1,0,338.3,100,2013,8,2013-08-26,26,high,high
37.9551,-119.8261,2013-08-24,Aqua,MODIS,654.5,0,320.7,100,2013,8,2013-08-24,24,high,high
37.9552,-120.0404,2013-08-22,Aqua,MODIS,153.6,0,306.5,100,2013,8,2013-08-22,22,high,high
37.9553,-119.8253,2013-08-24,Terra,MODIS,24.4,0,289.7,60,2013,8,2013-08-24,24,medium,medium-low
37.9554,-120.0711,2013-08-24,Terra,MODIS,41.7,0,294.1,100,2013,8,2013-08-24,24,high,medium-low
37.9555,-120.0188,2013-08-22,Aqua,MODIS,2370.1,0,400.1,100,2013,8,2013-08-22,22,high,high
37.9558,-120.1351,2013-08-27,Terra,MODIS,86.6,0,300.4,91,2013,8,2013-08-27,27,high,medium-high
37.9559,-120.077,2013-08-23,Aqua,MODIS,254.5,0,298.3,100,2013,8,2013-08-23,23,high,high
37.9559,-120.0523,2013-08-24,Aqua,MODIS,65.6,0,302.2,96,2013,8,2013-08-24,24,high,medium-high
37.9559,-120.0242,2013-08-22,Terra,MODIS,791.8,0,301.2,94,2013,8,2013-08-22,22,high,high
37.956,-120.0913,2013-08-25,Terra,MODIS,29.2,0,298.4,70,2013,8,2013-08-25,25,medium,medium-low
37.956,-119.7934,2013-09-20,Aqua,MODIS,79.7,0,305.5,86,2013,9,2013-09-20,20,high,medium-high
37.9564,-119.958,2013-08-22,Terra,MODIS,17.2,0,289.2,92,2013,8,2013-08-22,22,high,low
37.9564,-119.8086,2013-08-30,Terra,MODIS,29.1,0,290.0,59,2013,8,2013-08-30,30,medium,medium-low
37.9566,-119.8138,2013-08-24,Aqua,MODIS,171.4,0,299.2,100,2013,8,2013-08-24,24,high,high
37.9567,-120.1047,2013-08-26,Aqua,MODIS,106.1,0,296.0,100,2013,8,2013-08-26,26,high,medium-high
37.9567,-120.0908,2013-08-25,Aqua,MODIS,77.3,0,288.6,92,2013,8,2013-08-25,25,high,medium-high
37.9568,-120.0991,2013-08-26,Aqua,MODIS,207.0,0,313.7,100,2013,8,2013-08-26,26,high,high
37.9568,-120.0245,2013-08-22,Aqua,MODIS,1988.7,0,400.1,100,2013,8,2013-08-22,22,high,high
37.957,-119.9667,2013-08-24,Aqua,MODIS,88.9,0,303.2,100,2013,8,2013-08-24,24,high,medium-high
37.957,-119.7994,2013-09-01,Terra,MODIS,13.3,0,294.1,51,2013,9,2013-09-01,1,medium,low
37.9571,-120.06,2013-08-24,Terra,MODIS,10.0,0,290.7,51,2013,8,2013-08-24,24,medium,low
37.9572,-120.0022,2013-08-22,Aqua,MODIS,1701.3,0,400.1,100,2013,8,2013-08-22,22,high,high
37.9573,-119.9599,2013-08-22,Aqua,MODIS,15.9,0,288.5,59,2013,8,2013-08-22,22,medium,low
37.9573,-119.9476,2013-08-25,Terra,MODIS,39.1,0,300.1,85,2013,8,2013-08-25,25,high,medium-low
37.958,-119.9454,2013-08-22,Terra,MODIS,6.4,0,289.2,50,2013,8,2013-08-22,22,medium,low
37.9581,-120.14,2013-08-28,Terra,MODIS,75.2,0,300.5,92,2013,8,2013-08-28,28,high,medium-high
37.9585,-119.9542,2013-08-24,Aqua,MODIS,36.6,0,298.4,86,2013,8,2013-08-24,24,high,medium-low
37.9588,-120.1062,2013-08-26,Terra,MODIS,39.8,0,290.2,100,2013,8,2013-08-26,26,high,medium-low
37.9588,-120.0613,2013-08-24,Aqua,MODIS,37.5,0,292.3,80,2013,8,2013-08-24,24,high,medium-low
37.9588,-119.96,2013-08-25,Terra,MODIS,22.1,0,301.4,50,2013,8,2013-08-25,25,medium,medium-low
37.9589,-119.9856,2013-08-22,Aqua,MODIS,2267.5,0,339.0,100,2013,8,2013-08-22,22,high,high
37.9592,-120.0397,2013-08-25,Terra,MODIS,11.7,0,302.6,56,2013,8,2013-08-25,25,medium,low
37.9595,-121.0957,2013-12-20,Terra,MODIS,16.7,0,285.1,78,2013,12,2013-12-20,20,high,low
37.9597,-120.0947,2013-08-25,Aqua,MODIS,120.9,0,292.9,51,2013,8,2013-08-25,25,medium,high
37.9599,-119.991,2013-08-22,Aqua,MODIS,2073.5,0,400.1,100,2013,8,2013-08-22,22,high,high
37.96,-119.8621,2013-08-22,Aqua,MODIS,787.3,0,300.9,100,2013,8,2013-08-22,22,high,high
37.9601,-121.0974,2013-04-01,Terra,MODIS,5.5,0,293.2,66,2013,4,2013-04-01,1,medium,low
37.9602,-119.8342,2013-08-23,Terra,MODIS,86.9,0,297.7,100,2013,8,2013-08-23,23,high,medium-high
37.9604,-120.0921,2013-08-24,Aqua,MODIS,34.1,0,297.1,81,2013,8,2013-08-24,24,high,medium-low
37.9604,-120.0783,2013-08-23,Terra,MODIS,84.3,0,301.1,100,2013,8,2013-08-23,23,high,medium-high
37.9604,-119.9699,2013-08-22,Aqua,MODIS,79.9,0,297.9,86,2013,8,2013-08-22,22,high,medium-high
37.9608,-120.0526,2013-08-25,Terra,MODIS,406.2,0,311.8,100,2013,8,2013-08-25,25,high,high
37.9609,-120.0959,2013-08-24,Terra,MODIS,16.2,0,290.3,96,2013,8,2013-08-24,24,high,low
37.961,-120.1405,2013-08-28,Aqua,MODIS,145.3,0,302.6,100,2013,8,2013-08-28,28,high,high
37.961,-119.7957,2013-08-30,Aqua,MODIS,14.9,0,289.9,56,2013,8,2013-08-30,30,medium,low
37.9612,-119.9621,2013-08-23,Terra,MODIS,179.9,0,303.5,100,2013,8,2013-08-23,23,high,high
37.9613,-122.3622,2013-02-06,Aqua,MODIS,4.3,0,292.9,54,2013,2,2013-02-06,6,medium,low
37.9613,-120.0757,2013-08-24,Aqua,MODIS,104.4,0,295.5,100,2013,8,2013-08-24,24,high,medium-high
37.9614,-119.9752,2013-08-22,Aqua,MODIS,328.4,0,301.8,100,2013,8,2013-08-22,22,high,high
37.9617,-119.8451,2013-08-22,Aqua,MODIS,64.7,0,301.2,69,2013,8,2013-08-22,22,medium,medium-high
37.9618,-120.0605,2013-08-24,Terra,MODIS,919.7,0,297.2,100,2013,8,2013-08-24,24,high,high
37.9618,-119.9668,2013-08-24,Terra,MODIS,18.7,0,290.0,100,2013,8,2013-08-24,24,high,low
37.9618,-119.9634,2013-08-24,Aqua,MODIS,9.0,0,286.8,57,2013,8,2013-08-24,24,medium,low
37.9619,-120.0801,2013-08-24,Aqua,MODIS,179.2,0,311.3,100,2013,8,2013-08-24,24,high,high
37.9619,-120.0651,2013-08-26,Aqua,MODIS,31.7,0,306.2,87,2013,8,2013-08-26,26,high,medium-low
37.9619,-119.8196,2013-08-26,Aqua,MODIS,36.4,0,302.0,88,2013,8,2013-08-26,26,high,medium-low
37.962,-121.9349,2013-07-01,Aqua,MODIS,61.1,0,315.4,81,2013,7,2013-07-01,1,high,medium-high
37.9621,-120.0895,2013-08-23,Terra,MODIS,57.7,0,300.4,94,2013,8,2013-08-23,23,high,medium-high
37.9622,-120.064,2013-08-25,Terra,MODIS,124.6,0,307.2,100,2013,8,2013-08-25,25,high,high
37.9623,-120.1238,2013-08-26,Aqua,MODIS,64.3,0,311.8,75,2013,8,2013-08-26,26,high,medium-high
37.9623,-120.0883,2013-08-26,Terra,MODIS,265.9,0,302.2,100,2013,8,2013-08-26,26,high,high
37.9626,-120.0845,2013-08-24,Terra,MODIS,22.9,0,292.2,100,2013,8,2013-08-24,24,high,medium-low
37.9626,-119.8157,2013-08-24,Terra,MODIS,262.5,0,295.6,68,2013,8,2013-08-24,24,medium,high
37.9628,-120.0937,2013-08-26,Terra,MODIS,644.3,0,305.8,100,2013,8,2013-08-26,26,high,high
37.9629,-119.9733,2013-08-23,Terra,MODIS,69.6,0,302.9,99,2013,8,2013-08-23,23,high,medium-high
37.9629,-119.8404,2013-08-24,Aqua,MODIS,19.3,0,298.0,59,2013,8,2013-08-24,24,medium,low
37.9633,-119.8738,2013-08-23,Terra,MODIS,170.8,0,294.8,58,2013,8,2013-08-23,23,medium,high
37.9635,-120.0678,2013-08-24,Aqua,MODIS,511.8,0,321.5,100,2013,8,2013-08-24,24,high,high
37.9635,-119.8083,2013-08-26,Aqua,MODIS,80.3,0,301.5,100,2013,8,2013-08-26,26,high,medium-high
37.9636,-120.1306,2013-08-28,Aqua,MODIS,66.3,0,294.2,100,2013,8,2013-08-28,28,high,medium-high
37.9636,-120.0542,2013-08-26,Aqua,MODIS,44.6,0,306.4,92,2013,8,2013-08-26,26,high,medium-low
37.9636,-119.9446,2013-08-25,Aqua,MODIS,38.2,0,286.2,61,2013,8,2013-08-25,25,medium,medium-low
37.9637,-120.089,2013-08-24,Aqua,MODIS,41.1,0,291.6,95,2013,8,2013-08-24,24,high,medium-low
37.9639,-121.905,2013-07-01,Aqua,MODIS,116.7,0,312.4,88,2013,7,2013-07-01,1,high,medium-high
37.9639,-120.0914,2013-08-26,Aqua,MODIS,15.3,0,289.1,81,2013,8,2013-08-26,26,high,low
37.964,-120.1124,2013-08-26,Aqua,MODIS,366.5,0,319.2,100,2013,8,2013-08-26,26,high,high
37.9642,-119.8274,2013-08-24,Terra,MODIS,19.4,0,288.9,82,2013,8,2013-08-24,24,high,low
37.9645,-119.8279,2013-08-24,Aqua,MODIS,144.7,0,301.9,100,2013,8,2013-08-24,24,high,high
37.9648,-120.0362,2013-08-22,Aqua,MODIS,184.4,0,299.3,100,2013,8,2013-08-22,22,high,high
37.9652,-120.1438,2013-08-28,Aqua,MODIS,43.6,0,292.6,100,2013,8,2013-08-28,28,high,medium-low
37.9652,-120.0544,2013-08-24,Aqua,MODIS,26.8,0,298.6,79,2013,8,2013-08-24,24,high,medium-low
37.9652,-119.9443,2013-08-24,Terra,MODIS,25.1,0,290.5,92,2013,8,2013-08-24,24,high,medium-low
37.9656,-120.1026,2013-08-26,Aqua,MODIS,18.5,0,288.4,100,2013,8,2013-08-26,26,high,low
37.9657,-120.1011,2013-08-26,Aqua,MODIS,102.4,0,301.2,100,2013,8,2013-08-26,26,high,medium-high
37.9659,-119.9153,2013-08-22,Aqua,MODIS,137.9,0,299.7,87,2013,8,2013-08-22,22,high,high
37.966,-120.123,2013-08-30,Aqua,MODIS,44.2,0,304.8,68,2013,8,2013-08-30,30,medium,medium-low
37.9661,-120.125,2013-08-27,Terra,MODIS,46.4,0,298.8,62,2013,8,2013-08-27,27,medium,medium-low
37.9664,-120.0203,2013-08-22,Aqua,MODIS,836.7,0,313.9,100,2013,8,2013-08-22,22,high,high
37.9667,-119.9375,2013-08-23,Terra,MODIS,25.2,0,295.3,50,2013,8,2013-08-23,23,medium,medium-low
37.9673,-120.0751,2013-08-25,Terra,MODIS,75.3,0,288.3,94,2013,8,2013-08-25,25,high,medium-high
37.9674,-120.1478,2013-08-28,Terra,MODIS,34.7,0,282.3,76,2013,8,2013-08-28,28,high,medium-low
37.9677,-120.0555,2013-08-26,Aqua,MODIS,9.0,0,288.7,74,2013,8,2013-08-26,26,high,low
37.9677,-120.0255,2013-08-22,Aqua,MODIS,227.4,0,305.9,100,2013,8,2013-08-22,22,high,high
37.9678,-120.1129,2013-08-26,Terra,MODIS,1525.4,0,314.3,100,2013,8,2013-08-26,26,high,high
37.9681,-120.1183,2013-08-26,Terra,MODIS,1238.6,0,312.8,100,2013,8,2013-08-26,26,high,high
37.9681,-120.004,2013-08-22,Aqua,MODIS,2930.7,0,400.1,100,2013,8,2013-08-22,22,high,high
37.9681,-119.9041,2013-08-22,Aqua,MODIS,1030.7,0,317.3,87,2013,8,2013-08-22,22,high,high
37.9682,-120.082,2013-08-25,Terra,MODIS,62.9,0,288.0,65,2013,8,2013-08-25,25,medium,medium-high
37.9682,-120.0742,2013-08-23,Aqua,MODIS,98.5,0,291.5,96,2013,8,2013-08-23,23,high,medium-high
37.9686,-120.0564,2013-08-26,Terra,MODIS,287.7,0,301.1,100,2013,8,2013-08-26,26,high,high
37.9686,-119.8008,2013-09-07,Aqua,MODIS,28.2,0,309.0,50,2013,9,2013-09-07,7,medium,medium-low
37.969,-119.947,2013-08-24,Aqua,MODIS,18.6,0,287.0,90,2013,8,2013-08-24,24,high,low
37.9691,-120.0785,2013-08-26,Aqua,MODIS,172.1,0,314.4,100,2013,8,2013-08-26,26,high,high
37.9692,-120.0093,2013-08-22,Aqua,MODIS,1536.7,0,341.8,100,2013,8,2013-08-22,22,high,high
37.9694,-120.0669,2013-08-26,Aqua,MODIS,28.8,0,290.3,100,2013,8,2013-08-26,26,high,medium-low
37.9694,-119.9437,2013-08-24,Aqua,MODIS,66.9,0,298.9,95,2013,8,2013-08-24,24,high,medium-high
37.9694,-119.8037,2013-08-28,Aqua,MODIS,37.4,0,294.5,77,2013,8,2013-08-28,28,high,medium-low
37.9696,-119.8399,2013-08-23,Aqua,MODIS,148.5,0,293.1,79,2013,8,2013-08-23,23,high,high
37.9697,-120.0939,2013-08-24,Aqua,MODIS,22.5,0,292.5,60,2013,8,2013-08-24,24,medium,medium-low
37.9697,-120.0634,2013-08-26,Terra,MODIS,381.6,0,302.1,100,2013,8,2013-08-26,26,high,high
37.9697,-119.8053,2013-08-29,Terra,MODIS,27.4,0,289.9,100,2013,8,2013-08-29,29,high,medium-low
37.9698,-119.9873,2013-08-22,Aqua,MODIS,3110.5,0,400.1,100,2013,8,2013-08-22,22,high,high
37.9699,-119.8262,2013-08-24,Aqua,MODIS,22.9,0,287.9,54,2013,8,2013-08-24,24,medium,medium-low
37.97,-120.0569,2013-08-25,Aqua,MODIS,48.4,0,287.9,72,2013,8,2013-08-25,25,high,medium-high
37.9702,-120.1026,2013-08-30,Aqua,MODIS,89.3,0,302.6,87,2013,8,2013-08-30,30,high,medium-high
37.9703,-119.7834,2013-09-07,Aqua,MODIS,53.6,0,307.0,62,2013,9,2013-09-07,7,medium,medium-high
37.9706,-120.1046,2013-08-31,Terra,MODIS,14.7,0,293.7,80,2013,8,2013-08-31,31,high,low
37.9706,-119.8121,2013-08-29,Aqua,MODIS,71.3,0,299.3,59,2013,8,2013-08-29,29,medium,medium-high
37.9707,-120.0539,2013-08-27,Terra,MODIS,39.3,0,299.3,79,2013,8,2013-08-27,27,high,medium-low
37.9707,-119.8217,2013-08-26,Aqua,MODIS,93.2,0,304.1,100,2013,8,2013-08-26,26,high,medium-high
37.9707,-119.8014,2013-08-31,Aqua,MODIS,22.5,0,300.1,61,2013,8,2013-08-31,31,medium,medium-low
37.9708,-120.1076,2013-08-30,Terra,MODIS,26.6,0,306.5,70,2013,8,2013-08-30,30,medium,medium-low
37.9708,-120.0673,2013-08-26,Aqua,MODIS,94.5,0,309.9,100,2013,8,2013-08-26,26,high,medium-high
37.9708,-119.993,2013-08-22,Aqua,MODIS,3089.9,0,400.1,100,2013,8,2013-08-22,22,high,high
37.971,-120.0874,2013-08-23,Terra,MODIS,52.7,0,296.3,93,2013,8,2013-08-23,23,high,medium-high
37.9711,-120.0781,2013-08-26,Aqua,MODIS,20.4,0,289.5,100,2013,8,2013-08-26,26,high,low
37.9712,-120.0819,2013-08-24,Aqua,MODIS,23.2,0,294.0,69,2013,8,2013-08-24,24,medium,medium-low
37.9714,-119.9706,2013-08-22,Aqua,MODIS,116.7,0,296.6,97,2013,8,2013-08-22,22,high,medium-high
37.9714,-119.8407,2013-08-24,Terra,MODIS,23.5,0,290.2,100,2013,8,2013-08-24,24,high,medium-low
37.9715,-120.0867,2013-08-24,Terra,MODIS,17.4,0,290.1,96,2013,8,2013-08-24,24,high,low
37.9715,-119.9071,2013-08-28,Aqua,MODIS,57.7,0,303.5,87,2013,8,2013-08-28,28,high,medium-high
37.9718,-120.0627,2013-08-25,Terra,MODIS,128.1,0,300.2,100,2013,8,2013-08-25,25,high,high
37.9719,-121.1162,2013-12-20,Terra,MODIS,13.2,0,285.6,74,2013,12,2013-12-20,20,high,low
37.9719,-119.8994,2013-08-24,Terra,MODIS,9.2,0,288.7,74,2013,8,2013-08-24,24,high,low
37.9719,-119.8358,2013-08-23,Aqua,MODIS,196.3,0,293.6,83,2013,8,2013-08-23,23,high,high
37.9722,-119.8427,2013-08-24,Aqua,MODIS,27.2,0,297.2,73,2013,8,2013-08-24,24,high,medium-low
37.9724,-119.9761,2013-08-22,Aqua,MODIS,645.2,0,300.3,100,2013,8,2013-08-22,22,high,high
37.9724,-119.8104,2013-08-26,Aqua,MODIS,522.6,0,313.7,100,2013,8,2013-08-26,26,high,high
37.9725,-119.9671,2013-08-29,Terra,MODIS,10.4,0,287.3,60,2013,8,2013-08-29,29,medium,low
37.9725,-119.7966,2013-09-02,Terra,MODIS,11.7,0,286.5,78,2013,9,2013-09-02,2,high,low
37.9725,-119.7751,2013-09-13,Aqua,MODIS,26.1,0,303.4,58,2013,9,2013-09-13,13,medium,medium-low
37.9728,-120.0893,2013-08-26,Aqua,MODIS,11.2,0,287.7,83,2013,8,2013-08-26,26,high,low
37.9729,-119.7843,2013-09-09,Aqua,MODIS,48.0,0,304.9,67,2013,9,2013-09-09,9,medium,medium-high
37.9731,-119.8295,2013-08-24,Terra,MODIS,20.6,0,289.6,84,2013,8,2013-08-24,24,high,low
37.9733,-120.0748,2013-08-25,Terra,MODIS,61.3,0,296.5,93,2013,8,2013-08-25,25,high,medium-high
37.9734,-119.9274,2013-08-26,Aqua,MODIS,38.2,0,299.2,84,2013,8,2013-08-26,26,high,medium-low
37.9735,-119.8327,2013-08-23,Terra,MODIS,302.7,0,293.3,100,2013,8,2013-08-23,23,high,high
37.9737,-120.0807,2013-08-26,Terra,MODIS,36.1,0,290.6,100,2013,8,2013-08-26,26,high,medium-low
37.9737,-119.8302,2013-08-24,Aqua,MODIS,99.7,0,298.1,100,2013,8,2013-08-24,24,high,medium-high
37.974,-119.9532,2013-08-29,Terra,MODIS,14.7,0,288.5,78,2013,8,2013-08-29,29,high,low
37.974,-119.9057,2013-08-24,Aqua,MODIS,23.0,0,299.1,54,2013,8,2013-08-24,24,medium,medium-low
37.9741,-119.799,2013-08-26,Aqua,MODIS,61.0,0,293.8,95,2013,8,2013-08-26,26,high,medium-high
37.9744,-120.0562,2013-08-24,Aqua,MODIS,22.0,0,295.6,52,2013,8,2013-08-24,24,medium,medium-low
37.9746,-120.0833,2013-08-26,Terra,MODIS,476.2,0,298.4,100,2013,8,2013-08-26,26,high,high
37.9749,-120.0876,2013-08-25,Terra,MODIS,23.7,0,292.8,63,2013,8,2013-08-25,25,medium,medium-low
37.9749,-119.8019,2013-08-31,Terra,MODIS,12.1,0,289.5,69,2013,8,2013-08-31,31,medium,low
37.9751,-120.0887,2013-08-26,Terra,MODIS,277.2,0,296.5,100,2013,8,2013-08-26,26,high,high
37.9753,-119.7977,2013-08-29,Aqua,MODIS,59.5,0,297.6,63,2013,8,2013-08-29,29,medium,medium-high
37.9755,-119.8938,2013-08-24,Aqua,MODIS,68.7,0,301.9,73,2013,8,2013-08-24,24,high,medium-high
37.9756,-120.1053,2013-08-27,Terra,MODIS,77.6,0,296.8,89,2013,8,2013-08-27,27,high,medium-high
37.9756,-119.9698,2013-08-24,Aqua,MODIS,15.6,0,301.8,51,2013,8,2013-08-24,24,medium,low
37.9756,-119.8218,2013-08-25,Terra,MODIS,24.6,0,291.3,67,2013,8,2013-08-25,25,medium,medium-low
37.9758,-119.9259,2013-08-26,Aqua,MODIS,13.8,0,285.9,87,2013,8,2013-08-26,26,high,low
37.9761,-120.1136,2013-08-28,Aqua,MODIS,67.1,0,300.3,93,2013,8,2013-08-28,28,high,medium-high
37.9761,-120.0674,2013-08-26,Terra,MODIS,54.5,0,291.2,100,2013,8,2013-08-26,26,high,medium-high
37.9764,-119.8089,2013-08-28,Terra,MODIS,28.2,0,295.4,60,2013,8,2013-08-28,28,medium,medium-low
37.9764,-119.7906,2013-08-31,Terra,MODIS,14.0,0,288.3,82,2013,8,2013-08-31,31,high,low
37.9765,-119.7871,2013-09-11,Terra,MODIS,11.9,0,287.1,67,2013,9,2013-09-11,11,medium,low
37.9766,-120.1124,2013-08-29,Terra,MODIS,10.8,0,290.3,55,2013,8,2013-08-29,29,medium,low
37.9766,-120.0534,2013-08-26,Aqua,MODIS,21.5,0,290.1,100,2013,8,2013-08-26,26,high,medium-low
37.9768,-120.0862,2013-08-26,Aqua,MODIS,118.0,0,308.9,100,2013,8,2013-08-26,26,high,medium-high
37.9769,-119.8262,2013-08-26,Terra,MODIS,27.8,0,288.5,100,2013,8,2013-08-26,26,high,medium-low
37.9771,-119.9577,2013-08-24,Aqua,MODIS,43.1,0,298.9,89,2013,8,2013-08-24,24,high,medium-low
37.9771,-119.8142,2013-08-26,Aqua,MODIS,32.3,0,290.3,100,2013,8,2013-08-26,26,high,medium-low
37.9775,-119.9372,2013-08-26,Aqua,MODIS,14.0,0,287.5,79,2013,8,2013-08-26,26,high,low
37.978,-119.8301,2013-08-23,Terra,MODIS,148.7,0,299.8,100,2013,8,2013-08-23,23,high,high
37.9782,-120.0976,2013-08-29,Terra,MODIS,28.4,0,291.7,100,2013,8,2013-08-29,29,high,medium-low
37.9783,-120.0646,2013-08-26,Aqua,MODIS,76.2,0,294.0,100,2013,8,2013-08-26,26,high,medium-high
37.9784,-120.0544,2013-08-26,Terra,MODIS,23.3,0,289.9,97,2013,8,2013-08-26,26,high,medium-low
37.9785,-120.075,2013-08-26,Aqua,MODIS,481.4,0,330.3,100,2013,8,2013-08-26,26,high,high
37.9788,-119.7741,2013-09-11,Aqua,MODIS,7.5,0,286.2,50,2013,9,2013-09-11,11,medium,low
37.9789,-119.9519,2013-08-26,Aqua,MODIS,24.0,0,303.4,78,2013,8,2013-08-26,26,high,medium-low
37.9789,-119.7775,2013-09-10,Terra,MODIS,36.9,0,304.0,75,2013,9,2013-09-10,10,high,medium-low
37.979,-119.7971,2013-08-27,Terra,MODIS,49.1,0,287.6,87,2013,8,2013-08-27,27,high,medium-high
37.9791,-119.9485,2013-08-26,Aqua,MODIS,12.1,0,285.3,79,2013,8,2013-08-26,26,high,low
37.9794,-119.8119,2013-08-26,Terra,MODIS,64.4,0,288.8,100,2013,8,2013-08-26,26,high,medium-high
37.9795,-120.1066,2013-08-31,Terra,MODIS,30.5,0,295.6,100,2013,8,2013-08-31,31,high,medium-low
37.9795,-119.8004,2013-08-26,Terra,MODIS,151.5,0,294.9,83,2013,8,2013-08-26,26,high,high
37.9796,-119.8237,2013-08-26,Aqua,MODIS,51.1,0,299.9,92,2013,8,2013-08-26,26,high,medium-high
37.9797,-119.8412,2013-08-23,Terra,MODIS,75.0,0,299.2,86,2013,8,2013-08-23,23,high,medium-high
37.9798,-120.1051,2013-08-30,Terra,MODIS,41.6,0,305.2,81,2013,8,2013-08-30,30,high,medium-low
37.9799,-120.0759,2013-08-26,Aqua,MODIS,29.7,0,290.6,100,2013,8,2013-08-26,26,high,medium-low
37.98,-120.1032,2013-08-30,Aqua,MODIS,30.1,0,292.5,94,2013,8,2013-08-30,30,high,medium-low
37.9801,-120.0112,2013-08-22,Aqua,MODIS,310.2,0,306.6,100,2013,8,2013-08-22,22,high,high
37.9802,-120.0638,2013-08-26,Aqua,MODIS,68.9,0,306.5,92,2013,8,2013-08-26,26,high,medium-high
37.9803,-120.0915,2013-08-29,Terra,MODIS,110.5,0,299.6,84,2013,8,2013-08-29,29,high,medium-high
37.9805,-120.0927,2013-08-28,Aqua,MODIS,34.6,0,298.2,59,2013,8,2013-08-28,28,medium,medium-low
37.9806,-119.9383,2013-08-24,Terra,MODIS,167.7,0,293.5,76,2013,8,2013-08-24,24,high,high
37.981,-120.0865,2013-08-28,Aqua,MODIS,26.6,0,298.0,59,2013,8,2013-08-28,28,medium,medium-low
37.9811,-120.0522,2013-08-26,Terra,MODIS,136.1,0,293.1,92,2013,8,2013-08-26,26,high,high
37.9813,-120.0614,2013-08-25,Terra,MODIS,30.7,0,295.5,66,2013,8,2013-08-25,25,medium,medium-low
37.9813,-119.8124,2013-08-26,Aqua,MODIS,178.8,0,304.2,100,2013,8,2013-08-26,26,high,high
37.9816,-120.0872,2013-08-26,Aqua,MODIS,16.7,0,288.7,95,2013,8,2013-08-26,26,high,low
37.9816,-119.9953,2013-08-22,Aqua,MODIS,2999.7,0,400.1,100,2013,8,2013-08-22,22,high,high
37.9817,-120.0574,2013-08-26,Terra,MODIS,172.7,0,292.2,95,2013,8,2013-08-26,26,high,high
37.9819,-120.0383,2013-08-23,Terra,MODIS,44.0,0,302.7,72,2013,8,2013-08-23,23,high,medium-low
37.982,-119.8317,2013-08-24,Terra,MODIS,16.7,0,289.7,88,2013,8,2013-08-24,24,high,low
37.9825,-119.8902,2013-08-24,Terra,MODIS,19.7,0,291.3,100,2013,8,2013-08-24,24,high,low
37.983,-119.8011,2013-08-26,Aqua,MODIS,56.2,0,293.8,93,2013,8,2013-08-26,26,high,medium-high
37.9832,-120.1011,2013-08-31,Aqua,MODIS,18.8,0,291.8,86,2013,8,2013-08-31,31,high,low
37.9832,-120.0973,2013-08-30,Terra,MODIS,33.6,0,291.7,68,2013,8,2013-08-30,30,medium,medium-low
37.9833,-119.9781,2013-08-22,Aqua,MODIS,624.3,0,298.3,100,2013,8,2013-08-22,22,high,high
37.9835,-120.1305,2013-08-28,Terra,MODIS,45.4,0,286.0,95,2013,8,2013-08-28,28,high,medium-low
37.9836,-120.0494,2013-08-23,Terra,MODIS,71.3,0,300.5,94,2013,8,2013-08-23,23,high,medium-high
37.9837,-119.8233,2013-08-23,Aqua,MODIS,57.1,0,289.9,100,2013,8,2013-08-23,23,high,medium-high
37.9851,-120.0463,2013-08-24,Aqua,MODIS,28.2,0,295.5,64,2013,8,2013-08-24,24,medium,medium-low
37.9854,-120.0403,2013-08-24,Aqua,MODIS,34.4,0,290.6,100,2013,8,2013-08-24,24,high,medium-low
37.9855,-120.0513,2013-08-26,Aqua,MODIS,18.6,0,290.4,56,2013,8,2013-08-26,26,medium,low
37.9859,-120.0704,2013-08-26,Terra,MODIS,29.1,0,288.8,96,2013,8,2013-08-26,26,high,medium-low
37.986,-119.8122,2013-08-26,Aqua,MODIS,64.2,0,290.6,100,2013,8,2013-08-26,26,high,medium-high
37.9864,-119.9598,2013-08-24,Aqua,MODIS,777.7,0,329.5,100,2013,8,2013-08-24,24,high,high
37.9865,-120.0495,2013-08-24,Terra,MODIS,31.3,0,292.1,100,2013,8,2013-08-24,24,high,medium-low
37.9866,-120.0773,2013-08-26,Terra,MODIS,269.0,0,290.6,100,2013,8,2013-08-26,26,high,high
37.9871,-120.0626,2013-08-26,Aqua,MODIS,96.5,0,297.3,100,2013,8,2013-08-26,26,high,medium-high
37.9872,-120.0829,2013-08-26,Terra,MODIS,183.0,0,291.1,96,2013,8,2013-08-26,26,high,high
37.9874,-120.0772,2013-08-26,Aqua,MODIS,128.8,0,302.8,94,2013,8,2013-08-26,26,high,high
37.9875,-120.0978,2013-08-29,Terra,MODIS,49.8,0,298.1,50,2013,8,2013-08-29,29,medium,medium-high
37.9877,-119.9612,2013-08-24,Terra,MODIS,458.8,0,295.5,69,2013,8,2013-08-24,24,medium,high
37.9879,-119.9475,2013-08-24,Aqua,MODIS,1221.9,0,326.4,100,2013,8,2013-08-24,24,high,high
37.9882,-120.0379,2013-08-24,Terra,MODIS,25.1,0,292.3,100,2013,8,2013-08-24,24,high,medium-low
37.9883,-120.0565,2013-08-26,Terra,MODIS,24.7,0,289.8,98,2013,8,2013-08-26,26,high,medium-low
37.9884,-119.9172,2013-08-24,Terra,MODIS,155.1,0,292.2,57,2013,8,2013-08-24,24,medium,high
37.9891,-120.0658,2013-08-26,Aqua,MODIS,101.2,0,303.3,91,2013,8,2013-08-26,26,high,medium-high
37.9894,-120.0147,2013-08-23,Terra,MODIS,193.0,0,297.0,97,2013,8,2013-08-23,23,high,high
37.9894,-119.9428,2013-08-26,Aqua,MODIS,37.1,0,304.8,84,2013,8,2013-08-26,26,high,medium-low
37.9902,-119.97,2013-08-24,Terra,MODIS,382.8,0,296.0,88,2013,8,2013-08-24,24,high,high
37.9908,-120.0546,2013-08-26,Aqua,MODIS,35.8,0,301.6,52,2013,8,2013-08-26,26,medium,medium-low
37.9911,-119.9469,2013-08-25,Terra,MODIS,28.6,0,300.1,55,2013,8,2013-08-25,25,medium,medium-low
37.9911,-119.9315,2013-08-26,Aqua,MODIS,36.9,0,300.2,83,2013,8,2013-08-26,26,high,medium-low
37.9913,-119.8924,2013-08-24,Terra,MODIS,75.2,0,296.6,100,2013,8,2013-08-24,24,high,medium-high
37.9918,-119.8912,2013-08-24,Aqua,MODIS,49.1,0,293.2,100,2013,8,2013-08-24,24,high,medium-high
37.9919,-120.0763,2013-08-27,Terra,MODIS,30.8,0,289.5,74,2013,8,2013-08-27,27,high,medium-low
37.9921,-119.9497,2013-08-24,Aqua,MODIS,19.8,0,284.4,89,2013,8,2013-08-24,24,high,low
37.9925,-119.9972,2013-08-22,Aqua,MODIS,68.7,0,294.8,87,2013,8,2013-08-22,22,high,medium-high
37.9927,-119.9594,2013-08-25,Terra,MODIS,36.2,0,303.1,85,2013,8,2013-08-25,25,high,medium-low
37.993,-119.881,2013-08-24,Terra,MODIS,20.1,0,292.3,73,2013,8,2013-08-24,24,high,low
37.9933,-121.2699,2013-03-08,Aqua,MODIS,6.4,0,295.0,71,2013,3,2013-03-08,8,high,low
37.9933,-120.0829,2013-08-30,Terra,MODIS,22.7,0,300.4,57,2013,8,2013-08-30,30,medium,medium-low
37.9938,-120.0549,2013-08-27,Terra,MODIS,29.0,0,289.7,80,2013,8,2013-08-27,27,high,medium-low
37.994,-120.0905,2013-08-29,Terra,MODIS,321.8,0,299.8,100,2013,8,2013-08-29,29,high,high
37.994,-120.0501,2013-08-26,Terra,MODIS,71.8,0,294.8,64,2013,8,2013-08-26,26,medium,medium-high
37.9941,-119.9803,2013-08-22,Aqua,MODIS,45.0,0,289.3,79,2013,8,2013-08-22,22,high,medium-low
37.9943,-120.0493,2013-08-26,Aqua,MODIS,20.5,0,290.3,100,2013,8,2013-08-26,26,high,low
37.9951,-120.0381,2013-08-24,Aqua,MODIS,17.9,0,289.5,60,2013,8,2013-08-24,24,medium,low
37.9952,-120.0724,2013-08-28,Aqua,MODIS,15.8,0,289.4,61,2013,8,2013-08-28,28,medium,low
37.9953,-120.0949,2013-08-30,Terra,MODIS,28.7,0,299.2,71,2013,8,2013-08-30,30,high,medium-low
37.9954,-120.0675,2013-08-28,Aqua,MODIS,32.8,0,297.9,72,2013,8,2013-08-28,28,high,medium-low
37.9957,-119.9618,2013-08-24,Aqua,MODIS,71.4,0,300.2,97,2013,8,2013-08-24,24,high,medium-high
37.9957,-119.9616,2013-08-26,Aqua,MODIS,16.9,0,309.4,52,2013,8,2013-08-26,26,medium,low
37.9958,-120.0947,2013-09-02,Aqua,MODIS,12.5,0,288.4,85,2013,9,2013-09-02,2,high,low
37.9958,-120.011,2013-08-23,Terra,MODIS,228.9,0,297.6,100,2013,8,2013-08-23,23,high,high
37.9959,-119.9378,2013-08-26,Aqua,MODIS,29.7,0,288.1,100,2013,8,2013-08-26,26,high,medium-low
37.996,-120.0605,2013-08-26,Aqua,MODIS,265.3,0,304.0,100,2013,8,2013-08-26,26,high,high
37.9965,-119.9529,2013-08-26,Terra,MODIS,12.3,0,288.2,65,2013,8,2013-08-26,26,medium,low
37.9968,-121.2763,2013-03-08,Aqua,MODIS,6.3,0,296.0,71,2013,3,2013-03-08,8,high,low
37.997,-120.083,2013-08-27,Terra,MODIS,21.0,0,288.5,59,2013,8,2013-08-27,27,medium,medium-low
37.9972,-119.9278,2013-08-29,Terra,MODIS,42.3,0,292.0,65,2013,8,2013-08-29,29,medium,medium-low
37.9974,-119.9502,2013-08-26,Aqua,MODIS,57.9,0,316.9,97,2013,8,2013-08-26,26,high,medium-high
37.9977,-120.0718,2013-08-26,Aqua,MODIS,44.0,0,289.1,100,2013,8,2013-08-26,26,high,medium-low
37.9979,-120.0538,2013-08-28,Aqua,MODIS,33.1,0,297.1,70,2013,8,2013-08-28,28,medium,medium-low
37.998000000000005,-120.0679,2013-08-26,Aqua,MODIS,43.7,0,293.8,77,2013,8,2013-08-26,26,high,medium-low
37.9982,-120.0971,2013-09-01,Terra,MODIS,16.1,0,293.4,66,2013,9,2013-09-01,1,medium,low
37.9985,-120.1005,2013-08-29,Aqua,MODIS,84.2,0,302.8,86,2013,8,2013-08-29,29,high,medium-high
37.9988,-120.0613,2013-08-27,Terra,MODIS,35.5,0,288.9,90,2013,8,2013-08-27,27,high,medium-low
37.9989,-119.9392,2013-08-26,Terra,MODIS,25.8,0,287.3,99,2013,8,2013-08-26,26,high,medium-low
37.9991,-120.068,2013-08-29,Terra,MODIS,799.8,0,304.2,100,2013,8,2013-08-29,29,high,high
37.9991,-119.939,2013-08-26,Aqua,MODIS,676.0,0,400.1,100,2013,8,2013-08-26,26,high,high
37.9992,-120.103,2013-08-31,Aqua,MODIS,60.6,0,302.9,90,2013,8,2013-08-31,31,high,medium-high
38.0003,-120.0798,2013-08-29,Aqua,MODIS,243.9,0,306.1,100,2013,8,2013-08-29,29,high,high
38.0005,-119.9447,2013-08-25,Terra,MODIS,568.7,0,314.7,100,2013,8,2013-08-25,25,high,high
38.0006,-120.0817,2013-08-30,Aqua,MODIS,26.8,0,291.5,72,2013,8,2013-08-30,30,high,medium-low
38.0006,-120.0031,2013-08-23,Terra,MODIS,187.4,0,294.1,100,2013,8,2013-08-23,23,high,high
38.0007,-120.0891,2013-08-31,Aqua,MODIS,26.3,0,300.8,71,2013,8,2013-08-31,31,high,medium-low
38.0007,-119.9279,2013-08-26,Aqua,MODIS,124.8,0,301.0,87,2013,8,2013-08-26,26,high,high
38.0011,-120.0959,2013-08-29,Terra,MODIS,1663.6,0,307.2,100,2013,8,2013-08-29,29,high,high
38.0012,-119.8639,2013-08-26,Aqua,MODIS,46.4,0,302.1,70,2013,8,2013-08-26,26,medium,medium-low
38.0014,-120.0449,2013-08-28,Aqua,MODIS,8.9,0,288.2,57,2013,8,2013-08-28,28,medium,low
38.0019,-119.8831,2013-08-24,Terra,MODIS,50.5,0,294.6,100,2013,8,2013-08-24,24,high,medium-high
38.002,-119.9573,2013-08-25,Terra,MODIS,186.8,0,306.8,100,2013,8,2013-08-25,25,high,high
38.0029,-119.8526,2013-08-26,Aqua,MODIS,122.8,0,301.1,75,2013,8,2013-08-26,26,high,high
38.0031,-120.0583,2013-08-28,Aqua,MODIS,18.3,0,287.9,93,2013,8,2013-08-28,28,high,low
38.0032,-119.9948,2013-08-23,Aqua,MODIS,52.3,0,296.2,74,2013,8,2013-08-23,23,high,medium-high
38.0035,-120.0652,2013-08-31,Terra,MODIS,16.4,0,291.3,99,2013,8,2013-08-31,31,high,low
38.0037,-119.8757,2013-08-23,Terra,MODIS,44.8,0,301.1,58,2013,8,2013-08-23,23,medium,medium-low
38.0039,-120.095,2013-08-31,Aqua,MODIS,11.2,0,289.1,65,2013,8,2013-08-31,31,medium,low
38.0039,-120.0601,2013-08-31,Aqua,MODIS,46.6,0,298.3,85,2013,8,2013-08-31,31,high,medium-high
38.0042,-119.8311,2013-09-07,Terra,MODIS,7.2,0,290.7,51,2013,9,2013-09-07,7,medium,low
38.0043,-119.8585,2013-08-23,Aqua,MODIS,163.0,0,296.3,100,2013,8,2013-08-23,23,high,high
38.0044,-119.8479,2013-09-06,Aqua,MODIS,93.2,0,304.1,70,2013,9,2013-09-06,6,medium,medium-high
38.0046,-120.0715,2013-08-30,Terra,MODIS,35.3,0,290.6,67,2013,8,2013-08-30,30,medium,medium-low
38.0046,-120.0704,2013-08-28,Aqua,MODIS,26.0,0,289.3,100,2013,8,2013-08-28,28,high,medium-low
38.0048,-120.0199,2013-08-23,Terra,MODIS,365.0,0,294.6,100,2013,8,2013-08-23,23,high,high
38.0049,-120.0927,2013-09-02,Aqua,MODIS,9.4,0,289.9,60,2013,9,2013-09-02,2,medium,low
38.0049,-119.9638,2013-08-24,Aqua,MODIS,18.4,0,298.8,50,2013,8,2013-08-24,24,medium,low
38.005,-121.0666,2013-04-11,Aqua,MODIS,7.5,0,302.6,71,2013,4,2013-04-11,11,high,low
38.0051,-120.0538,2013-08-31,Terra,MODIS,24.0,0,291.8,100,2013,8,2013-08-31,31,high,medium-low
38.0054,-120.0466,2013-08-31,Aqua,MODIS,32.1,0,296.3,65,2013,8,2013-08-31,31,medium,medium-low
38.0058,-120.0607,2013-08-29,Terra,MODIS,187.4,0,299.3,92,2013,8,2013-08-29,29,high,high
38.0062,-119.8813,2013-08-23,Aqua,MODIS,382.6,0,299.4,100,2013,8,2013-08-23,23,high,high
38.0063,-119.9554,2013-08-26,Terra,MODIS,24.4,0,287.3,97,2013,8,2013-08-26,26,high,medium-low
38.0063,-119.9523,2013-08-26,Aqua,MODIS,274.4,0,320.6,100,2013,8,2013-08-26,26,high,high
38.0066,-120.0113,2013-08-26,Aqua,MODIS,31.1,0,303.9,79,2013,8,2013-08-26,26,high,medium-low
38.0068,-120.1043,2013-09-02,Aqua,MODIS,13.5,0,289.8,88,2013,9,2013-09-02,2,high,low
38.007,-119.8386,2013-09-04,Aqua,MODIS,22.2,0,297.5,75,2013,9,2013-09-04,4,high,medium-low
38.0071,-120.0949,2013-09-01,Terra,MODIS,41.6,0,295.6,89,2013,9,2013-09-01,1,high,medium-low
38.0072,-119.8213,2013-09-13,Aqua,MODIS,52.7,0,303.5,84,2013,9,2013-09-13,13,high,medium-high
38.0075,-120.0868,2013-08-29,Terra,MODIS,1932.1,0,308.2,100,2013,8,2013-08-29,29,high,high
38.0075,-119.8827,2013-08-26,Aqua,MODIS,32.7,0,301.1,75,2013,8,2013-08-26,26,high,medium-low
38.0075,-119.8319,2013-09-06,Aqua,MODIS,74.6,0,303.5,78,2013,9,2013-09-06,6,high,medium-high
38.0077,-120.1013,2013-08-31,Terra,MODIS,31.5,0,292.2,100,2013,8,2013-08-31,31,high,medium-low
38.0077,-120.0605,2013-09-06,Terra,MODIS,22.2,0,300.5,60,2013,9,2013-09-06,6,medium,medium-low
38.0077,-120.0309,2013-08-24,Terra,MODIS,11.7,0,288.1,56,2013,8,2013-08-24,24,medium,low
38.0077,-119.8558,2013-09-06,Aqua,MODIS,36.6,0,303.9,59,2013,9,2013-09-06,6,medium,medium-low
38.0079,-119.9411,2013-08-26,Aqua,MODIS,1071.9,0,337.4,100,2013,8,2013-08-26,26,high,high
38.008,-119.8628,2013-08-24,Aqua,MODIS,75.8,0,298.4,73,2013,8,2013-08-24,24,high,medium-high
38.008,-119.8359,2013-09-06,Terra,MODIS,67.4,0,303.3,81,2013,9,2013-09-06,6,high,medium-high
38.0087,-120.1066,2013-09-01,Terra,MODIS,22.2,0,294.2,75,2013,9,2013-09-01,1,high,medium-low
38.0088,-119.9416,2013-08-26,Terra,MODIS,42.0,0,287.3,100,2013,8,2013-08-26,26,high,medium-low
38.0089,-119.845,2013-09-07,Aqua,MODIS,165.3,0,310.6,87,2013,9,2013-09-07,7,high,high
38.009,-120.1049,2013-08-31,Aqua,MODIS,77.1,0,301.1,94,2013,8,2013-08-31,31,high,medium-high
38.009,-119.8735,2013-08-24,Aqua,MODIS,20.5,0,288.5,52,2013,8,2013-08-24,24,medium,low
38.0091,-119.9607,2013-08-24,Terra,MODIS,17.5,0,288.1,77,2013,8,2013-08-24,24,high,low
38.0091,-119.8181,2013-09-08,Terra,MODIS,12.9,0,301.0,51,2013,9,2013-09-08,8,medium,low
38.0092,-119.8372,2013-09-09,Terra,MODIS,8.2,0,289.3,70,2013,9,2013-09-09,9,medium,low
38.0093,-120.09,2013-08-31,Terra,MODIS,40.9,0,295.1,100,2013,8,2013-08-31,31,high,medium-low
38.0095,-119.9756,2013-08-23,Aqua,MODIS,80.0,0,295.8,100,2013,8,2013-08-23,23,high,medium-high
38.0096,-119.9299,2013-08-26,Aqua,MODIS,155.6,0,298.9,87,2013,8,2013-08-26,26,high,high
38.0102,-120.0629,2013-08-30,Aqua,MODIS,20.3,0,289.5,69,2013,8,2013-08-30,30,medium,low
38.0104,-120.1027,2013-08-29,Aqua,MODIS,85.2,0,299.0,85,2013,8,2013-08-29,29,high,medium-high
38.0105,-120.0916,2013-08-31,Aqua,MODIS,70.4,0,299.9,92,2013,8,2013-08-31,31,high,medium-high
38.0108,-120.0787,2013-08-31,Terra,MODIS,25.5,0,293.5,100,2013,8,2013-08-31,31,high,medium-low
38.0108,-119.8295,2013-09-08,Terra,MODIS,27.6,0,302.9,83,2013,9,2013-09-08,8,high,medium-low
38.0108,-119.8262,2013-09-07,Aqua,MODIS,304.8,0,313.1,94,2013,9,2013-09-07,7,high,high
38.011,-119.956,2013-08-29,Aqua,MODIS,48.3,0,302.4,52,2013,8,2013-08-29,29,medium,medium-high
38.0111,-120.0082,2013-08-24,Terra,MODIS,29.9,0,292.2,100,2013,8,2013-08-24,24,high,medium-low
38.0111,-119.9579,2013-08-24,Aqua,MODIS,27.6,0,298.0,56,2013,8,2013-08-24,24,medium,medium-low
38.0111,-119.8382,2013-09-06,Aqua,MODIS,99.0,0,303.1,82,2013,9,2013-09-06,6,high,medium-high
38.0115,-119.9989,2013-08-23,Aqua,MODIS,148.1,0,295.9,100,2013,8,2013-08-23,23,high,high
38.0115,-119.9465,2013-08-26,Terra,MODIS,159.4,0,298.8,71,2013,8,2013-08-26,26,high,high
38.0116,-120.0789,2013-08-30,Terra,MODIS,28.3,0,301.7,79,2013,8,2013-08-30,30,high,medium-low
38.0117,-120.0766,2013-09-07,Aqua,MODIS,182.4,0,308.4,100,2013,9,2013-09-07,7,high,high
38.0118,-121.0936,2013-04-02,Aqua,MODIS,6.8,0,294.0,70,2013,4,2013-04-02,2,medium,low
38.0118,-120.0792,2013-08-30,Aqua,MODIS,26.3,0,292.7,89,2013,8,2013-08-30,30,high,medium-low
38.0119,-120.0565,2013-09-04,Aqua,MODIS,12.8,0,288.2,83,2013,9,2013-09-04,4,high,low
38.0119,-119.8466,2013-09-07,Terra,MODIS,24.6,0,289.9,100,2013,9,2013-09-07,7,high,medium-low
38.012,-119.8795,2013-08-24,Terra,MODIS,11.7,0,287.4,79,2013,8,2013-08-24,24,high,low
38.0121,-120.0741,2013-08-30,Aqua,MODIS,25.5,0,292.0,87,2013,8,2013-08-30,30,high,medium-low
38.0122,-120.0826,2013-08-29,Aqua,MODIS,360.4,0,300.1,100,2013,8,2013-08-29,29,high,high
38.0122,-119.9358,2013-08-28,Terra,MODIS,52.9,0,302.8,63,2013,8,2013-08-28,28,medium,medium-high
38.0124,-120.0672,2013-08-31,Terra,MODIS,16.6,0,290.7,93,2013,8,2013-08-31,31,high,low
38.0126,-119.8736,2013-08-23,Terra,MODIS,27.4,0,296.4,74,2013,8,2013-08-23,23,high,medium-low
38.0126,-119.8349,2013-09-07,Aqua,MODIS,311.2,0,316.2,100,2013,9,2013-09-07,7,high,high
38.0129,-119.9342,2013-08-29,Aqua,MODIS,69.6,0,302.1,53,2013,8,2013-08-29,29,medium,medium-high
38.0133,-121.082,2013-04-02,Aqua,MODIS,13.7,0,295.1,78,2013,4,2013-04-02,2,high,low
38.0134,-119.8342,2013-09-07,Terra,MODIS,55.4,0,292.6,100,2013,9,2013-09-07,7,high,medium-high
38.0135,-120.0577,2013-09-07,Aqua,MODIS,82.1,0,303.8,91,2013,9,2013-09-07,7,high,medium-high
38.0135,-119.9693,2013-08-23,Aqua,MODIS,78.7,0,293.3,99,2013,8,2013-08-23,23,high,medium-high
38.0136,-120.0908,2013-08-30,Terra,MODIS,18.7,0,300.1,68,2013,8,2013-08-30,30,medium,low
38.0137,-119.8683,2013-08-24,Terra,MODIS,8.1,0,287.1,56,2013,8,2013-08-24,24,medium,low
38.014,-120.0906,2013-09-02,Aqua,MODIS,23.0,0,290.2,100,2013,9,2013-09-02,2,high,medium-low
38.0144,-120.0928,2013-08-31,Aqua,MODIS,28.6,0,290.9,98,2013,8,2013-08-31,31,high,medium-low
38.0144,-119.8151,2013-09-07,Aqua,MODIS,53.0,0,306.4,82,2013,9,2013-09-07,7,high,medium-high
38.0146,-119.8487,2013-08-23,Terra,MODIS,158.1,0,289.1,100,2013,8,2013-08-23,23,high,high
38.0147,-120.083,2013-09-04,Aqua,MODIS,25.8,0,296.8,59,2013,9,2013-09-04,4,medium,medium-low
38.0149,-120.1058,2013-09-02,Terra,MODIS,44.6,0,288.2,100,2013,9,2013-09-02,2,high,medium-low
38.0151,-119.9546,2013-08-26,Aqua,MODIS,182.4,0,315.8,100,2013,8,2013-08-26,26,high,high
38.0151,-119.9317,2013-08-27,Terra,MODIS,131.0,0,296.7,70,2013,8,2013-08-27,27,medium,high
38.0153,-119.9779,2013-08-23,Terra,MODIS,533.8,0,295.1,100,2013,8,2013-08-23,23,high,high
38.0153,-119.9449,2013-08-26,Aqua,MODIS,19.0,0,286.1,50,2013,8,2013-08-26,26,medium,low
38.0153,-119.9256,2013-08-27,Terra,MODIS,294.0,0,298.7,57,2013,8,2013-08-27,27,medium,high
38.0154,-119.9927,2013-08-23,Aqua,MODIS,357.5,0,299.6,100,2013,8,2013-08-23,23,high,high
38.0154,-119.8569,2013-08-24,Terra,MODIS,15.1,0,286.7,89,2013,8,2013-08-24,24,high,low
38.0156,-120.0445,2013-08-31,Terra,MODIS,26.4,0,290.6,100,2013,8,2013-08-31,31,high,medium-low
38.0156,-119.8924,2013-08-28,Aqua,MODIS,12.8,0,288.9,64,2013,8,2013-08-28,28,medium,low
38.0157,-119.9543,2013-08-23,Terra,MODIS,32.9,0,295.0,51,2013,8,2013-08-23,23,medium,medium-low
38.0159,-120.1022,2013-09-02,Aqua,MODIS,52.8,0,293.1,100,2013,9,2013-09-02,2,high,medium-high
38.016,-119.9533,2013-08-28,Aqua,MODIS,36.4,0,306.8,81,2013,8,2013-08-28,28,high,medium-low
38.0164,-119.855,2013-08-23,Aqua,MODIS,75.6,0,290.8,100,2013,8,2013-08-23,23,high,medium-high
38.0165,-119.8506,2013-09-09,Terra,MODIS,26.2,0,288.9,100,2013,9,2013-09-09,9,high,medium-low
38.0168,-119.9432,2013-08-26,Aqua,MODIS,134.4,0,301.9,100,2013,8,2013-08-26,26,high,high
38.0168,-119.8797,2013-08-30,Terra,MODIS,38.3,0,303.8,82,2013,8,2013-08-30,30,high,medium-low
38.0171,-120.0334,2013-08-31,Terra,MODIS,56.9,0,294.1,100,2013,8,2013-08-31,31,high,medium-high
38.0173,-120.0579,2013-09-06,Terra,MODIS,35.6,0,300.4,75,2013,9,2013-09-06,6,high,medium-low
38.0173,-119.8648,2013-08-24,Aqua,MODIS,189.8,0,305.0,100,2013,8,2013-08-24,24,high,high
38.0173,-119.8045,2013-09-07,Terra,MODIS,54.8,0,300.3,52,2013,9,2013-09-07,7,medium,medium-high
38.0174,-119.9656,2013-08-23,Terra,MODIS,69.5,0,300.9,90,2013,8,2013-08-23,23,high,medium-high
38.0178,-120.0087,2013-08-23,Terra,MODIS,325.1,0,291.3,100,2013,8,2013-08-23,23,high,high
38.0179,-119.9628,2013-08-24,Terra,MODIS,15.5,0,288.6,64,2013,8,2013-08-24,24,medium,low
38.0181,-120.0901,2013-09-09,Aqua,MODIS,19.0,0,304.1,67,2013,9,2013-09-09,9,medium,low
38.0181,-119.8492,2013-08-23,Terra,MODIS,14.9,0,293.0,61,2013,8,2013-08-23,23,medium,low
38.0181,-119.8392,2013-09-09,Terra,MODIS,20.9,0,288.6,100,2013,9,2013-09-09,9,high,medium-low
38.0183,-120.0045,2013-08-23,Terra,MODIS,390.5,0,291.7,100,2013,8,2013-08-23,23,high,high
38.0183,-119.8783,2013-08-23,Aqua,MODIS,74.1,0,289.9,100,2013,8,2013-08-23,23,high,medium-high
38.0183,-119.8701,2013-08-29,Aqua,MODIS,75.8,0,300.2,61,2013,8,2013-08-29,29,medium,medium-high
38.0185,-119.9391,2013-08-28,Aqua,MODIS,143.1,0,310.8,100,2013,8,2013-08-28,28,high,high
38.0186,-119.9442,2013-08-26,Terra,MODIS,17.7,0,285.3,66,2013,8,2013-08-26,26,medium,low
38.0186,-119.8414,2013-08-24,Terra,MODIS,95.5,0,291.4,63,2013,8,2013-08-24,24,medium,medium-high
38.0187,-119.853,2013-08-24,Aqua,MODIS,211.5,0,301.8,100,2013,8,2013-08-24,24,high,high
38.0188,-120.0881,2013-09-03,Terra,MODIS,69.2,0,295.4,92,2013,9,2013-09-03,3,high,medium-high
38.0188,-119.83,2013-09-07,Terra,MODIS,212.4,0,302.2,90,2013,9,2013-09-07,7,high,high
38.0189,-119.9721,2013-08-24,Aqua,MODIS,41.5,0,299.8,73,2013,8,2013-08-24,24,high,medium-low
38.0192,-120.0868,2013-08-31,Terra,MODIS,17.6,0,290.2,97,2013,8,2013-08-31,31,high,low
38.0192,-119.8356,2013-09-07,Terra,MODIS,184.3,0,301.9,83,2013,9,2013-09-07,7,high,high
38.0193,-119.8822,2013-08-31,Terra,MODIS,50.6,0,291.9,100,2013,8,2013-08-31,31,high,medium-high
38.0196,-120.0774,2013-09-09,Aqua,MODIS,17.1,0,306.6,55,2013,9,2013-09-09,9,medium,low
38.0197,-120.0889,2013-09-02,Terra,MODIS,59.8,0,291.2,65,2013,9,2013-09-02,2,medium,medium-high
38.0197,-119.8276,2013-09-08,Terra,MODIS,30.3,0,302.6,85,2013,9,2013-09-08,8,high,medium-low
38.0198,-120.0718,2013-09-06,Terra,MODIS,29.9,0,299.2,55,2013,9,2013-09-06,6,medium,medium-low
38.0198,-119.8603,2013-08-23,Terra,MODIS,75.9,0,297.2,98,2013,8,2013-08-23,23,high,medium-high
38.0198,-119.8475,2013-09-07,Aqua,MODIS,21.3,0,305.3,51,2013,9,2013-09-07,7,medium,medium-low
38.0199,-119.845,2013-08-23,Terra,MODIS,93.5,0,287.6,92,2013,8,2013-08-23,23,high,medium-high
38.0203,-119.96,2013-08-24,Aqua,MODIS,113.5,0,300.8,100,2013,8,2013-08-24,24,high,medium-high
38.0206,-119.9793,2013-08-26,Aqua,MODIS,20.3,0,305.6,54,2013,8,2013-08-26,26,medium,low
38.0208,-120.0958,2013-09-07,Aqua,MODIS,97.4,0,307.0,94,2013,9,2013-09-07,7,high,medium-high
38.0208,-119.9879,2013-08-23,Terra,MODIS,42.1,0,299.4,54,2013,8,2013-08-23,23,medium,medium-low
38.0208,-119.9535,2013-08-25,Terra,MODIS,141.7,0,302.3,100,2013,8,2013-08-25,25,high,high
38.0209,-119.9259,2013-08-28,Aqua,MODIS,110.0,0,304.3,87,2013,8,2013-08-28,28,high,medium-high
38.021,-120.0322,2013-09-02,Aqua,MODIS,13.5,0,288.0,86,2013,9,2013-09-02,2,high,low
38.0213,-120.0957,2013-09-08,Aqua,MODIS,49.9,0,297.5,63,2013,9,2013-09-08,8,medium,medium-high
38.0214,-119.8389,2013-09-08,Terra,MODIS,18.9,0,299.7,71,2013,9,2013-09-08,8,high,low
38.0215,-119.8715,2013-08-24,Aqua,MODIS,35.0,0,300.7,59,2013,8,2013-08-24,24,medium,medium-low
38.0215,-119.8509,2013-08-26,Aqua,MODIS,39.2,0,295.9,88,2013,8,2013-08-26,26,high,medium-low
38.0215,-119.8306,2013-09-07,Aqua,MODIS,78.3,0,304.2,90,2013,9,2013-09-07,7,high,medium-high
38.0217,-119.9991,2013-08-24,Terra,MODIS,20.4,0,289.4,62,2013,8,2013-08-24,24,medium,low
38.0217,-119.8388,2013-09-20,Aqua,MODIS,35.1,0,302.8,87,2013,9,2013-09-20,20,high,medium-low
38.0218,-120.0207,2013-08-28,Aqua,MODIS,9.9,0,287.0,67,2013,8,2013-08-28,28,medium,low
38.0219,-119.889,2013-08-29,Terra,MODIS,99.0,0,294.3,100,2013,8,2013-08-29,29,high,medium-high
38.022,-120.0267,2013-08-30,Terra,MODIS,38.4,0,300.1,86,2013,8,2013-08-30,30,high,medium-low
38.022,-119.8577,2013-09-19,Aqua,MODIS,82.7,0,300.5,55,2013,9,2013-09-19,19,medium,medium-high
38.0221,-119.8808,2013-08-29,Terra,MODIS,47.2,0,291.3,100,2013,8,2013-08-29,29,high,medium-high
38.0221,-119.8392,2013-09-10,Aqua,MODIS,130.8,0,297.6,61,2013,9,2013-09-10,10,medium,high
38.0223,-119.968,2013-08-26,Aqua,MODIS,33.5,0,306.6,60,2013,8,2013-08-26,26,medium,medium-low
38.0225,-120.0778,2013-09-07,Aqua,MODIS,1321.4,0,324.6,100,2013,9,2013-09-07,7,high,high
38.0225,-119.8589,2013-08-23,Terra,MODIS,125.3,0,286.6,53,2013,8,2013-08-23,23,medium,high
38.0225,-119.8197,2013-09-10,Terra,MODIS,20.7,0,303.9,77,2013,9,2013-09-10,10,high,low
38.0226,-119.8703,2013-08-24,Terra,MODIS,13.0,0,285.6,79,2013,8,2013-08-24,24,high,low
38.0227,-119.9329,2013-08-28,Terra,MODIS,140.5,0,302.3,75,2013,8,2013-08-28,28,high,high
38.0228,-120.0809,2013-09-08,Terra,MODIS,328.0,0,291.7,100,2013,9,2013-09-08,8,high,high
38.023,-119.8593,2013-08-24,Aqua,MODIS,527.6,0,318.1,100,2013,8,2013-08-24,24,high,high
38.0231,-119.85,2013-09-08,Terra,MODIS,12.1,0,299.2,64,2013,9,2013-09-08,8,medium,low
38.0232,-120.0656,2013-09-05,Terra,MODIS,72.2,0,296.1,57,2013,9,2013-09-05,5,medium,medium-high
38.0233,-120.0938,2013-09-08,Terra,MODIS,131.9,0,302.8,100,2013,9,2013-09-08,8,high,high
38.0233,-120.0077,2013-09-11,Aqua,MODIS,7.6,0,286.1,57,2013,9,2013-09-11,11,medium,low
38.0234,-119.8755,2013-08-29,Terra,MODIS,29.9,0,289.1,94,2013,8,2013-08-29,29,high,medium-low
38.0235,-120.0825,2013-09-04,Aqua,MODIS,9.8,0,287.9,56,2013,9,2013-09-04,4,medium,low
38.0237,-119.855,2013-08-23,Terra,MODIS,94.5,0,286.1,53,2013,8,2013-08-23,23,medium,medium-high
38.0238,-119.887,2013-08-27,Aqua,MODIS,98.9,0,286.5,74,2013,8,2013-08-27,27,high,medium-high
38.024,-119.9566,2013-08-26,Aqua,MODIS,115.7,0,313.7,100,2013,8,2013-08-26,26,high,medium-high
38.0241,-119.9427,2013-08-26,Terra,MODIS,55.7,0,296.1,54,2013,8,2013-08-26,26,medium,medium-high
38.0243,-120.0601,2013-09-07,Aqua,MODIS,115.1,0,300.6,97,2013,9,2013-09-07,7,high,medium-high
38.0243,-119.859,2013-08-24,Terra,MODIS,42.1,0,287.3,100,2013,8,2013-08-24,24,high,medium-low
38.0245,-119.8472,2013-08-24,Aqua,MODIS,59.3,0,292.5,92,2013,8,2013-08-24,24,high,medium-high
38.0246,-119.8837,2013-08-31,Aqua,MODIS,18.2,0,288.7,80,2013,8,2013-08-31,31,high,low
38.0248,-119.9369,2013-08-29,Aqua,MODIS,297.1,0,307.2,87,2013,8,2013-08-29,29,high,high
38.025,-120.1001,2013-09-02,Aqua,MODIS,17.7,0,286.7,96,2013,9,2013-09-02,2,high,low
38.0253,-119.8527,2013-09-09,Terra,MODIS,13.0,0,287.0,74,2013,9,2013-09-09,9,high,low
38.0254,-120.0412,2013-08-31,Terra,MODIS,7.8,0,289.4,67,2013,8,2013-08-31,31,medium,low
38.0255,-119.942,2013-08-27,Aqua,MODIS,69.2,0,285.8,56,2013,8,2013-08-27,27,medium,medium-high
38.0257,-119.9453,2013-08-26,Aqua,MODIS,86.7,0,304.2,100,2013,8,2013-08-26,26,high,medium-high
38.0257,-119.8441,2013-09-10,Terra,MODIS,20.7,0,302.6,77,2013,9,2013-09-10,10,high,low
38.0257,-119.8386,2013-09-12,Aqua,MODIS,57.8,0,296.5,65,2013,9,2013-09-12,12,medium,medium-high
38.0258,-119.967,2013-08-23,Aqua,MODIS,93.7,0,292.8,100,2013,8,2013-08-23,23,high,medium-high
38.0258,-119.8587,2013-08-25,Terra,MODIS,51.5,0,284.0,71,2013,8,2013-08-25,25,high,medium-high
38.0259,-119.9609,2013-08-26,Terra,MODIS,23.8,0,288.1,95,2013,8,2013-08-26,26,high,medium-low
38.026,-120.0426,2013-09-07,Aqua,MODIS,70.7,0,301.2,65,2013,9,2013-09-07,7,medium,medium-high
38.026,-119.9497,2013-08-25,Aqua,MODIS,134.1,0,289.9,50,2013,8,2013-08-25,25,medium,high
38.026,-119.8776,2013-08-30,Terra,MODIS,42.5,0,303.9,89,2013,8,2013-08-30,30,high,medium-low
38.0261,-119.9296,2013-08-27,Terra,MODIS,126.8,0,294.5,64,2013,8,2013-08-27,27,medium,high
38.0261,-119.8558,2013-08-24,Aqua,MODIS,34.1,0,285.2,100,2013,8,2013-08-24,24,high,medium-low
38.0262,-120.0395,2013-09-05,Aqua,MODIS,244.8,0,299.7,98,2013,9,2013-09-05,5,high,high
38.0263,-119.9231,2013-08-27,Terra,MODIS,127.2,0,293.7,73,2013,8,2013-08-27,27,high,high
38.0268,-119.8487,2013-08-25,Terra,MODIS,29.8,0,292.0,77,2013,8,2013-08-25,25,high,medium-low
38.0269,-120.0328,2013-09-02,Terra,MODIS,12.3,0,287.8,82,2013,9,2013-09-02,2,high,low
38.027,-120.03,2013-08-31,Terra,MODIS,40.1,0,293.3,100,2013,8,2013-08-31,31,high,medium-low
38.027,-119.8414,2013-09-09,Terra,MODIS,16.6,0,286.9,91,2013,9,2013-09-09,9,high,low
38.0271,-120.0878,2013-09-09,Terra,MODIS,11.9,0,290.4,66,2013,9,2013-09-09,9,medium,low
38.0271,-119.8239,2013-09-13,Aqua,MODIS,66.3,0,300.6,93,2013,9,2013-09-13,13,high,medium-high
38.0272,-120.0165,2013-09-09,Aqua,MODIS,67.6,0,303.4,95,2013,9,2013-09-09,9,high,medium-high
38.0273,-120.0918,2013-09-09,Aqua,MODIS,58.4,0,310.5,94,2013,9,2013-09-09,9,high,medium-high
38.0275,-119.9255,2013-08-29,Terra,MODIS,71.2,0,293.9,100,2013,8,2013-08-29,29,high,medium-high
38.0275,-119.8327,2013-09-16,Aqua,MODIS,26.2,0,304.6,66,2013,9,2013-09-16,16,medium,medium-low
38.0276,-119.9652,2013-08-26,Aqua,MODIS,9.0,0,286.9,69,2013,8,2013-08-26,26,medium,low
38.0278,-119.9929,2013-08-26,Aqua,MODIS,61.2,0,302.6,96,2013,8,2013-08-26,26,high,medium-high
38.0278,-119.9914,2013-08-23,Aqua,MODIS,62.1,0,290.1,100,2013,8,2013-08-23,23,high,medium-high
38.0279,-120.0158,2013-08-31,Aqua,MODIS,17.2,0,289.4,54,2013,8,2013-08-31,31,medium,low
38.0279,-119.8891,2013-08-30,Terra,MODIS,25.8,0,301.9,69,2013,8,2013-08-30,30,medium,medium-low
38.0279,-119.8338,2013-09-05,Aqua,MODIS,42.7,0,299.6,60,2013,9,2013-09-05,5,medium,medium-low
38.028,-120.0153,2013-09-05,Aqua,MODIS,111.5,0,297.8,86,2013,9,2013-09-05,5,high,medium-high
38.028,-119.94,2013-08-27,Terra,MODIS,76.1,0,292.1,89,2013,8,2013-08-27,27,high,medium-high
38.0281,-120.073,2013-09-10,Aqua,MODIS,79.0,0,297.2,61,2013,9,2013-09-10,10,medium,medium-high
38.0282,-120.0182,2013-09-02,Aqua,MODIS,16.4,0,287.4,93,2013,9,2013-09-02,2,high,low
38.0282,-119.8842,2013-08-31,Terra,MODIS,15.7,0,288.8,94,2013,8,2013-08-31,31,high,low
38.0283,-119.9417,2013-08-28,Aqua,MODIS,56.0,0,303.8,84,2013,8,2013-08-28,28,high,medium-high
38.0283,-119.8362,2013-08-31,Aqua,MODIS,26.0,0,295.9,69,2013,8,2013-08-31,31,medium,medium-low
38.0284,-119.9467,2013-08-26,Terra,MODIS,31.3,0,287.5,100,2013,8,2013-08-26,26,high,medium-low
38.0285,-120.0188,2013-08-31,Terra,MODIS,16.8,0,291.0,98,2013,8,2013-08-31,31,high,low
38.0286,-119.882,2013-09-04,Aqua,MODIS,31.5,0,302.4,80,2013,9,2013-09-04,4,high,medium-low
38.0287,-120.0043,2013-09-09,Aqua,MODIS,126.2,0,304.3,100,2013,9,2013-09-09,9,high,high
38.0288,-120.0765,2013-09-09,Terra,MODIS,13.3,0,292.0,76,2013,9,2013-09-09,9,high,low
38.0289,-120.0795,2013-09-09,Aqua,MODIS,290.6,0,314.3,100,2013,9,2013-09-09,9,high,high
38.0289,-120.0009,2013-09-09,Aqua,MODIS,9.6,0,288.1,63,2013,9,2013-09-09,9,medium,low
38.029,-120.0949,2013-09-06,Aqua,MODIS,96.3,0,304.5,93,2013,9,2013-09-06,6,high,medium-high
38.0291,-120.0102,2013-09-07,Aqua,MODIS,63.6,0,303.2,74,2013,9,2013-09-07,7,high,medium-high
38.0292,-119.9662,2013-08-26,Terra,MODIS,78.1,0,296.9,75,2013,8,2013-08-26,26,high,medium-high
38.0292,-119.8621,2013-08-29,Aqua,MODIS,46.3,0,285.3,89,2013,8,2013-08-29,29,high,medium-low
38.0292,-119.8174,2013-09-16,Aqua,MODIS,32.9,0,304.6,63,2013,9,2013-09-16,16,medium,medium-low
38.0293,-119.8398,2013-08-30,Terra,MODIS,17.8,0,299.9,70,2013,8,2013-08-30,30,medium,low
38.0295,-120.0815,2013-09-10,Aqua,MODIS,99.1,0,297.5,67,2013,9,2013-09-10,10,medium,medium-high
38.0295,-120.0136,2013-09-07,Terra,MODIS,17.3,0,291.2,70,2013,9,2013-09-07,7,medium,low
38.0295,-119.9816,2013-08-26,Aqua,MODIS,119.3,0,307.8,100,2013,8,2013-08-26,26,high,high
38.0296,-120.0889,2013-09-07,Terra,MODIS,36.4,0,292.7,94,2013,9,2013-09-07,7,high,medium-low
38.0296,-119.9273,2013-08-28,Aqua,MODIS,15.7,0,284.9,81,2013,8,2013-08-28,28,high,low
38.0296,-119.8419,2013-09-09,Aqua,MODIS,48.1,0,303.2,90,2013,9,2013-09-09,9,high,medium-high
38.0297,-119.8276,2013-09-16,Aqua,MODIS,56.4,0,305.8,89,2013,9,2013-09-16,16,high,medium-high
38.0299,-120.3502,2013-12-13,Terra,MODIS,8.1,0,282.8,55,2013,12,2013-12-13,13,medium,low
38.0301,-120.0296,2013-09-02,Aqua,MODIS,14.8,0,287.4,89,2013,9,2013-09-02,2,high,low
38.0301,-120.0063,2013-09-09,Terra,MODIS,25.5,0,291.7,100,2013,9,2013-09-09,9,high,medium-low
38.0301,-119.9853,2013-08-23,Terra,MODIS,73.1,0,288.0,83,2013,8,2013-08-23,23,high,medium-high
38.0301,-119.8362,2013-09-10,Terra,MODIS,53.3,0,302.6,92,2013,9,2013-09-10,10,high,medium-high
38.0303,-119.9876,2013-08-28,Aqua,MODIS,29.2,0,298.9,58,2013,8,2013-08-28,28,medium,medium-low
38.0303,-119.8729,2013-08-29,Aqua,MODIS,54.6,0,298.9,69,2013,8,2013-08-29,29,medium,medium-high
38.0303,-119.8529,2013-08-26,Aqua,MODIS,37.1,0,296.2,87,2013,8,2013-08-26,26,high,medium-low
38.0303,-119.8475,2013-08-27,Terra,MODIS,37.2,0,292.5,74,2013,8,2013-08-27,27,high,medium-low
38.0304,-120.0671,2013-09-09,Aqua,MODIS,65.5,0,302.8,96,2013,9,2013-09-09,9,high,medium-high
38.0304,-119.832,2013-09-13,Terra,MODIS,17.4,0,284.8,51,2013,9,2013-09-13,13,medium,low
38.0305,-119.8698,2013-09-04,Aqua,MODIS,18.6,0,300.9,72,2013,9,2013-09-04,4,high,low
38.0306,-120.1012,2013-09-03,Terra,MODIS,27.1,0,295.1,53,2013,9,2013-09-03,3,medium,medium-low
38.0308,-119.9278,2013-08-28,Aqua,MODIS,47.9,0,299.5,74,2013,8,2013-08-28,28,high,medium-high
38.0309,-120.1009,2013-09-05,Aqua,MODIS,246.9,0,301.6,98,2013,9,2013-09-05,5,high,high
38.031,-120.0013,2013-09-07,Terra,MODIS,15.3,0,289.7,83,2013,9,2013-09-07,7,high,low
38.031,-119.9876,2013-08-26,Aqua,MODIS,18.5,0,288.1,64,2013,8,2013-08-26,26,medium,low
38.0311,-120.1002,2013-09-04,Aqua,MODIS,150.9,0,302.7,100,2013,9,2013-09-04,4,high,high
38.0311,-120.0469,2013-09-08,Aqua,MODIS,35.5,0,291.5,80,2013,9,2013-09-08,8,high,medium-low
38.0311,-119.833,2013-09-10,Terra,MODIS,34.1,0,286.8,54,2013,9,2013-09-10,10,medium,medium-low
38.0312,-119.9702,2013-08-26,Aqua,MODIS,74.7,0,304.4,99,2013,8,2013-08-26,26,high,medium-high
38.0318,-120.083,2013-09-06,Terra,MODIS,83.1,0,301.0,96,2013,9,2013-09-06,6,high,medium-high
38.0321,-120.0917,2013-09-08,Terra,MODIS,19.7,0,302.5,50,2013,9,2013-09-08,8,medium,low
38.0321,-120.0436,2013-09-08,Terra,MODIS,956.9,0,297.3,100,2013,9,2013-09-08,8,high,high
38.0321,-119.923,2013-08-29,Aqua,MODIS,406.1,0,309.5,94,2013,8,2013-08-29,29,high,high
38.0321,-119.8829,2013-08-29,Terra,MODIS,125.1,0,288.8,100,2013,8,2013-08-29,29,high,high
38.0321,-119.8526,2013-08-29,Aqua,MODIS,42.8,0,296.1,61,2013,8,2013-08-29,29,medium,medium-low
38.0322,-120.0783,2013-09-06,Aqua,MODIS,42.3,0,299.5,56,2013,9,2013-09-06,6,medium,medium-low
38.0322,-120.0538,2013-09-09,Terra,MODIS,14.9,0,292.9,81,2013,9,2013-09-09,9,high,low
38.0323,-120.0395,2013-09-08,Aqua,MODIS,38.6,0,292.0,92,2013,9,2013-09-08,8,high,medium-low
38.0323,-119.896,2013-09-10,Terra,MODIS,22.7,0,301.9,67,2013,9,2013-09-10,10,medium,medium-low
38.0325,-120.0645,2013-09-10,Aqua,MODIS,53.0,0,295.4,54,2013,9,2013-09-10,10,medium,medium-high
38.0329,-119.9825,2013-08-26,Terra,MODIS,155.4,0,296.3,79,2013,8,2013-08-26,26,high,high
38.0329,-119.9732,2013-08-28,Aqua,MODIS,40.7,0,301.7,83,2013,8,2013-08-28,28,high,medium-low
38.0329,-119.807,2013-09-13,Aqua,MODIS,9.9,0,286.3,52,2013,9,2013-09-13,13,medium,low
38.033,-119.9785,2013-08-26,Terra,MODIS,39.0,0,289.7,100,2013,8,2013-08-26,26,high,medium-low
38.0331,-120.0882,2013-09-04,Aqua,MODIS,108.2,0,300.0,100,2013,9,2013-09-04,4,high,medium-high
38.0332,-119.9304,2013-08-28,Terra,MODIS,165.5,0,299.2,87,2013,8,2013-08-28,28,high,high
38.0334,-119.9775,2013-08-25,Terra,MODIS,53.3,0,296.8,78,2013,8,2013-08-25,25,high,medium-high
38.0335,-120.0939,2013-09-04,Terra,MODIS,104.4,0,295.9,91,2013,9,2013-09-04,4,high,medium-high
38.0335,-119.8387,2013-09-14,Aqua,MODIS,60.8,0,301.1,60,2013,9,2013-09-14,14,medium,medium-high
38.0336,-119.8427,2013-09-02,Aqua,MODIS,12.5,0,294.0,53,2013,9,2013-09-02,2,medium,low
38.0337,-120.0209,2013-09-04,Aqua,MODIS,15.5,0,288.7,80,2013,9,2013-09-04,4,high,low
38.034,-119.9883,2013-08-26,Terra,MODIS,124.6,0,296.0,85,2013,8,2013-08-26,26,high,high
38.0341,-120.0612,2013-09-08,Aqua,MODIS,22.7,0,289.4,55,2013,9,2013-09-08,8,medium,medium-low
38.0342,-120.0964,2013-09-06,Terra,MODIS,59.0,0,303.5,91,2013,9,2013-09-06,6,high,medium-high
38.0342,-120.0642,2013-09-10,Terra,MODIS,25.3,0,302.9,64,2013,9,2013-09-10,10,medium,medium-low
38.0343,-119.8851,2013-08-29,Aqua,MODIS,80.7,0,287.9,100,2013,8,2013-08-29,29,high,medium-high
38.0343,-119.8401,2013-09-07,Aqua,MODIS,79.1,0,306.9,90,2013,9,2013-09-07,7,high,medium-high
38.0343,-119.839,2013-08-31,Terra,MODIS,19.8,0,286.4,100,2013,8,2013-08-31,31,high,low
38.0343,-119.8188,2013-09-13,Aqua,MODIS,13.9,0,284.3,82,2013,9,2013-09-13,13,high,low
38.0345,-120.0213,2013-09-05,Terra,MODIS,49.4,0,291.1,100,2013,9,2013-09-05,5,high,medium-high
38.0346,-119.845,2013-09-04,Aqua,MODIS,17.5,0,298.6,69,2013,9,2013-09-04,4,medium,low
38.0346,-119.811,2013-09-16,Terra,MODIS,74.7,0,295.7,56,2013,9,2013-09-16,16,medium,medium-high
38.0347,-120.0467,2013-09-05,Aqua,MODIS,446.7,0,302.4,100,2013,9,2013-09-05,5,high,high
38.0349,-119.8945,2013-09-11,Aqua,MODIS,9.1,0,288.8,67,2013,9,2013-09-11,11,medium,low
38.035,-119.8208,2013-09-20,Terra,MODIS,31.1,0,298.3,66,2013,9,2013-09-20,20,medium,medium-low
38.0351,-119.9595,2013-08-29,Aqua,MODIS,78.0,0,299.8,81,2013,8,2013-08-29,29,high,medium-high
38.0351,-119.8546,2013-08-29,Terra,MODIS,16.9,0,285.7,79,2013,8,2013-08-29,29,high,low
38.0351,-119.8322,2013-08-30,Terra,MODIS,14.0,0,299.3,58,2013,8,2013-08-30,30,medium,low
38.0352,-120.0963,2013-09-05,Aqua,MODIS,219.6,0,300.2,96,2013,9,2013-09-05,5,high,high
38.0354,-119.8401,2013-09-05,Aqua,MODIS,56.4,0,299.5,64,2013,9,2013-09-05,5,medium,medium-high
38.0354,-119.8336,2013-09-01,Terra,MODIS,16.1,0,292.9,71,2013,9,2013-09-01,1,high,low
38.0355,-119.9589,2013-08-28,Aqua,MODIS,79.7,0,301.8,95,2013,8,2013-08-28,28,high,medium-high
38.0355,-119.9442,2013-09-07,Aqua,MODIS,181.0,0,308.4,100,2013,9,2013-09-07,7,high,high
38.0355,-119.8367,2013-09-16,Terra,MODIS,82.1,0,298.6,63,2013,9,2013-09-16,16,medium,medium-high
38.0356,-119.9641,2013-08-26,Terra,MODIS,23.0,0,287.1,77,2013,8,2013-08-26,26,high,medium-low
38.0357,-120.1006,2013-09-01,Terra,MODIS,13.3,0,291.8,55,2013,9,2013-09-01,1,medium,low
38.0359,-119.8435,2013-09-09,Terra,MODIS,12.0,0,285.6,82,2013,9,2013-09-09,9,high,low
38.036,-119.8227,2013-09-07,Aqua,MODIS,31.6,0,301.8,66,2013,9,2013-09-07,7,medium,medium-low
38.0362,-119.9623,2013-08-31,Terra,MODIS,17.0,0,290.9,58,2013,8,2013-08-31,31,medium,low
38.0364,-120.0805,2013-09-06,Aqua,MODIS,22.8,0,288.2,82,2013,9,2013-09-06,6,high,medium-low
38.0365,-120.1092,2013-09-04,Terra,MODIS,17.3,0,287.3,76,2013,9,2013-09-04,4,high,low
38.0365,-120.0207,2013-09-05,Aqua,MODIS,457.7,0,300.7,100,2013,9,2013-09-05,5,high,high
38.0365,-119.9631,2013-08-26,Aqua,MODIS,18.1,0,287.7,64,2013,8,2013-08-26,26,medium,low
38.0365,-119.8233,2013-09-10,Aqua,MODIS,148.0,0,293.0,63,2013,9,2013-09-10,10,medium,high
38.0366,-120.0842,2013-09-07,Terra,MODIS,29.7,0,292.9,100,2013,9,2013-09-07,7,high,medium-low
38.0366,-119.995,2013-08-26,Aqua,MODIS,108.7,0,303.7,100,2013,8,2013-08-26,26,high,medium-high
38.0366,-119.8409,2013-08-29,Terra,MODIS,29.0,0,285.5,99,2013,8,2013-08-29,29,high,medium-low
38.0366,-119.8327,2013-09-04,Aqua,MODIS,14.3,0,298.1,60,2013,9,2013-09-04,4,medium,low
38.0368,-119.9392,2013-08-29,Aqua,MODIS,64.6,0,297.6,50,2013,8,2013-08-29,29,medium,medium-high
38.0369,-120.0983,2013-09-04,Terra,MODIS,73.8,0,297.0,86,2013,9,2013-09-04,4,high,medium-high
38.037,-119.845,2013-09-01,Terra,MODIS,11.3,0,291.3,61,2013,9,2013-09-01,1,medium,low
38.037,-119.844,2013-08-30,Terra,MODIS,21.2,0,300.2,72,2013,8,2013-08-30,30,high,medium-low
38.0371,-119.9274,2013-09-07,Aqua,MODIS,114.5,0,306.9,92,2013,9,2013-09-07,7,high,medium-high
38.0372,-120.0736,2013-09-05,Aqua,MODIS,29.6,0,287.0,52,2013,9,2013-09-05,5,medium,medium-low
38.0372,-119.8288,2013-09-10,Aqua,MODIS,33.0,0,285.5,53,2013,9,2013-09-10,10,medium,medium-low
38.0373,-120.085,2013-09-05,Terra,MODIS,80.3,0,296.8,70,2013,9,2013-09-05,5,medium,medium-high
38.0374,-120.0104,2013-09-05,Aqua,MODIS,34.1,0,287.8,54,2013,9,2013-09-05,5,medium,medium-low
38.0374,-119.9283,2013-08-29,Terra,MODIS,22.8,0,289.1,58,2013,8,2013-08-29,29,medium,medium-low
38.0375,-119.8348,2013-09-16,Aqua,MODIS,58.2,0,307.2,90,2013,9,2013-09-16,16,high,medium-high
38.0376,-119.8321,2013-09-09,Terra,MODIS,24.9,0,286.3,100,2013,9,2013-09-09,9,high,medium-low
38.0377,-119.951,2013-08-31,Terra,MODIS,22.3,0,291.6,100,2013,8,2013-08-31,31,high,medium-low
38.0377,-119.9491,2013-08-30,Terra,MODIS,50.5,0,303.8,92,2013,8,2013-08-30,30,high,medium-high
38.038,-120.0063,2013-09-09,Aqua,MODIS,17.2,0,300.9,59,2013,9,2013-09-09,9,medium,low
38.038,-119.8059,2013-09-16,Terra,MODIS,82.8,0,295.3,63,2013,9,2013-09-16,16,medium,medium-high
38.0381,-120.0957,2013-09-06,Aqua,MODIS,14.0,0,285.8,70,2013,9,2013-09-06,6,medium,low
38.0382,-119.9743,2013-08-26,Aqua,MODIS,23.7,0,289.9,67,2013,8,2013-08-26,26,medium,medium-low
38.0383,-119.9837,2013-08-26,Aqua,MODIS,396.7,0,312.7,100,2013,8,2013-08-26,26,high,high
38.0383,-119.8597,2013-09-19,Aqua,MODIS,130.0,0,299.5,72,2013,9,2013-09-19,19,high,high
38.0384,-120.0921,2013-09-05,Terra,MODIS,40.1,0,289.0,100,2013,9,2013-09-05,5,high,medium-low
38.0384,-119.8899,2013-09-18,Aqua,MODIS,21.3,0,306.9,76,2013,9,2013-09-18,18,high,medium-low
38.0385,-119.8435,2013-09-02,Terra,MODIS,12.4,0,283.9,76,2013,9,2013-09-02,2,high,low
38.0387,-119.8398,2013-09-20,Terra,MODIS,18.0,0,282.3,58,2013,9,2013-09-20,20,medium,low
38.0388,-119.9167,2013-08-29,Aqua,MODIS,69.5,0,298.0,67,2013,8,2013-08-29,29,medium,medium-high
38.0389,-119.8289,2013-09-08,Terra,MODIS,25.1,0,300.1,81,2013,9,2013-09-08,8,high,medium-low
38.039,-120.0084,2013-09-09,Terra,MODIS,8.2,0,288.9,72,2013,9,2013-09-09,9,high,low
38.0391,-119.82,2013-09-16,Aqua,MODIS,138.3,0,307.0,100,2013,9,2013-09-16,16,high,high
38.0392,-119.8215,2013-09-19,Aqua,MODIS,70.4,0,298.7,51,2013,9,2013-09-19,19,medium,medium-high
38.0393,-120.0431,2013-09-05,Aqua,MODIS,770.3,0,304.7,100,2013,9,2013-09-05,5,high,high
38.0394,-119.834,2013-09-10,Terra,MODIS,20.8,0,301.9,76,2013,9,2013-09-10,10,high,medium-low
38.0396,-120.0597,2013-09-07,Terra,MODIS,17.5,0,289.0,73,2013,9,2013-09-07,7,high,low
38.0396,-119.9608,2013-08-30,Terra,MODIS,40.0,0,304.0,84,2013,8,2013-08-30,30,high,medium-low
38.0397,-119.8394,2013-09-15,Aqua,MODIS,78.3,0,300.2,87,2013,9,2013-09-15,15,high,medium-high
38.0398,-120.0925,2013-09-04,Terra,MODIS,23.7,0,288.2,87,2013,9,2013-09-04,4,high,medium-low
38.0398,-119.9855,2013-08-26,Aqua,MODIS,27.5,0,288.9,100,2013,8,2013-08-26,26,high,medium-low
38.04,-119.9723,2013-08-26,Aqua,MODIS,276.6,0,316.5,100,2013,8,2013-08-26,26,high,high
38.04,-119.8435,2013-09-20,Aqua,MODIS,20.9,0,300.1,59,2013,9,2013-09-20,20,medium,medium-low
38.0402,-119.9902,2013-08-28,Aqua,MODIS,69.7,0,299.6,93,2013,8,2013-08-28,28,high,medium-high
38.0402,-119.9382,2013-09-09,Terra,MODIS,13.2,0,289.9,86,2013,9,2013-09-09,9,high,low
38.0402,-119.8185,2013-09-19,Aqua,MODIS,142.5,0,298.8,78,2013,9,2013-09-19,19,high,high
38.0403,-120.0098,2013-09-04,Terra,MODIS,28.7,0,294.4,52,2013,9,2013-09-04,4,medium,medium-low
38.0403,-119.8318,2013-09-09,Aqua,MODIS,28.0,0,300.8,77,2013,9,2013-09-09,9,high,medium-low
38.0405,-119.9982,2013-08-31,Terra,MODIS,14.5,0,291.3,65,2013,8,2013-08-31,31,medium,low
38.0405,-119.9,2013-09-14,Aqua,MODIS,50.8,0,299.0,67,2013,9,2013-09-14,14,medium,medium-high
38.0407,-119.9672,2013-08-29,Aqua,MODIS,74.6,0,300.5,70,2013,8,2013-08-29,29,medium,medium-high
38.0407,-119.9285,2013-08-31,Terra,MODIS,17.0,0,291.2,70,2013,8,2013-08-31,31,medium,low
38.0408,-120.099,2013-09-05,Terra,MODIS,19.1,0,287.2,79,2013,9,2013-09-05,5,high,low
38.041,-120.0475,2013-09-07,Terra,MODIS,27.7,0,292.2,96,2013,9,2013-09-07,7,high,medium-low
38.0411,-120.0073,2013-09-04,Aqua,MODIS,15.8,0,288.5,70,2013,9,2013-09-04,4,medium,low
38.0411,-119.8955,2013-09-20,Aqua,MODIS,25.8,0,303.7,70,2013,9,2013-09-20,20,medium,medium-low
38.0411,-119.8123,2013-09-20,Terra,MODIS,43.3,0,297.6,57,2013,9,2013-09-20,20,medium,medium-low
38.0412,-120.0171,2013-09-05,Aqua,MODIS,473.6,0,301.3,100,2013,9,2013-09-05,5,high,high
38.0414,-119.8989,2013-09-16,Terra,MODIS,8.3,0,289.9,63,2013,9,2013-09-16,16,medium,low
38.0414,-119.8159,2013-09-19,Terra,MODIS,30.3,0,303.5,58,2013,9,2013-09-19,19,medium,medium-low
38.0415,-120.0807,2013-09-06,Terra,MODIS,31.9,0,298.3,79,2013,9,2013-09-06,6,high,medium-low
38.0416,-120.0294,2013-09-06,Terra,MODIS,38.0,0,292.0,58,2013,9,2013-09-06,6,medium,medium-low
38.0416,-119.8921,2013-09-16,Aqua,MODIS,61.6,0,305.7,85,2013,9,2013-09-16,16,high,medium-high
38.0417,-120.0612,2013-09-11,Terra,MODIS,16.7,0,291.1,85,2013,9,2013-09-11,11,high,low
38.0417,-119.9619,2013-08-26,Terra,MODIS,69.6,0,294.5,70,2013,8,2013-08-26,26,medium,medium-high
38.0417,-119.961,2013-08-26,Aqua,MODIS,186.3,0,307.7,100,2013,8,2013-08-26,26,high,high
38.0419,-119.9268,2013-09-09,Terra,MODIS,16.6,0,291.8,97,2013,9,2013-09-09,9,high,low
38.042,-119.8311,2013-09-20,Aqua,MODIS,67.6,0,304.1,97,2013,9,2013-09-20,20,high,medium-high
38.0424,-120.0822,2013-09-05,Terra,MODIS,21.6,0,288.6,74,2013,9,2013-09-05,5,high,medium-low
38.0424,-119.8292,2013-09-16,Terra,MODIS,136.2,0,298.3,76,2013,9,2013-09-16,16,high,high
38.0425,-119.8298,2013-09-19,Aqua,MODIS,67.9,0,297.9,52,2013,9,2013-09-19,19,medium,medium-high
38.0425,-119.8233,2013-09-11,Aqua,MODIS,17.5,0,282.3,74,2013,9,2013-09-11,11,high,low
38.0428,-119.9756,2013-08-28,Aqua,MODIS,91.6,0,302.4,97,2013,8,2013-08-28,28,high,medium-high
38.0428,-119.833,2013-09-15,Terra,MODIS,33.6,0,303.1,81,2013,9,2013-09-15,15,high,medium-low
38.0429,-119.8297,2013-09-19,Terra,MODIS,43.1,0,303.4,82,2013,9,2013-09-19,19,high,medium-low
38.043,-120.081,2013-09-06,Aqua,MODIS,35.0,0,298.1,59,2013,9,2013-09-06,6,medium,medium-low
38.0432,-119.8824,2013-09-20,Aqua,MODIS,66.6,0,303.2,90,2013,9,2013-09-20,20,high,medium-high
38.0436,-120.0621,2013-09-10,Terra,MODIS,18.3,0,299.1,62,2013,9,2013-09-10,10,medium,low
38.0439,-119.8195,2013-09-15,Aqua,MODIS,36.4,0,299.3,59,2013,9,2013-09-15,15,medium,medium-low
38.0439,-119.8193,2013-09-20,Aqua,MODIS,47.1,0,302.1,92,2013,9,2013-09-20,20,high,medium-high
38.044,-119.8642,2013-09-19,Aqua,MODIS,101.9,0,298.7,50,2013,9,2013-09-19,19,medium,medium-high
38.0451,-119.8365,2013-09-15,Aqua,MODIS,79.7,0,298.2,87,2013,9,2013-09-15,15,high,medium-high
38.0452,-120.0102,2013-09-06,Aqua,MODIS,54.4,0,301.3,83,2013,9,2013-09-06,6,high,medium-high
38.0453,-119.9615,2013-08-28,Aqua,MODIS,61.2,0,301.6,91,2013,8,2013-08-28,28,high,medium-high
38.0454,-119.9665,2013-08-26,Terra,MODIS,19.3,0,285.4,59,2013,8,2013-08-26,26,medium,low
38.0455,-120.0107,2013-09-07,Terra,MODIS,14.2,0,291.0,86,2013,9,2013-09-07,7,high,low
38.0455,-119.8331,2013-09-20,Terra,MODIS,58.7,0,296.9,50,2013,9,2013-09-20,20,medium,medium-high
38.0456,-119.8241,2013-09-19,Aqua,MODIS,141.0,0,298.1,64,2013,9,2013-09-19,19,medium,high
38.0458,-120.0863,2013-09-07,Terra,MODIS,11.8,0,289.2,51,2013,9,2013-09-07,7,medium,low
38.046,-119.8335,2013-09-18,Aqua,MODIS,12.1,0,301.5,64,2013,9,2013-09-18,18,medium,low
38.0461,-119.8404,2013-09-21,Terra,MODIS,19.9,0,280.7,54,2013,9,2013-09-21,21,medium,low
38.0465,-119.9953,2013-09-06,Terra,MODIS,34.5,0,299.1,62,2013,9,2013-09-06,6,medium,medium-low
38.0465,-119.9451,2013-09-07,Aqua,MODIS,485.1,0,316.4,100,2013,9,2013-09-07,7,high,high
38.0465,-119.8175,2013-09-20,Terra,MODIS,59.5,0,297.7,67,2013,9,2013-09-20,20,medium,medium-high
38.047,-119.9985,2013-09-07,Terra,MODIS,23.8,0,292.6,100,2013,9,2013-09-07,7,high,medium-low
38.0473,-120.0741,2013-09-07,Terra,MODIS,20.1,0,290.4,98,2013,9,2013-09-07,7,high,low
38.0473,-119.9183,2013-09-08,Aqua,MODIS,22.6,0,288.7,66,2013,9,2013-09-08,8,medium,medium-low
38.0476,-120.0022,2013-09-06,Terra,MODIS,31.3,0,290.0,63,2013,9,2013-09-06,6,medium,medium-low
38.0476,-119.8365,2013-09-16,Aqua,MODIS,82.0,0,303.1,83,2013,9,2013-09-16,16,high,medium-high
38.0476,-119.8221,2013-09-18,Aqua,MODIS,27.8,0,300.5,84,2013,9,2013-09-18,18,high,medium-low
38.0477,-119.9478,2013-08-28,Aqua,MODIS,29.3,0,296.0,69,2013,8,2013-08-28,28,medium,medium-low
38.0477,-119.8236,2013-09-21,Terra,MODIS,34.7,0,281.2,94,2013,9,2013-09-21,21,high,medium-low
38.0478,-120.0503,2013-09-05,Aqua,MODIS,717.4,0,302.9,100,2013,9,2013-09-05,5,high,high
38.048,-119.929,2013-09-07,Aqua,MODIS,466.2,0,309.8,100,2013,9,2013-09-07,7,high,high
38.0486,-119.9924,2013-09-06,Aqua,MODIS,35.2,0,299.7,67,2013,9,2013-09-06,6,medium,medium-low
38.0488,-120.0617,2013-09-07,Terra,MODIS,9.3,0,289.0,53,2013,9,2013-09-07,7,medium,low
38.0489,-119.9744,2013-08-26,Aqua,MODIS,81.1,0,297.9,99,2013,8,2013-08-26,26,high,medium-high
38.0491,-119.8222,2013-09-16,Aqua,MODIS,80.8,0,302.0,89,2013,9,2013-09-16,16,high,medium-high
38.0493,-120.0636,2013-09-09,Terra,MODIS,21.9,0,291.3,100,2013,9,2013-09-09,9,high,medium-low
38.0496,-119.8151,2013-09-18,Aqua,MODIS,10.4,0,278.6,58,2013,9,2013-09-18,18,medium,low
38.0497,-120.0231,2013-09-05,Aqua,MODIS,947.7,0,302.6,100,2013,9,2013-09-05,5,high,high
38.05,-120.0053,2013-09-04,Aqua,MODIS,17.1,0,289.1,59,2013,9,2013-09-04,4,medium,low
38.05,-119.8184,2013-09-15,Terra,MODIS,11.4,0,300.1,56,2013,9,2013-09-15,15,medium,low
38.0502,-119.883,2013-09-20,Aqua,MODIS,10.0,0,283.2,65,2013,9,2013-09-20,20,medium,low
38.0503,-120.0496,2013-09-07,Terra,MODIS,14.4,0,290.9,70,2013,9,2013-09-07,7,medium,low
38.0505,-119.8314,2013-09-16,Terra,MODIS,31.6,0,286.8,100,2013,9,2013-09-16,16,high,medium-low
38.0506,-119.9631,2013-08-26,Aqua,MODIS,62.1,0,297.5,96,2013,8,2013-08-26,26,high,medium-high
38.0508,-119.929,2013-09-09,Terra,MODIS,15.9,0,292.5,95,2013,9,2013-09-09,9,high,low
38.0509,-119.989,2013-08-31,Terra,MODIS,22.3,0,291.8,98,2013,8,2013-08-31,31,high,medium-low
38.051,-120.0522,2013-09-09,Terra,MODIS,20.5,0,293.5,100,2013,9,2013-09-09,9,high,low
38.0511,-119.8237,2013-09-20,Aqua,MODIS,12.5,0,282.3,53,2013,9,2013-09-20,20,medium,low
38.0514,-119.8271,2013-09-16,Aqua,MODIS,13.9,0,284.1,56,2013,9,2013-09-16,16,medium,low
38.0516,-119.8272,2013-09-18,Aqua,MODIS,11.3,0,277.8,63,2013,9,2013-09-18,18,medium,low
38.0518,-120.0374,2013-09-07,Terra,MODIS,29.6,0,291.6,100,2013,9,2013-09-07,7,high,medium-low
38.0518,-120.0068,2013-09-04,Terra,MODIS,31.8,0,294.2,55,2013,9,2013-09-04,4,medium,medium-low
38.0519,-120.047,2013-09-09,Aqua,MODIS,28.4,0,303.4,67,2013,9,2013-09-09,9,medium,medium-low
38.0521,-119.82,2013-09-16,Terra,MODIS,23.4,0,286.0,100,2013,9,2013-09-16,16,high,medium-low
38.0523,-120.0464,2013-09-05,Aqua,MODIS,747.3,0,301.2,100,2013,9,2013-09-05,5,high,high
38.0523,-119.9518,2013-08-26,Aqua,MODIS,27.0,0,297.7,79,2013,8,2013-08-26,26,high,medium-low
38.0523,-119.8917,2013-09-21,Terra,MODIS,14.6,0,283.2,50,2013,9,2013-09-21,21,medium,low
38.0526,-119.8086,2013-09-20,Terra,MODIS,18.5,0,295.5,50,2013,9,2013-09-20,20,medium,low
38.0527,-120.0409,2013-09-09,Terra,MODIS,15.5,0,291.5,93,2013,9,2013-09-09,9,high,low
38.0531,-119.9253,2013-09-07,Aqua,MODIS,45.1,0,288.1,100,2013,9,2013-09-07,7,high,medium-low
38.0533,-119.9645,2013-09-04,Aqua,MODIS,31.2,0,294.1,82,2013,9,2013-09-04,4,high,medium-low
38.0538,-121.1309,2013-11-16,Terra,MODIS,5.1,0,291.1,50,2013,11,2013-11-16,16,medium,low
38.054,-119.9406,2013-08-26,Aqua,MODIS,14.2,0,294.4,52,2013,8,2013-08-26,26,medium,low
38.0543,-119.9297,2013-09-08,Terra,MODIS,18.6,0,298.6,73,2013,9,2013-09-08,8,high,low
38.0544,-120.0194,2013-09-05,Aqua,MODIS,475.7,0,297.6,100,2013,9,2013-09-05,5,high,high
38.0544,-119.9482,2013-08-29,Aqua,MODIS,103.0,0,295.8,86,2013,8,2013-08-29,29,high,medium-high
38.0544,-119.9373,2013-09-07,Terra,MODIS,12.8,0,288.9,81,2013,9,2013-09-07,7,high,low
38.0546,-120.0323,2013-09-06,Terra,MODIS,64.0,0,292.5,91,2013,9,2013-09-06,6,high,medium-high
38.0553,-119.9524,2013-09-04,Aqua,MODIS,35.0,0,299.0,85,2013,9,2013-09-04,4,high,medium-low
38.0556,-119.965,2013-09-07,Aqua,MODIS,29.8,0,301.8,53,2013,9,2013-09-07,7,medium,medium-low
38.0559,-119.9253,2013-09-07,Terra,MODIS,21.4,0,291.3,99,2013,9,2013-09-07,7,high,medium-low
38.0561,-120.0078,2013-09-04,Terra,MODIS,23.2,0,288.6,60,2013,9,2013-09-04,4,medium,medium-low
38.0562,-119.9929,2013-09-06,Terra,MODIS,27.3,0,299.2,55,2013,9,2013-09-06,6,medium,medium-low
38.0563,-120.0005,2013-09-07,Terra,MODIS,14.5,0,289.6,85,2013,9,2013-09-07,7,high,low
38.0564,-121.2368,2013-06-20,Terra,MODIS,16.7,0,306.2,78,2013,6,2013-06-20,20,high,low
38.0576,-120.0559,2013-09-04,Aqua,MODIS,56.5,0,298.7,93,2013,9,2013-09-04,4,high,medium-high
38.0579,-120.0659,2013-09-03,Terra,MODIS,30.4,0,296.5,67,2013,9,2013-09-03,3,medium,medium-low
38.0581,-119.931,2013-09-07,Aqua,MODIS,48.6,0,288.2,100,2013,9,2013-09-07,7,high,medium-high
38.0585,-120.9074,2013-05-30,Terra,MODIS,70.9,0,312.5,93,2013,5,2013-05-30,30,high,medium-high
38.059,-120.0032,2013-09-04,Aqua,MODIS,25.6,0,290.1,91,2013,9,2013-09-04,4,high,medium-low
38.059,-119.9303,2013-09-07,Aqua,MODIS,116.3,0,302.3,96,2013,9,2013-09-07,7,high,medium-high
38.0591,-120.4619,2013-08-17,Aqua,MODIS,44.3,0,314.9,71,2013,8,2013-08-17,17,high,medium-low
38.0593,-119.928,2013-09-04,Aqua,MODIS,37.7,0,299.5,86,2013,9,2013-09-04,4,high,medium-low
38.0596,-120.0515,2013-09-07,Terra,MODIS,28.4,0,291.1,100,2013,9,2013-09-07,7,high,medium-low
38.0599,-120.0544,2013-09-09,Terra,MODIS,13.9,0,290.8,89,2013,9,2013-09-09,9,high,low
38.0599,-119.991,2013-08-31,Terra,MODIS,20.7,0,288.8,100,2013,8,2013-08-31,31,high,low
38.0601,-119.941,2013-08-26,Terra,MODIS,11.2,0,283.6,59,2013,8,2013-08-26,26,medium,low
38.0603,-120.9241,2013-05-30,Terra,MODIS,76.4,0,313.0,93,2013,5,2013-05-30,30,high,medium-high
38.061,-120.0394,2013-09-07,Terra,MODIS,20.5,0,290.9,89,2013,9,2013-09-07,7,high,low
38.0614,-119.9457,2013-08-26,Aqua,MODIS,10.9,0,283.9,72,2013,8,2013-08-26,26,high,low
38.0616,-120.901,2013-05-30,Terra,MODIS,16.7,0,312.0,52,2013,5,2013-05-30,30,medium,low
38.0616,-120.043,2013-09-09,Terra,MODIS,11.9,0,290.6,83,2013,9,2013-09-09,9,high,low
38.0632,-120.9177,2013-05-30,Terra,MODIS,94.0,0,313.1,96,2013,5,2013-05-30,30,high,medium-high
38.0637,-120.0378,2013-09-04,Aqua,MODIS,20.2,0,289.2,60,2013,9,2013-09-04,4,medium,low
38.064,-119.9488,2013-08-30,Terra,MODIS,43.8,0,305.3,87,2013,8,2013-08-30,30,high,medium-low
38.0645,-119.9216,2013-09-07,Aqua,MODIS,51.5,0,288.8,100,2013,9,2013-09-07,7,high,medium-high
38.0652,-119.927,2013-09-07,Terra,MODIS,19.5,0,288.7,95,2013,9,2013-09-07,7,high,low
38.0653,-120.0494,2013-09-04,Aqua,MODIS,23.1,0,289.0,100,2013,9,2013-09-04,4,high,medium-low
38.0659,-120.0103,2013-09-02,Terra,MODIS,9.0,0,286.5,66,2013,9,2013-09-02,2,medium,low
38.0659,-119.9186,2013-09-04,Aqua,MODIS,13.0,0,286.6,84,2013,9,2013-09-04,4,high,low
38.0664,-119.9329,2013-08-30,Aqua,MODIS,31.4,0,288.6,50,2013,8,2013-08-30,30,medium,medium-low
38.0675,-120.4683,2013-08-17,Terra,MODIS,38.5,0,306.3,50,2013,8,2013-08-17,17,medium,medium-low
38.0675,-119.9301,2013-09-04,Aqua,MODIS,10.2,0,285.3,74,2013,9,2013-09-04,4,high,low
38.069,-120.0491,2013-09-02,Terra,MODIS,9.8,0,287.5,55,2013,9,2013-09-02,2,medium,low
38.0696,-119.9274,2013-09-07,Aqua,MODIS,25.8,0,286.1,80,2013,9,2013-09-07,7,high,medium-low
38.0715,-120.2338,2013-11-07,Aqua,MODIS,6.6,0,292.7,53,2013,11,2013-11-07,7,medium,low
38.0724,-121.1675,2013-12-20,Terra,MODIS,9.0,0,284.8,65,2013,12,2013-12-20,20,medium,low
38.0735,-120.2217,2013-11-07,Aqua,MODIS,12.0,0,293.1,69,2013,11,2013-11-07,7,medium,low
38.0741,-121.1788,2013-12-20,Terra,MODIS,14.5,0,284.6,75,2013,12,2013-12-20,20,high,low
38.075,-120.0128,2013-09-02,Terra,MODIS,13.6,0,285.5,79,2013,9,2013-09-02,2,high,low
38.0758,-120.0363,2013-08-31,Aqua,MODIS,22.1,0,288.5,86,2013,8,2013-08-31,31,high,medium-low
38.076,-120.1394,2013-09-08,Terra,MODIS,11.4,0,300.5,51,2013,9,2013-09-08,8,medium,low
38.0762,-120.0467,2013-08-31,Aqua,MODIS,45.2,0,299.5,75,2013,8,2013-08-31,31,high,medium-low
38.0766,-120.0379,2013-08-31,Aqua,MODIS,35.2,0,299.1,50,2013,8,2013-08-31,31,medium,medium-low
38.077,-120.2242,2013-11-07,Terra,MODIS,26.8,0,286.3,72,2013,11,2013-11-07,7,high,medium-low
38.0807,-120.2361,2013-11-07,Aqua,MODIS,36.0,0,289.9,88,2013,11,2013-11-07,7,high,medium-low
38.0828,-120.2235,2013-11-07,Aqua,MODIS,43.8,0,289.3,90,2013,11,2013-11-07,7,high,medium-low
38.0853,-122.1389,2013-11-17,Aqua,MODIS,15.3,0,294.3,64,2013,11,2013-11-17,17,medium,low
38.0858,-120.2175,2013-11-08,Terra,MODIS,14.5,0,283.5,50,2013,11,2013-11-08,8,medium,low
38.0861,-120.0333,2013-08-31,Aqua,MODIS,15.0,0,287.6,68,2013,8,2013-08-31,31,medium,low
38.0929,-121.1362,2013-09-16,Aqua,MODIS,11.4,0,312.5,73,2013,9,2013-09-16,16,high,low
38.1008,-114.5742,2013-08-02,Terra,MODIS,72.2,0,300.7,98,2013,8,2013-08-02,2,high,medium-high
38.1026,-114.5856,2013-08-02,Terra,MODIS,54.0,0,302.8,94,2013,8,2013-08-02,2,high,medium-high
38.1072,-120.172,2013-04-27,Aqua,MODIS,31.2,0,304.0,63,2013,4,2013-04-27,27,medium,medium-low
38.1108,-121.608,2013-07-05,Terra,MODIS,0.0,3,298.4,94,2013,7,2013-07-05,5,high,low
38.1172,-120.5402,2013-03-17,Aqua,MODIS,5.7,0,294.4,55,2013,3,2013-03-17,17,medium,low
38.1249,-121.2466,2013-07-13,Terra,MODIS,5.8,0,313.8,50,2013,7,2013-07-13,13,medium,low
38.125,-121.2492,2013-08-05,Terra,MODIS,6.7,0,308.7,54,2013,8,2013-08-05,5,medium,low
38.1253,-121.2463,2013-06-27,Terra,MODIS,6.2,0,310.3,50,2013,6,2013-06-27,27,medium,low
38.1309,-121.2488,2013-06-18,Terra,MODIS,8.3,0,304.4,57,2013,6,2013-06-18,18,medium,low
38.1422,-121.8262,2013-09-06,Terra,MODIS,18.0,0,311.1,80,2013,9,2013-09-06,6,high,low
38.1441,-121.8379,2013-09-06,Terra,MODIS,24.3,0,311.2,84,2013,9,2013-09-06,6,high,medium-low
38.1531,-121.8356,2013-09-06,Terra,MODIS,6.8,0,311.7,64,2013,9,2013-09-06,6,medium,low
38.1567,-121.4695,2013-10-30,Terra,MODIS,14.7,0,293.9,67,2013,10,2013-10-30,30,medium,low
38.1587,-121.4921,2013-10-30,Terra,MODIS,42.1,0,293.2,80,2013,10,2013-10-30,30,high,medium-low
38.1697,-121.1879,2013-11-18,Terra,MODIS,14.7,0,284.1,58,2013,11,2013-11-18,18,medium,low
38.174,-121.3976,2013-11-18,Terra,MODIS,23.2,0,286.9,84,2013,11,2013-11-18,18,high,medium-low
38.1749,-121.2218,2013-11-18,Terra,MODIS,14.9,0,282.8,76,2013,11,2013-11-18,18,high,low
38.1756,-121.574,2013-03-12,Terra,MODIS,12.1,0,299.9,68,2013,3,2013-03-12,12,medium,low
38.1757,-121.4089,2013-11-18,Terra,MODIS,29.1,0,288.4,87,2013,11,2013-11-18,18,high,medium-low
38.1788,-119.9928,2013-11-14,Aqua,MODIS,12.2,0,282.7,70,2013,11,2013-11-14,14,medium,low
38.1792,-119.9959,2013-11-13,Terra,MODIS,23.0,0,287.7,79,2013,11,2013-11-13,13,high,medium-low
38.1796,-122.523,2013-07-26,Aqua,MODIS,173.6,0,309.3,97,2013,7,2013-07-26,26,high,high
38.1802,-121.4055,2013-11-07,Terra,MODIS,23.7,0,298.3,80,2013,11,2013-11-07,7,high,medium-low
38.182,-121.1691,2013-12-05,Aqua,MODIS,8.3,0,285.5,57,2013,12,2013-12-05,5,medium,low
38.1866,-121.9653,2013-10-04,Aqua,MODIS,118.9,0,312.3,94,2013,10,2013-10-04,4,high,medium-high
38.1884,-121.9538,2013-10-04,Aqua,MODIS,96.5,0,311.3,94,2013,10,2013-10-04,4,high,medium-high
38.1901,-121.9424,2013-10-04,Aqua,MODIS,21.2,0,302.0,68,2013,10,2013-10-04,4,medium,medium-low
38.1956,-121.9675,2013-10-04,Aqua,MODIS,10.3,0,306.9,56,2013,10,2013-10-04,4,medium,low
38.1973,-121.956,2013-10-04,Aqua,MODIS,21.9,0,308.1,82,2013,10,2013-10-04,4,high,medium-low
38.1991,-121.9445,2013-10-04,Aqua,MODIS,20.6,0,307.7,74,2013,10,2013-10-04,4,high,low
38.2026,-120.8761,2013-05-28,Terra,MODIS,11.7,0,301.4,63,2013,5,2013-05-28,28,medium,low
38.207,-121.2171,2013-02-26,Terra,MODIS,8.5,0,289.0,66,2013,2,2013-02-26,26,medium,low
38.208,-121.9467,2013-10-04,Aqua,MODIS,8.7,0,306.2,51,2013,10,2013-10-04,4,medium,low
38.2084,-121.5559,2013-10-15,Terra,MODIS,7.3,0,300.1,58,2013,10,2013-10-15,15,medium,low
38.2105,-121.2208,2013-05-13,Aqua,MODIS,28.6,0,315.7,90,2013,5,2013-05-13,13,high,medium-low
38.2122,-121.2096,2013-05-13,Aqua,MODIS,12.9,0,314.6,82,2013,5,2013-05-13,13,high,low
38.2172,-121.1287,2013-06-03,Terra,MODIS,81.4,0,305.2,77,2013,6,2013-06-03,3,high,medium-high
38.2173,-121.533,2013-08-07,Terra,MODIS,15.3,0,302.6,73,2013,8,2013-08-07,7,high,low
38.218,-121.5532,2013-10-15,Terra,MODIS,7.4,0,299.4,51,2013,10,2013-10-15,15,medium,low
38.2197,-121.123,2013-06-03,Terra,MODIS,81.5,0,305.4,77,2013,6,2013-06-03,3,high,medium-high
38.2209,-121.5803,2013-09-13,Terra,MODIS,20.0,0,301.6,76,2013,9,2013-09-13,13,high,low
38.2214,-121.9507,2013-10-04,Terra,MODIS,69.7,0,302.3,74,2013,10,2013-10-04,4,high,medium-high
38.2228,-121.8584,2013-02-20,Aqua,MODIS,8.8,0,288.6,65,2013,2,2013-02-20,20,medium,low
38.2232,-121.5937,2013-09-13,Terra,MODIS,16.2,0,302.0,72,2013,9,2013-09-13,13,high,low
38.232,-122.4574,2013-09-08,Aqua,MODIS,71.4,0,309.6,69,2013,9,2013-09-08,8,medium,medium-high
38.2326,-120.1266,2013-04-25,Aqua,MODIS,11.3,0,294.5,53,2013,4,2013-04-25,25,medium,low
38.234,-122.4514,2013-09-08,Aqua,MODIS,91.4,0,309.5,73,2013,9,2013-09-08,8,high,medium-high
38.2341,-120.1124,2013-04-25,Aqua,MODIS,11.8,0,294.0,53,2013,4,2013-04-25,25,medium,low
38.2352,-118.9197,2013-08-28,Aqua,MODIS,34.0,0,313.3,88,2013,8,2013-08-28,28,high,medium-low
38.2362,-121.6103,2013-01-31,Aqua,MODIS,23.3,0,293.8,67,2013,1,2013-01-31,31,medium,medium-low
38.2367,-120.0308,2013-08-06,Aqua,MODIS,50.4,0,305.7,81,2013,8,2013-08-06,6,high,medium-high
38.2371,-120.0321,2013-08-05,Aqua,MODIS,129.2,0,305.9,92,2013,8,2013-08-05,5,high,high
38.2382,-120.015,2013-08-06,Aqua,MODIS,32.9,0,302.3,65,2013,8,2013-08-06,6,medium,medium-low
38.2407,-120.0135,2013-08-05,Aqua,MODIS,52.6,0,301.7,81,2013,8,2013-08-05,5,high,medium-high
38.2413,-120.0607,2013-12-16,Aqua,MODIS,6.3,0,291.1,56,2013,12,2013-12-16,16,medium,low
38.2446,-120.032,2013-08-06,Terra,MODIS,42.7,0,290.6,100,2013,8,2013-08-06,6,high,medium-low
38.246,-120.0205,2013-08-06,Terra,MODIS,48.6,0,293.9,100,2013,8,2013-08-06,6,high,medium-high
38.2464,-118.9002,2013-08-18,Aqua,MODIS,682.1,0,309.7,100,2013,8,2013-08-18,18,high,high
38.2466,-120.018,2013-08-05,Terra,MODIS,115.6,0,306.3,100,2013,8,2013-08-05,5,high,medium-high
38.2468,-120.0153,2013-08-06,Aqua,MODIS,39.0,0,290.4,97,2013,8,2013-08-06,6,high,medium-low
38.2475,-120.0361,2013-08-05,Aqua,MODIS,38.0,0,304.2,72,2013,8,2013-08-05,5,high,medium-low
38.2475,-120.0087,2013-08-06,Terra,MODIS,23.4,0,291.0,100,2013,8,2013-08-06,6,high,medium-low
38.2477,-120.0317,2013-08-06,Aqua,MODIS,42.3,0,305.4,76,2013,8,2013-08-06,6,high,medium-low
38.2479,-121.5758,2013-10-28,Terra,MODIS,38.0,0,297.0,86,2013,10,2013-10-28,28,high,medium-low
38.2487,-120.0299,2013-08-05,Terra,MODIS,126.3,0,309.6,100,2013,8,2013-08-05,5,high,high
38.2492,-120.0165,2013-08-06,Aqua,MODIS,188.5,0,308.1,100,2013,8,2013-08-06,6,high,high
38.2499,-118.8518,2013-08-18,Terra,MODIS,109.0,0,312.5,100,2013,8,2013-08-18,18,high,medium-high
38.2507,-120.0012,2013-08-06,Aqua,MODIS,82.4,0,300.9,89,2013,8,2013-08-06,6,high,medium-high
38.2509,-120.0214,2013-08-05,Aqua,MODIS,11.8,0,288.1,59,2013,8,2013-08-05,5,medium,low
38.2515,-118.8648,2013-08-18,Terra,MODIS,115.5,0,312.7,100,2013,8,2013-08-18,18,high,medium-high
38.2539,-120.0338,2013-08-06,Terra,MODIS,11.3,0,289.1,77,2013,8,2013-08-06,6,high,low
38.2539,-120.0066,2013-08-06,Aqua,MODIS,52.4,0,291.2,100,2013,8,2013-08-06,6,high,medium-high
38.255,-121.5626,2013-10-11,Terra,MODIS,37.9,0,297.5,70,2013,10,2013-10-11,11,medium,medium-low
38.2554,-120.0215,2013-08-06,Terra,MODIS,47.1,0,293.2,100,2013,8,2013-08-06,6,high,medium-high
38.256,-118.8627,2013-08-18,Aqua,MODIS,1750.1,0,316.1,100,2013,8,2013-08-18,18,high,high
38.2563,-120.0072,2013-08-07,Terra,MODIS,34.6,0,302.6,87,2013,8,2013-08-07,7,high,medium-low
38.2568,-120.01,2013-08-06,Terra,MODIS,87.8,0,296.0,100,2013,8,2013-08-06,6,high,medium-high
38.2579,-120.0183,2013-08-07,Terra,MODIS,19.8,0,301.9,77,2013,8,2013-08-07,7,high,low
38.258,-120.0108,2013-08-06,Aqua,MODIS,57.0,0,291.1,99,2013,8,2013-08-06,6,high,medium-high
38.2583,-119.9985,2013-08-06,Terra,MODIS,23.3,0,288.2,100,2013,8,2013-08-06,6,high,medium-low
38.2594,-118.8495,2013-08-18,Terra,MODIS,555.2,0,333.0,100,2013,8,2013-08-18,18,high,high
38.2603,-120.0167,2013-08-06,Aqua,MODIS,30.8,0,301.8,62,2013,8,2013-08-06,6,medium,medium-low
38.261,-118.8627,2013-08-18,Terra,MODIS,2014.3,0,358.1,100,2013,8,2013-08-18,18,high,high
38.2619,-118.9061,2013-08-18,Aqua,MODIS,472.4,0,303.4,99,2013,8,2013-08-18,18,high,high
38.2626,-118.8759,2013-08-18,Terra,MODIS,105.7,0,309.9,100,2013,8,2013-08-18,18,high,medium-high
38.2634,-120.0048,2013-08-06,Terra,MODIS,19.3,0,287.9,95,2013,8,2013-08-06,6,high,low
38.264,-118.8734,2013-08-18,Aqua,MODIS,1584.2,0,315.5,100,2013,8,2013-08-18,18,high,high
38.2651,-120.0028,2013-08-06,Aqua,MODIS,23.6,0,287.8,76,2013,8,2013-08-06,6,high,medium-low
38.2712,-118.8693,2013-08-18,Aqua,MODIS,1638.5,0,308.8,100,2013,8,2013-08-18,18,high,high
38.2748,-118.8317,2013-08-18,Aqua,MODIS,68.2,0,304.2,62,2013,8,2013-08-18,18,medium,medium-high
38.2789,-118.8812,2013-08-18,Aqua,MODIS,424.4,0,301.4,97,2013,8,2013-08-18,18,high,high
38.2868,-120.8813,2013-02-28,Aqua,MODIS,16.3,0,287.8,51,2013,2,2013-02-28,28,medium,low
38.2868,-120.3442,2013-04-26,Terra,MODIS,35.9,0,295.8,86,2013,4,2013-04-26,26,high,medium-low
38.288,-121.4819,2013-10-31,Terra,MODIS,4.6,0,295.9,55,2013,10,2013-10-31,31,medium,low
38.288,-120.9559,2013-10-31,Aqua,MODIS,94.6,0,301.1,96,2013,10,2013-10-31,31,high,medium-high
38.2893,-120.3432,2013-04-25,Aqua,MODIS,29.1,0,297.6,79,2013,4,2013-04-25,25,high,medium-low
38.2909,-120.9405,2013-10-31,Aqua,MODIS,21.5,0,296.9,80,2013,10,2013-10-31,31,high,medium-low
38.2934,-120.8521,2013-02-28,Aqua,MODIS,23.1,0,286.8,57,2013,2,2013-02-28,28,medium,medium-low
38.2943,-121.5218,2013-10-22,Terra,MODIS,9.4,0,301.3,52,2013,10,2013-10-22,22,medium,low
38.2993,-120.8596,2013-02-28,Aqua,MODIS,24.4,0,286.7,54,2013,2,2013-02-28,28,medium,medium-low
38.3035,-121.795,2013-10-01,Aqua,MODIS,43.3,0,299.6,68,2013,10,2013-10-01,1,medium,medium-low
38.3068,-121.7993,2013-09-16,Aqua,MODIS,36.5,0,312.2,89,2013,9,2013-09-16,16,high,medium-low
38.3244,-122.4973,2013-02-17,Terra,MODIS,5.8,0,290.0,52,2013,2,2013-02-17,17,medium,low
38.331,-121.6045,2013-03-04,Aqua,MODIS,18.1,0,294.4,66,2013,3,2013-03-04,4,medium,low
38.3333,-120.3371,2013-02-04,Aqua,MODIS,10.5,0,288.4,59,2013,2,2013-02-04,4,medium,low
38.3334,-121.118,2013-08-24,Aqua,MODIS,22.2,0,317.4,83,2013,8,2013-08-24,24,high,medium-low
38.3339,-121.6152,2013-02-28,Terra,MODIS,6.4,0,292.5,68,2013,2,2013-02-28,28,medium,low
38.3447,-115.1601,2013-03-25,Terra,MODIS,20.0,0,295.0,65,2013,3,2013-03-25,25,medium,low
38.3459,-122.3039,2013-02-17,Terra,MODIS,4.7,0,290.9,53,2013,2,2013-02-17,17,medium,low
38.3481,-122.3164,2013-02-17,Terra,MODIS,6.1,0,291.7,60,2013,2,2013-02-17,17,medium,low
38.3646,-121.6067,2013-01-30,Aqua,MODIS,17.9,0,295.2,79,2013,1,2013-01-30,30,high,low
38.3665,-120.6959,2013-12-13,Terra,MODIS,15.0,0,284.9,75,2013,12,2013-12-13,13,high,low
38.3692,-122.1958,2013-03-23,Terra,MODIS,6.2,0,291.8,65,2013,3,2013-03-23,23,medium,low
38.3693,-120.9356,2013-06-05,Aqua,MODIS,22.2,0,314.6,84,2013,6,2013-06-05,5,high,medium-low
38.3738,-114.2454,2013-02-14,Terra,MODIS,21.4,0,273.8,72,2013,2,2013-02-14,14,high,medium-low
38.3742,-122.7414,2013-07-10,Aqua,MODIS,41.1,0,306.9,61,2013,7,2013-07-10,10,medium,medium-low
38.3755,-114.2367,2013-02-12,Aqua,MODIS,30.4,0,275.7,82,2013,2,2013-02-12,12,high,medium-low
38.3774,-122.7495,2013-07-10,Aqua,MODIS,23.6,0,306.4,51,2013,7,2013-07-10,10,medium,medium-low
38.3776,-120.9586,2013-02-17,Terra,MODIS,6.1,0,290.5,53,2013,2,2013-02-17,17,medium,low
38.3776,-114.2244,2013-02-12,Aqua,MODIS,18.8,0,275.2,74,2013,2,2013-02-12,12,high,low
38.3792,-122.7266,2013-07-10,Aqua,MODIS,37.6,0,307.9,74,2013,7,2013-07-10,10,high,medium-low
38.381,-114.222,2013-02-12,Terra,MODIS,32.0,0,273.0,72,2013,2,2013-02-12,12,high,medium-low
38.3832,-120.951,2013-12-12,Aqua,MODIS,20.3,0,289.9,75,2013,12,2013-12-12,12,high,low
38.3847,-120.9355,2013-12-12,Aqua,MODIS,24.5,0,289.4,77,2013,12,2013-12-12,12,high,medium-low
38.3889,-121.9585,2013-05-17,Terra,MODIS,4.9,0,305.7,62,2013,5,2013-05-17,17,medium,low
38.3889,-120.9467,2013-12-12,Aqua,MODIS,118.4,0,292.7,98,2013,12,2013-12-12,12,high,medium-high
38.3905,-120.9311,2013-12-12,Aqua,MODIS,72.5,0,290.2,92,2013,12,2013-12-12,12,high,medium-high
38.3916,-120.8885,2013-03-18,Terra,MODIS,56.6,0,284.0,91,2013,3,2013-03-18,18,high,medium-high
38.3931,-122.3096,2013-11-22,Terra,MODIS,27.8,0,281.6,79,2013,11,2013-11-22,22,high,medium-low
38.3936,-120.9529,2013-12-12,Aqua,MODIS,39.2,0,290.0,82,2013,12,2013-12-12,12,high,medium-low
38.3946,-120.9298,2013-12-12,Terra,MODIS,119.4,0,287.3,75,2013,12,2013-12-12,12,high,high
38.3947,-122.2913,2013-11-22,Terra,MODIS,21.9,0,282.3,65,2013,11,2013-11-22,22,medium,medium-low
38.3952,-120.9373,2013-12-12,Aqua,MODIS,79.1,0,289.6,93,2013,12,2013-12-12,12,high,medium-high
38.3959,-120.9222,2013-12-12,Terra,MODIS,81.2,0,287.1,69,2013,12,2013-12-12,12,medium,medium-high
38.3976,-121.9139,2013-05-23,Terra,MODIS,16.0,0,302.0,51,2013,5,2013-05-23,23,medium,low
38.3995,-121.9382,2013-05-23,Terra,MODIS,20.1,0,303.7,68,2013,5,2013-05-23,23,medium,low
38.4324,-119.1246,2013-05-01,Aqua,MODIS,31.5,0,312.7,84,2013,5,2013-05-01,1,high,medium-low
38.4327,-120.9589,2013-02-06,Aqua,MODIS,4.8,0,288.5,52,2013,2,2013-02-06,6,medium,low
38.435,-122.372,2013-03-22,Aqua,MODIS,14.2,0,299.9,76,2013,3,2013-03-22,22,high,low
38.435,-119.11,2013-05-01,Aqua,MODIS,17.3,0,311.1,76,2013,5,2013-05-01,1,high,low
38.4364,-119.1198,2013-05-01,Terra,MODIS,22.7,0,308.5,81,2013,5,2013-05-01,1,high,medium-low
38.4447,-122.3514,2013-05-01,Aqua,MODIS,14.9,0,290.4,53,2013,5,2013-05-01,1,medium,low
38.4455,-120.9029,2013-03-05,Terra,MODIS,12.8,0,286.2,69,2013,3,2013-03-05,5,medium,low
38.4571,-122.4,2013-02-04,Aqua,MODIS,6.8,0,281.6,57,2013,2,2013-02-04,4,medium,low
38.4593,-120.3536,2013-03-19,Aqua,MODIS,7.4,0,272.4,50,2013,3,2013-03-19,19,medium,low
38.461,-120.3422,2013-03-19,Aqua,MODIS,15.7,0,272.9,74,2013,3,2013-03-19,19,high,low
38.466,-122.3919,2013-02-08,Aqua,MODIS,25.0,0,287.8,72,2013,2,2013-02-08,8,high,medium-low
38.4677,-122.3793,2013-02-08,Terra,MODIS,17.0,0,286.3,72,2013,2,2013-02-08,8,high,low
38.4685,-120.461,2013-11-07,Aqua,MODIS,9.3,0,291.7,66,2013,11,2013-11-07,7,medium,low
38.4703,-122.3933,2013-02-08,Terra,MODIS,39.7,0,286.0,81,2013,2,2013-02-08,8,high,medium-low
38.482,-122.3416,2013-01-30,Terra,MODIS,11.8,0,288.3,55,2013,1,2013-01-30,30,medium,low
38.5061,-121.9483,2013-12-21,Aqua,MODIS,5.1,0,290.9,57,2013,12,2013-12-21,21,medium,low
38.5067,-116.3323,2013-05-01,Aqua,MODIS,6.7,0,310.4,58,2013,5,2013-05-01,1,medium,low
38.5071,-121.9578,2013-02-13,Aqua,MODIS,4.0,0,294.2,63,2013,2,2013-02-13,13,medium,low
38.5096,-120.3475,2013-08-18,Aqua,MODIS,43.8,0,286.8,50,2013,8,2013-08-18,18,medium,medium-low
38.5173,-121.3806,2013-05-17,Terra,MODIS,4.9,0,305.5,55,2013,5,2013-05-17,17,medium,low
38.5184,-121.7561,2013-02-28,Terra,MODIS,7.8,0,294.4,68,2013,2,2013-02-28,28,medium,low
38.5199,-121.7679,2013-02-28,Terra,MODIS,5.5,0,295.4,56,2013,2,2013-02-28,28,medium,low
38.5363,-122.8497,2013-04-26,Terra,MODIS,21.0,0,295.2,63,2013,4,2013-04-26,26,medium,medium-low
38.5387,-121.8058,2013-11-05,Terra,MODIS,13.4,0,295.6,67,2013,11,2013-11-05,5,medium,low
38.5409,-121.8999,2013-04-10,Terra,MODIS,10.6,0,302.6,73,2013,4,2013-04-10,10,high,low
38.5428,-122.7897,2013-02-06,Aqua,MODIS,6.6,0,291.2,60,2013,2,2013-02-06,6,medium,low
38.5433,-121.9542,2013-09-27,Aqua,MODIS,10.0,0,285.6,71,2013,9,2013-09-27,27,high,low
38.5479,-121.9582,2013-09-27,Aqua,MODIS,240.7,0,312.1,100,2013,9,2013-09-27,27,high,high
38.5493,-121.9455,2013-09-27,Terra,MODIS,172.0,0,304.7,100,2013,9,2013-09-27,27,high,high
38.55,-121.9458,2013-09-27,Aqua,MODIS,37.8,0,304.4,89,2013,9,2013-09-27,27,high,medium-low
38.5507,-121.9663,2013-09-27,Terra,MODIS,31.6,0,287.3,94,2013,9,2013-09-27,27,high,medium-low
38.5508,-121.9404,2013-09-27,Aqua,MODIS,36.8,0,290.0,100,2013,9,2013-09-27,27,high,medium-low
38.5524,-121.9523,2013-09-27,Aqua,MODIS,907.6,0,312.6,100,2013,9,2013-09-27,27,high,high
38.5529,-121.9636,2013-09-27,Terra,MODIS,164.9,0,304.0,100,2013,9,2013-09-27,27,high,high
38.554,-121.9642,2013-09-27,Aqua,MODIS,26.2,0,286.4,100,2013,9,2013-09-27,27,high,medium-low
38.554,-121.9581,2013-09-28,Terra,MODIS,75.7,0,285.6,100,2013,9,2013-09-28,28,high,medium-high
38.554,-121.949,2013-09-27,Terra,MODIS,44.0,0,287.2,100,2013,9,2013-09-27,27,high,medium-low
38.5615,-121.9503,2013-09-27,Aqua,MODIS,14.8,0,287.2,88,2013,9,2013-09-27,27,high,low
38.5646,-119.6534,2013-08-19,Aqua,MODIS,25.4,0,298.2,64,2013,8,2013-08-19,19,medium,medium-low
38.5689,-122.5219,2013-11-18,Terra,MODIS,7.7,0,283.4,58,2013,11,2013-11-18,18,medium,low
38.5705,-122.5334,2013-11-18,Terra,MODIS,8.3,0,283.4,61,2013,11,2013-11-18,18,medium,low
38.5787,-121.8909,2013-02-27,Aqua,MODIS,34.1,0,297.4,87,2013,2,2013-02-27,27,high,medium-low
38.5796,-121.7257,2013-12-11,Terra,MODIS,7.7,0,284.9,58,2013,12,2013-12-11,11,medium,low
38.587,-121.9068,2013-02-27,Aqua,MODIS,8.4,0,299.1,65,2013,2,2013-02-27,27,medium,low
38.5886,-121.8927,2013-02-27,Aqua,MODIS,19.1,0,296.4,80,2013,2,2013-02-27,27,high,low
38.5949,-121.8964,2013-03-04,Aqua,MODIS,94.4,0,296.8,88,2013,3,2013-03-04,4,high,medium-high
38.595,-120.5312,2013-11-05,Aqua,MODIS,10.2,0,286.7,66,2013,11,2013-11-05,5,medium,low
38.6076,-121.1504,2013-05-30,Terra,MODIS,19.8,0,310.0,70,2013,5,2013-05-30,30,medium,low
38.6172,-121.2811,2013-07-24,Terra,MODIS,23.7,0,307.4,80,2013,7,2013-07-24,24,high,medium-low
38.6185,-121.3067,2013-07-26,Aqua,MODIS,99.4,0,309.7,88,2013,7,2013-07-26,26,high,medium-high
38.6188,-121.2961,2013-07-24,Terra,MODIS,15.1,0,307.1,68,2013,7,2013-07-24,24,medium,low
38.6206,-121.5781,2013-02-11,Aqua,MODIS,5.7,0,292.5,58,2013,2,2013-02-11,11,medium,low
38.6402,-122.6474,2013-05-01,Aqua,MODIS,25.6,0,291.0,77,2013,5,2013-05-01,1,high,medium-low
38.642,-121.8646,2013-02-27,Aqua,MODIS,8.0,0,297.6,54,2013,2,2013-02-27,27,medium,low
38.6469,-120.8693,2013-02-11,Aqua,MODIS,8.2,0,288.1,50,2013,2,2013-02-11,11,medium,low
38.6588,-121.3889,2013-05-01,Terra,MODIS,6.5,0,309.0,74,2013,5,2013-05-01,1,high,low
38.67,-120.5704,2013-01-21,Aqua,MODIS,7.6,0,289.2,61,2013,1,2013-01-21,21,medium,low
38.6724,-121.5471,2013-08-09,Terra,MODIS,13.8,0,307.5,52,2013,8,2013-08-09,9,medium,low
38.6741,-121.5625,2013-08-09,Terra,MODIS,18.9,0,307.5,73,2013,8,2013-08-09,9,high,low
38.6751,-120.5563,2013-11-05,Aqua,MODIS,34.1,0,282.0,83,2013,11,2013-11-05,5,high,medium-low
38.6763,-120.3213,2013-10-02,Aqua,MODIS,31.7,0,291.5,77,2013,10,2013-10-02,2,high,medium-low
38.6766,-120.5449,2013-11-05,Aqua,MODIS,35.6,0,284.1,88,2013,11,2013-11-05,5,high,medium-low
38.6999,-119.8182,2013-04-24,Terra,MODIS,51.4,0,298.8,92,2013,4,2013-04-24,24,high,medium-high
38.7091,-120.404,2013-12-14,Terra,MODIS,13.1,0,275.3,73,2013,12,2013-12-14,14,high,low
38.7108,-120.3925,2013-12-14,Terra,MODIS,18.1,0,275.7,90,2013,12,2013-12-14,14,high,low
38.718,-120.4064,2013-12-14,Terra,MODIS,46.4,0,276.7,100,2013,12,2013-12-14,14,high,medium-low
38.719,-121.3953,2013-06-13,Aqua,MODIS,33.7,0,308.1,62,2013,6,2013-06-13,13,medium,medium-low
38.7224,-120.3957,2013-12-14,Aqua,MODIS,12.1,0,275.1,57,2013,12,2013-12-14,14,medium,low
38.7245,-121.3656,2013-06-13,Aqua,MODIS,22.6,0,307.4,57,2013,6,2013-06-13,13,medium,medium-low
38.7279,-121.359,2013-06-13,Aqua,MODIS,25.1,0,307.4,57,2013,6,2013-06-13,13,medium,medium-low
38.7342,-122.4622,2013-03-01,Aqua,MODIS,4.9,0,299.0,53,2013,3,2013-03-01,1,medium,low
38.7366,-120.5324,2013-11-07,Terra,MODIS,21.2,0,280.0,63,2013,11,2013-11-07,7,medium,medium-low
38.7385,-121.3841,2013-06-13,Terra,MODIS,6.5,0,310.5,59,2013,6,2013-06-13,13,medium,low
38.7433,-122.4727,2013-02-22,Aqua,MODIS,5.3,0,291.8,61,2013,2,2013-02-22,22,medium,low
38.7438,-120.542,2013-11-07,Aqua,MODIS,32.8,0,292.8,75,2013,11,2013-11-07,7,high,medium-low
38.7462,-121.8472,2013-11-23,Aqua,MODIS,9.0,0,291.7,66,2013,11,2013-11-23,23,medium,low
38.7558,-122.1509,2013-03-17,Aqua,MODIS,10.9,0,296.5,75,2013,3,2013-03-17,17,high,low
38.7559,-120.3636,2013-07-08,Aqua,MODIS,149.9,0,301.2,68,2013,7,2013-07-08,8,medium,high
38.7574,-122.1395,2013-03-17,Aqua,MODIS,11.4,0,296.2,76,2013,3,2013-03-17,17,high,low
38.7606,-119.0233,2013-03-17,Aqua,MODIS,7.1,0,300.1,54,2013,3,2013-03-17,17,medium,low
38.7616,-120.3679,2013-07-08,Aqua,MODIS,321.1,0,303.6,88,2013,7,2013-07-08,8,high,high
38.7633,-119.0105,2013-03-18,Terra,MODIS,8.4,0,293.6,74,2013,3,2013-03-18,18,high,low
38.7635,-120.3173,2013-07-08,Aqua,MODIS,101.8,0,301.3,61,2013,7,2013-07-08,8,medium,medium-high
38.7635,-119.0165,2013-03-17,Aqua,MODIS,6.8,0,301.7,52,2013,3,2013-03-17,17,medium,low
38.764,-121.5323,2013-10-27,Aqua,MODIS,13.1,0,296.9,77,2013,10,2013-10-27,27,high,low
38.764,-120.3756,2013-07-08,Aqua,MODIS,247.7,0,303.6,84,2013,7,2013-07-08,8,high,high
38.7644,-120.3727,2013-07-08,Aqua,MODIS,111.8,0,301.5,51,2013,7,2013-07-08,8,medium,medium-high
38.7657,-120.3259,2013-07-08,Aqua,MODIS,170.6,0,301.7,76,2013,7,2013-07-08,8,high,high
38.7693,-120.3396,2013-07-09,Terra,MODIS,55.0,0,292.7,100,2013,7,2013-07-09,9,high,medium-high
38.7717,-120.3422,2013-07-09,Aqua,MODIS,12.1,0,289.5,84,2013,7,2013-07-09,9,high,low
38.7722,-120.8856,2013-06-20,Terra,MODIS,10.3,0,307.4,62,2013,6,2013-06-20,20,medium,low
38.7743,-121.4208,2013-11-16,Aqua,MODIS,9.8,0,291.7,67,2013,11,2013-11-16,16,medium,low
38.7759,-120.3333,2013-07-09,Terra,MODIS,38.3,0,306.4,59,2013,7,2013-07-09,9,medium,medium-low
38.7775,-121.4659,2013-02-27,Aqua,MODIS,8.9,0,294.5,65,2013,2,2013-02-27,27,medium,low
38.7784,-120.3475,2013-07-09,Terra,MODIS,52.9,0,291.9,100,2013,7,2013-07-09,9,high,medium-high
38.7785,-120.5659,2013-11-07,Aqua,MODIS,15.7,0,293.5,74,2013,11,2013-11-07,7,high,low
38.7789,-120.3288,2013-07-09,Aqua,MODIS,8.6,0,287.7,66,2013,7,2013-07-09,9,medium,low
38.7795,-120.3406,2013-07-09,Terra,MODIS,117.4,0,293.3,100,2013,7,2013-07-09,9,high,medium-high
38.7805,-120.3401,2013-07-09,Aqua,MODIS,27.9,0,290.4,100,2013,7,2013-07-09,9,high,medium-low
38.7807,-120.5532,2013-11-07,Aqua,MODIS,11.4,0,292.4,68,2013,11,2013-11-07,7,medium,low
38.7813,-120.3319,2013-07-09,Terra,MODIS,57.2,0,290.2,100,2013,7,2013-07-09,9,high,medium-high
38.783,-121.7128,2013-09-25,Aqua,MODIS,56.9,0,303.7,96,2013,9,2013-09-25,25,high,medium-high
38.784,-120.5631,2013-11-05,Aqua,MODIS,15.0,0,287.8,75,2013,11,2013-11-05,5,high,low
38.7844,-119.3344,2013-10-31,Aqua,MODIS,4.4,0,295.2,54,2013,10,2013-10-31,31,medium,low
38.7846,-122.2219,2013-03-16,Aqua,MODIS,39.2,0,294.1,67,2013,3,2013-03-16,16,medium,medium-low
38.7856,-122.2284,2013-03-16,Aqua,MODIS,33.2,0,293.7,62,2013,3,2013-03-16,16,medium,medium-low
38.7861,-121.6992,2013-03-22,Aqua,MODIS,12.0,0,293.1,68,2013,3,2013-03-22,22,medium,low
38.7883,-122.1977,2013-03-16,Terra,MODIS,6.2,0,298.1,66,2013,3,2013-03-16,16,medium,low
38.7917,-122.8507,2013-11-23,Aqua,MODIS,15.9,0,292.2,68,2013,11,2013-11-23,23,medium,low
38.7947,-122.8345,2013-11-23,Aqua,MODIS,18.5,0,290.6,73,2013,11,2013-11-23,23,high,low
38.7977,-122.8353,2013-11-23,Aqua,MODIS,16.4,0,283.5,79,2013,11,2013-11-23,23,high,low
38.7994,-120.6107,2013-10-30,Aqua,MODIS,31.3,0,285.4,54,2013,10,2013-10-30,30,medium,medium-low
38.8008,-122.8291,2013-11-23,Terra,MODIS,23.6,0,284.3,57,2013,11,2013-11-23,23,medium,medium-low
38.801,-121.6001,2013-10-27,Aqua,MODIS,4.3,0,294.0,54,2013,10,2013-10-27,27,medium,low
38.8014,-122.8256,2013-11-23,Terra,MODIS,27.4,0,291.1,83,2013,11,2013-11-23,23,high,medium-low
38.8019,-121.6907,2013-06-09,Aqua,MODIS,25.5,0,290.5,74,2013,6,2013-06-09,9,high,medium-low
38.8038,-122.8391,2013-11-23,Terra,MODIS,67.6,0,292.6,94,2013,11,2013-11-23,23,high,medium-high
38.8115,-122.8136,2013-11-22,Terra,MODIS,30.3,0,288.7,71,2013,11,2013-11-22,22,high,medium-low
38.8122,-122.854,2013-11-22,Aqua,MODIS,117.2,0,294.1,82,2013,11,2013-11-22,22,high,medium-high
38.8136,-122.8384,2013-11-22,Terra,MODIS,80.6,0,290.9,87,2013,11,2013-11-22,22,high,medium-high
38.814,-122.8277,2013-11-22,Aqua,MODIS,79.0,0,290.5,62,2013,11,2013-11-22,22,medium,medium-high
38.8159,-114.2009,2013-07-05,Aqua,MODIS,112.4,0,302.9,64,2013,7,2013-07-05,5,medium,medium-high
38.8173,-122.8592,2013-11-22,Aqua,MODIS,95.5,0,292.8,57,2013,11,2013-11-22,22,medium,medium-high
38.8203,-114.1878,2013-07-09,Aqua,MODIS,47.2,0,312.4,78,2013,7,2013-07-09,9,high,medium-high
38.8209,-120.5934,2013-11-11,Terra,MODIS,8.5,0,270.5,54,2013,11,2013-11-11,11,medium,low
38.8241,-114.1969,2013-07-05,Aqua,MODIS,133.5,0,302.5,77,2013,7,2013-07-05,5,high,high
38.8242,-114.2054,2013-07-22,Aqua,MODIS,145.1,0,301.3,75,2013,7,2013-07-22,22,high,high
38.8249,-120.6095,2013-11-07,Aqua,MODIS,13.6,0,291.0,71,2013,11,2013-11-07,7,high,low
38.825,-120.6006,2013-10-30,Terra,MODIS,27.3,0,275.2,69,2013,10,2013-10-30,30,medium,medium-low
38.8255,-114.1682,2013-07-06,Terra,MODIS,44.6,0,301.4,76,2013,7,2013-07-06,6,high,medium-low
38.8255,-114.1648,2013-07-05,Terra,MODIS,20.7,0,309.2,66,2013,7,2013-07-05,5,medium,low
38.8263,-114.2006,2013-07-11,Terra,MODIS,21.9,0,279.3,68,2013,7,2013-07-11,11,medium,medium-low
38.8271,-120.5966,2013-11-07,Aqua,MODIS,62.8,0,292.5,94,2013,11,2013-11-07,7,high,medium-high
38.8271,-114.1797,2013-07-05,Terra,MODIS,38.4,0,311.0,80,2013,7,2013-07-05,5,high,medium-low
38.8272,-119.5233,2013-07-05,Aqua,MODIS,67.8,0,308.5,88,2013,7,2013-07-05,5,high,medium-high
38.8277,-114.2087,2013-07-10,Terra,MODIS,69.1,0,289.1,69,2013,7,2013-07-10,10,medium,medium-high
38.8282,-114.1958,2013-07-11,Aqua,MODIS,17.8,0,289.4,61,2013,7,2013-07-11,11,medium,low
38.8284,-114.1978,2013-07-10,Terra,MODIS,145.8,0,289.6,100,2013,7,2013-07-10,10,high,high
38.8292,-114.2143,2013-07-10,Terra,MODIS,64.8,0,288.7,66,2013,7,2013-07-10,10,medium,medium-high
38.8293,-114.2071,2013-07-09,Aqua,MODIS,72.8,0,310.1,88,2013,7,2013-07-09,9,high,medium-high
38.8296,-114.2138,2013-07-22,Aqua,MODIS,46.9,0,294.8,62,2013,7,2013-07-22,22,medium,medium-high
38.8296,-114.2078,2013-07-10,Aqua,MODIS,451.2,0,300.9,91,2013,7,2013-07-10,10,high,high
38.8301,-120.5897,2013-11-07,Terra,MODIS,11.6,0,287.1,51,2013,11,2013-11-07,7,medium,low
38.8309,-114.1843,2013-07-09,Terra,MODIS,87.7,0,307.2,59,2013,7,2013-07-09,9,medium,medium-high
38.8311,-114.1888,2013-07-09,Aqua,MODIS,259.3,0,315.9,100,2013,7,2013-07-09,9,high,high
38.8315,-122.8677,2013-11-23,Terra,MODIS,12.7,0,291.9,70,2013,11,2013-11-23,23,medium,low
38.8316,-114.202,2013-07-22,Aqua,MODIS,46.9,0,302.2,67,2013,7,2013-07-22,22,medium,medium-high
38.8323,-114.1735,2013-07-05,Terra,MODIS,26.9,0,311.0,71,2013,7,2013-07-05,5,high,medium-low
38.8328,-114.1885,2013-07-10,Terra,MODIS,151.9,0,317.3,100,2013,7,2013-07-10,10,high,high
38.8342,-114.2074,2013-07-22,Aqua,MODIS,15.4,0,290.3,90,2013,7,2013-07-22,22,high,low
38.8342,-114.2063,2013-07-20,Aqua,MODIS,14.3,0,286.4,88,2013,7,2013-07-20,20,high,low
38.8344,-114.1998,2013-07-10,Terra,MODIS,147.0,0,315.7,100,2013,7,2013-07-10,10,high,high
38.8346,-114.1852,2013-07-10,Aqua,MODIS,281.0,0,286.3,94,2013,7,2013-07-10,10,high,high
38.8357,-114.2161,2013-07-22,Terra,MODIS,47.1,0,286.2,100,2013,7,2013-07-22,22,high,medium-high
38.8361,-114.2182,2013-07-20,Aqua,MODIS,10.5,0,285.3,76,2013,7,2013-07-20,20,high,low
38.8369,-121.7681,2013-02-13,Aqua,MODIS,9.7,0,296.4,75,2013,2,2013-02-13,13,high,low
38.8369,-114.2257,2013-07-20,Terra,MODIS,17.7,0,288.2,92,2013,7,2013-07-20,20,high,low
38.837,-114.2085,2013-07-10,Terra,MODIS,93.7,0,288.7,88,2013,7,2013-07-10,10,high,medium-high
38.8371,-119.5411,2013-07-05,Aqua,MODIS,272.1,0,323.0,100,2013,7,2013-07-05,5,high,high
38.8385,-121.7566,2013-02-13,Aqua,MODIS,29.6,0,298.2,88,2013,2,2013-02-13,13,high,medium-low
38.8385,-114.188,2013-07-09,Terra,MODIS,20.5,0,290.0,99,2013,7,2013-07-09,9,high,low
38.8387,-119.5238,2013-07-05,Aqua,MODIS,2663.8,0,400.1,100,2013,7,2013-07-05,5,high,high
38.8389,-114.2137,2013-07-20,Terra,MODIS,46.3,0,293.2,100,2013,7,2013-07-20,20,high,medium-low
38.8392,-114.2065,2013-07-19,Terra,MODIS,23.7,0,311.0,68,2013,7,2013-07-19,19,medium,medium-low
38.8403,-119.5059,2013-07-05,Aqua,MODIS,966.5,0,318.3,100,2013,7,2013-07-05,5,high,high
38.8406,-114.201,2013-07-18,Aqua,MODIS,227.6,0,311.6,100,2013,7,2013-07-18,18,high,high
38.8411,-121.885,2013-02-25,Aqua,MODIS,19.2,0,292.0,67,2013,2,2013-02-25,25,medium,low
38.8412,-119.5257,2013-07-06,Aqua,MODIS,75.4,0,313.6,77,2013,7,2013-07-06,6,high,medium-high
38.8422,-121.723,2013-06-19,Aqua,MODIS,19.7,0,308.5,67,2013,6,2013-06-19,19,medium,low
38.8432,-114.2055,2013-07-10,Terra,MODIS,56.9,0,288.9,73,2013,7,2013-07-10,10,high,medium-high
38.8433,-114.2194,2013-08-14,Aqua,MODIS,17.9,0,311.7,55,2013,8,2013-08-14,14,medium,low
38.8438,-119.5464,2013-07-07,Terra,MODIS,12.5,0,286.5,81,2013,7,2013-07-07,7,high,low
38.8445,-119.5475,2013-07-07,Aqua,MODIS,40.6,0,321.4,90,2013,7,2013-07-07,7,high,medium-low
38.8447,-114.198,2013-07-23,Aqua,MODIS,39.3,0,278.6,50,2013,7,2013-07-23,23,medium,medium-low
38.8449,-114.2174,2013-07-22,Aqua,MODIS,9.6,0,289.1,70,2013,7,2013-07-22,22,medium,low
38.8464,-114.2291,2013-07-22,Aqua,MODIS,14.3,0,288.3,86,2013,7,2013-07-22,22,high,low
38.8469,-119.5599,2013-07-05,Aqua,MODIS,322.4,0,322.0,100,2013,7,2013-07-05,5,high,high
38.8469,-114.2096,2013-07-31,Aqua,MODIS,49.2,0,306.6,79,2013,7,2013-07-31,31,high,medium-high
38.8469,-114.1916,2013-07-10,Aqua,MODIS,272.5,0,294.6,100,2013,7,2013-07-10,10,high,high
38.8471,-121.4965,2013-03-26,Aqua,MODIS,11.8,0,283.3,73,2013,3,2013-03-26,26,high,low
38.8472,-121.417,2013-11-16,Aqua,MODIS,37.7,0,294.2,85,2013,11,2013-11-16,16,high,medium-low
38.8475,-121.8929,2013-02-25,Aqua,MODIS,19.6,0,292.9,71,2013,2,2013-02-25,25,high,low
38.8485,-121.4276,2013-11-07,Aqua,MODIS,12.6,0,299.5,76,2013,11,2013-11-07,7,high,low
38.8485,-119.5418,2013-07-05,Aqua,MODIS,1190.5,0,341.0,100,2013,7,2013-07-05,5,high,high
38.8488,-121.4851,2013-03-26,Aqua,MODIS,30.5,0,285.3,87,2013,3,2013-03-26,26,high,medium-low
38.849,-114.2036,2013-07-23,Terra,MODIS,236.6,0,309.0,100,2013,7,2013-07-23,23,high,high
38.8499,-119.5477,2013-07-05,Terra,MODIS,31.1,0,293.7,100,2013,7,2013-07-05,5,high,medium-low
38.85,-121.4482,2013-10-27,Terra,MODIS,61.0,0,295.4,80,2013,10,2013-10-27,27,high,medium-high
38.8501,-119.5247,2013-07-05,Aqua,MODIS,1295.4,0,341.9,100,2013,7,2013-07-05,5,high,high
38.8502,-121.4958,2013-02-18,Aqua,MODIS,15.9,0,275.4,65,2013,2,2013-02-18,18,medium,low
38.8502,-121.4014,2013-11-16,Aqua,MODIS,7.8,0,293.7,63,2013,11,2013-11-16,16,medium,low
38.8503,-121.7968,2013-02-22,Terra,MODIS,19.0,0,288.1,62,2013,2,2013-02-22,22,medium,low
38.8505,-114.1845,2013-07-10,Terra,MODIS,82.6,0,302.1,100,2013,7,2013-07-10,10,high,medium-high
38.8507,-114.226,2013-07-23,Terra,MODIS,293.4,0,302.0,100,2013,7,2013-07-23,23,high,high
38.8508,-122.9954,2013-04-23,Aqua,MODIS,22.2,0,304.8,77,2013,4,2013-04-23,23,high,medium-low
38.8513,-121.5751,2013-03-05,Aqua,MODIS,15.0,0,288.8,70,2013,3,2013-03-05,5,medium,low
38.8514,-119.5351,2013-07-05,Terra,MODIS,18.8,0,291.3,92,2013,7,2013-07-05,5,high,low
38.8515,-122.8807,2013-04-27,Aqua,MODIS,11.6,0,305.8,58,2013,4,2013-04-27,27,medium,low
38.8517,-119.5073,2013-07-05,Aqua,MODIS,403.2,0,310.3,100,2013,7,2013-07-05,5,high,high
38.8522,-114.1957,2013-07-10,Terra,MODIS,46.4,0,308.3,60,2013,7,2013-07-10,10,medium,medium-low
38.8524,-122.9806,2013-04-23,Aqua,MODIS,11.0,0,302.9,54,2013,4,2013-04-23,23,medium,low
38.8528,-121.7506,2013-03-04,Aqua,MODIS,23.5,0,297.5,74,2013,3,2013-03-04,4,high,medium-low
38.8529,-122.8795,2013-04-13,Aqua,MODIS,18.8,0,289.1,70,2013,4,2013-04-13,13,medium,low
38.8531,-119.3612,2013-09-18,Aqua,MODIS,12.4,0,310.8,64,2013,9,2013-09-18,18,medium,low
38.8535,-115.4007,2013-07-08,Aqua,MODIS,35.0,0,303.9,54,2013,7,2013-07-08,8,medium,medium-low
38.8535,-115.394,2013-07-10,Terra,MODIS,43.9,0,311.2,89,2013,7,2013-07-10,10,high,medium-low
38.8537,-115.4049,2013-07-10,Aqua,MODIS,500.9,0,310.6,100,2013,7,2013-07-10,10,high,high
38.8545,-115.4086,2013-07-09,Terra,MODIS,13.1,0,288.2,86,2013,7,2013-07-09,9,high,low
38.8563,-122.8762,2013-05-01,Terra,MODIS,10.3,0,301.3,52,2013,5,2013-05-01,1,medium,low
38.8578,-121.7059,2013-09-25,Aqua,MODIS,7.7,0,304.2,71,2013,9,2013-09-25,25,high,low
38.858,-119.5621,2013-07-05,Terra,MODIS,28.9,0,293.1,100,2013,7,2013-07-05,5,high,medium-low
38.8582,-121.7406,2013-03-05,Aqua,MODIS,11.1,0,289.9,65,2013,3,2013-03-05,5,medium,low
38.8583,-119.5608,2013-07-05,Aqua,MODIS,31.4,0,319.7,69,2013,7,2013-07-05,5,medium,medium-low
38.8584,-115.4109,2013-07-10,Aqua,MODIS,324.7,0,308.1,100,2013,7,2013-07-10,10,high,high
38.8584,-115.3979,2013-07-10,Terra,MODIS,57.0,0,290.5,66,2013,7,2013-07-10,10,medium,medium-high
38.8588,-119.529,2013-07-05,Terra,MODIS,918.3,0,311.6,100,2013,7,2013-07-05,5,high,high
38.8593,-115.3809,2013-07-10,Aqua,MODIS,115.2,0,309.1,80,2013,7,2013-07-10,10,high,medium-high
38.8594,-119.5622,2013-07-06,Aqua,MODIS,55.1,0,318.7,66,2013,7,2013-07-06,6,medium,medium-high
38.8595,-119.5494,2013-07-05,Terra,MODIS,42.8,0,297.6,100,2013,7,2013-07-05,5,high,medium-low
38.8599,-119.5432,2013-07-05,Aqua,MODIS,309.4,0,326.1,100,2013,7,2013-07-05,5,high,high
38.8599,-115.3932,2013-07-10,Aqua,MODIS,621.7,0,297.4,100,2013,7,2013-07-10,10,high,high
38.8603,-119.5442,2013-07-05,Aqua,MODIS,20.2,0,289.8,65,2013,7,2013-07-05,5,medium,low
38.8609,-119.5368,2013-07-05,Terra,MODIS,15.6,0,291.8,87,2013,7,2013-07-05,5,high,low
38.861,-121.7567,2013-03-04,Aqua,MODIS,17.0,0,296.2,71,2013,3,2013-03-04,4,high,low
38.8614,-121.7241,2013-03-05,Aqua,MODIS,39.3,0,291.5,85,2013,3,2013-03-05,5,high,medium-low
38.8614,-115.4154,2013-07-10,Aqua,MODIS,51.3,0,287.0,89,2013,7,2013-07-10,10,high,medium-high
38.8615,-119.5259,2013-07-05,Aqua,MODIS,711.7,0,328.8,100,2013,7,2013-07-05,5,high,high
38.862,-117.8203,2013-08-19,Terra,MODIS,32.2,0,273.5,100,2013,8,2013-08-19,19,high,medium-low
38.8626,-115.3922,2013-07-10,Terra,MODIS,230.0,0,319.5,100,2013,7,2013-07-10,10,high,high
38.8628,-115.4017,2013-07-10,Terra,MODIS,99.8,0,290.7,87,2013,7,2013-07-10,10,high,medium-high
38.8631,-119.5085,2013-07-05,Aqua,MODIS,280.6,0,310.3,100,2013,7,2013-07-05,5,high,high
38.8638,-115.3883,2013-07-10,Aqua,MODIS,209.4,0,308.3,92,2013,7,2013-07-10,10,high,high
38.864,-115.4034,2013-07-10,Terra,MODIS,115.5,0,316.4,100,2013,7,2013-07-10,10,high,medium-high
38.8647,-119.5375,2013-07-06,Aqua,MODIS,134.6,0,318.8,94,2013,7,2013-07-06,6,high,high
38.8654,-123.1728,2013-11-09,Terra,MODIS,8.4,0,295.5,68,2013,11,2013-11-09,9,medium,low
38.8668,-115.3742,2013-07-10,Aqua,MODIS,164.3,0,296.3,100,2013,7,2013-07-10,10,high,high
38.867,-119.5468,2013-07-06,Terra,MODIS,142.6,0,325.7,100,2013,7,2013-07-06,6,high,high
38.8671,-123.1842,2013-11-09,Terra,MODIS,6.0,0,294.0,59,2013,11,2013-11-09,9,medium,low
38.8679,-115.4077,2013-07-10,Aqua,MODIS,100.5,0,300.9,74,2013,7,2013-07-10,10,high,medium-high
38.8683,-122.9724,2013-04-20,Aqua,MODIS,11.8,0,299.2,58,2013,4,2013-04-20,20,medium,low
38.8684,-122.9708,2013-03-22,Aqua,MODIS,13.2,0,288.7,70,2013,3,2013-03-22,22,medium,low
38.8685,-115.3986,2013-07-10,Aqua,MODIS,894.2,0,302.2,100,2013,7,2013-07-10,10,high,high
38.8687,-119.5662,2013-07-06,Terra,MODIS,933.9,0,293.7,100,2013,7,2013-07-06,6,high,high
38.869,-119.5509,2013-07-05,Terra,MODIS,7.4,0,291.6,57,2013,7,2013-07-05,5,medium,low
38.8705,-119.5621,2013-07-06,Terra,MODIS,1440.6,0,296.6,100,2013,7,2013-07-06,6,high,high
38.8714,-119.5438,2013-07-05,Aqua,MODIS,162.0,0,317.4,100,2013,7,2013-07-05,5,high,high
38.872,-119.5328,2013-07-05,Aqua,MODIS,728.3,0,330.1,100,2013,7,2013-07-05,5,high,high
38.8722,-119.5361,2013-07-06,Aqua,MODIS,134.7,0,291.5,100,2013,7,2013-07-06,6,high,high
38.873000000000005,-119.5266,2013-07-05,Aqua,MODIS,1290.3,0,326.4,100,2013,7,2013-07-05,5,high,high
38.8735,-119.5158,2013-07-05,Aqua,MODIS,742.0,0,318.9,100,2013,7,2013-07-05,5,high,high
38.8737,-115.3918,2013-07-10,Aqua,MODIS,808.5,0,298.5,100,2013,7,2013-07-10,10,high,high
38.8738,-121.8666,2013-04-10,Terra,MODIS,8.7,0,304.5,71,2013,4,2013-04-10,10,high,low
38.8743,-121.6848,2013-10-10,Aqua,MODIS,32.9,0,297.2,57,2013,10,2013-10-10,10,medium,medium-low
38.8745,-119.5102,2013-07-05,Aqua,MODIS,538.5,0,307.9,100,2013,7,2013-07-05,5,high,high
38.875,-119.4991,2013-07-05,Aqua,MODIS,74.1,0,297.1,83,2013,7,2013-07-05,5,high,medium-high
38.8751,-115.4131,2013-07-10,Aqua,MODIS,95.0,0,286.4,100,2013,7,2013-07-10,10,high,medium-high
38.8757,-117.7974,2013-08-19,Terra,MODIS,23.1,0,277.6,61,2013,8,2013-08-19,19,medium,medium-low
38.8759,-119.5446,2013-07-06,Terra,MODIS,27.2,0,318.9,70,2013,7,2013-07-06,6,medium,medium-low
38.8759,-119.3807,2013-09-09,Aqua,MODIS,14.9,0,318.0,61,2013,9,2013-09-09,9,medium,low
38.8764,-119.5436,2013-07-06,Aqua,MODIS,173.1,0,319.6,98,2013,7,2013-07-06,6,high,high
38.8777,-119.3711,2013-08-24,Terra,MODIS,87.1,0,308.6,54,2013,8,2013-08-24,24,medium,medium-high
38.8782,-119.5519,2013-07-06,Aqua,MODIS,118.7,0,319.4,85,2013,7,2013-07-06,6,high,medium-high
38.8786,-119.5262,2013-07-06,Terra,MODIS,3960.4,0,311.9,100,2013,7,2013-07-06,6,high,high
38.8799,-119.3863,2013-08-24,Aqua,MODIS,16.3,0,309.0,66,2013,8,2013-08-24,24,medium,low
38.8803,-119.5218,2013-07-06,Terra,MODIS,3835.7,0,310.2,100,2013,7,2013-07-06,6,high,high
38.8807,-117.8264,2013-08-19,Terra,MODIS,23.3,0,272.4,59,2013,8,2013-08-19,19,medium,medium-low
38.8808,-115.3926,2013-08-03,Aqua,MODIS,9.5,0,285.8,54,2013,8,2013-08-03,3,medium,low
38.8809,-120.4563,2013-12-06,Terra,MODIS,56.2,0,269.7,81,2013,12,2013-12-06,6,high,medium-high
38.8819,-115.4017,2013-08-09,Terra,MODIS,16.0,0,301.0,53,2013,8,2013-08-09,9,medium,low
38.882,-119.5079,2013-07-06,Aqua,MODIS,88.2,0,291.3,100,2013,7,2013-07-06,6,high,medium-high
38.8825,-119.3742,2013-08-27,Terra,MODIS,15.1,0,308.3,55,2013,8,2013-08-27,27,medium,low
38.8829,-119.3741,2013-08-24,Terra,MODIS,85.8,0,308.5,56,2013,8,2013-08-24,24,medium,medium-high
38.8831,-122.9424,2013-02-14,Aqua,MODIS,23.1,0,292.0,57,2013,2,2013-02-14,14,medium,medium-low
38.8832,-122.95,2013-02-14,Aqua,MODIS,31.9,0,292.1,64,2013,2,2013-02-14,14,medium,medium-low
38.8839,-119.5257,2013-07-06,Aqua,MODIS,137.9,0,313.4,85,2013,7,2013-07-06,6,high,high
38.8844,-119.5353,2013-07-06,Aqua,MODIS,262.7,0,297.3,100,2013,7,2013-07-06,6,high,high
38.8845,-119.5366,2013-07-06,Terra,MODIS,74.4,0,319.3,100,2013,7,2013-07-06,6,high,medium-high
38.8846,-121.4743,2013-03-04,Terra,MODIS,11.1,0,289.9,54,2013,3,2013-03-04,4,medium,low
38.8847,-122.9342,2013-12-19,Aqua,MODIS,13.4,0,283.9,62,2013,12,2013-12-19,19,medium,low
38.8854,-121.7751,2013-02-27,Aqua,MODIS,17.1,0,301.9,80,2013,2,2013-02-27,27,high,low
38.886,-115.4109,2013-08-06,Aqua,MODIS,569.7,0,306.8,100,2013,8,2013-08-06,6,high,high
38.8861,-115.4086,2013-08-03,Terra,MODIS,14.6,0,277.6,85,2013,8,2013-08-03,3,high,low
38.8862,-119.5478,2013-07-06,Terra,MODIS,24.8,0,317.4,58,2013,7,2013-07-06,6,medium,medium-low
38.887,-121.7606,2013-02-27,Aqua,MODIS,47.2,0,303.6,90,2013,2,2013-02-27,27,high,medium-high
38.8877,-115.3974,2013-08-03,Terra,MODIS,9.4,0,279.4,61,2013,8,2013-08-03,3,medium,low
38.8881,-119.4878,2013-07-06,Terra,MODIS,118.5,0,288.5,99,2013,7,2013-07-06,6,high,medium-high
38.8883,-119.549,2013-07-06,Aqua,MODIS,180.7,0,316.4,99,2013,7,2013-07-06,6,high,high
38.8892,-115.4005,2013-08-07,Terra,MODIS,52.8,0,291.3,100,2013,8,2013-08-07,7,high,medium-high
38.8897,-121.5253,2013-02-25,Aqua,MODIS,11.9,0,294.8,61,2013,2,2013-02-25,25,medium,low
38.8901,-120.4543,2013-12-06,Terra,MODIS,26.2,0,268.2,57,2013,12,2013-12-06,6,medium,medium-low
38.8916,-119.5232,2013-07-06,Terra,MODIS,36.4,0,313.3,78,2013,7,2013-07-06,6,high,medium-low
38.8922,-117.8163,2013-08-19,Terra,MODIS,23.0,0,275.5,66,2013,8,2013-08-19,19,medium,medium-low
38.8925,-119.5344,2013-07-06,Terra,MODIS,366.9,0,287.5,100,2013,7,2013-07-06,6,high,high
38.8933,-119.5344,2013-07-06,Terra,MODIS,90.1,0,315.2,100,2013,7,2013-07-06,6,high,medium-high
38.894,-119.522,2013-07-06,Aqua,MODIS,234.6,0,310.4,100,2013,7,2013-07-06,6,high,high
38.894,-119.5058,2013-07-06,Aqua,MODIS,988.9,0,305.0,100,2013,7,2013-07-06,6,high,high
38.8942,-119.5296,2013-07-06,Terra,MODIS,259.5,0,286.8,100,2013,7,2013-07-06,6,high,high
38.8943,-121.7552,2013-08-22,Terra,MODIS,68.3,0,300.0,68,2013,8,2013-08-22,22,medium,medium-high
38.8943,-115.3863,2013-08-07,Aqua,MODIS,15.4,0,287.8,85,2013,8,2013-08-07,7,high,low
38.8945,-117.8029,2013-08-19,Terra,MODIS,61.9,0,279.1,100,2013,8,2013-08-19,19,high,medium-high
38.8946,-121.5549,2013-10-16,Aqua,MODIS,9.6,0,302.3,59,2013,10,2013-10-16,16,medium,low
38.8957,-119.5313,2013-07-06,Aqua,MODIS,463.2,0,314.2,100,2013,7,2013-07-06,6,high,high
38.8957,-115.3986,2013-08-07,Aqua,MODIS,40.4,0,290.7,100,2013,8,2013-08-07,7,high,medium-low
38.8964,-119.5335,2013-07-06,Aqua,MODIS,1021.4,0,300.2,100,2013,7,2013-07-06,6,high,high
38.8971,-115.41,2013-08-07,Aqua,MODIS,11.5,0,283.6,68,2013,8,2013-08-07,7,medium,low
38.8979,-121.5044,2013-11-17,Aqua,MODIS,26.9,0,295.5,78,2013,11,2013-11-17,17,high,medium-low
38.8982,-119.4495,2013-07-09,Aqua,MODIS,14.2,0,311.0,52,2013,7,2013-07-09,9,medium,low
38.8996,-121.4859,2013-11-17,Aqua,MODIS,11.5,0,296.0,65,2013,11,2013-11-17,17,medium,low
38.8999,-119.4382,2013-07-09,Aqua,MODIS,20.0,0,306.7,72,2013,7,2013-07-09,9,high,low
38.9002,-119.5365,2013-07-07,Terra,MODIS,11.2,0,289.6,81,2013,7,2013-07-07,7,high,low
38.9005,-121.6117,2013-02-15,Aqua,MODIS,39.5,0,296.8,68,2013,2,2013-02-15,15,medium,medium-low
38.9005,-119.521,2013-07-06,Terra,MODIS,112.2,0,311.4,100,2013,7,2013-07-06,6,high,medium-high
38.9008,-115.4035,2013-08-07,Terra,MODIS,79.4,0,290.4,100,2013,8,2013-08-07,7,high,medium-high
38.9018,-119.5252,2013-07-07,Terra,MODIS,8.2,0,290.6,67,2013,7,2013-07-07,7,medium,low
38.9022,-119.5322,2013-07-06,Terra,MODIS,72.9,0,313.6,100,2013,7,2013-07-06,6,high,medium-high
38.9022,-119.495,2013-07-06,Terra,MODIS,43.3,0,285.3,69,2013,7,2013-07-06,6,medium,medium-low
38.9027,-121.5003,2013-10-10,Aqua,MODIS,78.2,0,296.0,81,2013,10,2013-10-10,10,high,medium-high
38.9034,-119.4994,2013-07-07,Aqua,MODIS,189.0,0,316.1,100,2013,7,2013-07-07,7,high,high
38.904,-120.0332,2013-04-01,Terra,MODIS,23.4,0,281.8,72,2013,4,2013-04-01,1,high,medium-low
38.9048,-121.6119,2013-02-13,Aqua,MODIS,24.3,0,292.7,74,2013,2,2013-02-13,13,high,medium-low
38.905,-119.4854,2013-07-07,Aqua,MODIS,108.8,0,308.8,91,2013,7,2013-07-07,7,high,medium-high
38.9052,-115.3966,2013-08-07,Aqua,MODIS,29.1,0,288.3,100,2013,8,2013-08-07,7,high,medium-low
38.9056,-119.5283,2013-07-06,Aqua,MODIS,425.8,0,310.0,100,2013,7,2013-07-06,6,high,high
38.9063,-119.5064,2013-07-06,Aqua,MODIS,145.2,0,287.9,100,2013,7,2013-07-06,6,high,high
38.9063,-119.4435,2013-07-09,Terra,MODIS,476.9,0,309.9,100,2013,7,2013-07-09,9,high,high
38.9066,-115.4083,2013-08-07,Aqua,MODIS,15.4,0,283.4,83,2013,8,2013-08-07,7,high,low
38.9069,-121.6088,2013-02-17,Terra,MODIS,11.7,0,292.5,53,2013,2,2013-02-17,17,medium,low
38.9071,-119.4516,2013-07-09,Aqua,MODIS,108.4,0,315.8,100,2013,7,2013-07-09,9,high,medium-high
38.9074,-119.5374,2013-07-06,Aqua,MODIS,100.7,0,310.4,78,2013,7,2013-07-06,6,high,medium-high
38.9085,-119.5322,2013-07-06,Aqua,MODIS,118.6,0,287.3,100,2013,7,2013-07-06,6,high,medium-high
38.9087,-119.4403,2013-07-09,Aqua,MODIS,219.1,0,321.5,100,2013,7,2013-07-09,9,high,high
38.91,-119.526,2013-07-07,Aqua,MODIS,270.1,0,329.0,100,2013,7,2013-07-07,7,high,high
38.9105,-119.533,2013-07-07,Terra,MODIS,29.0,0,291.6,100,2013,7,2013-07-07,7,high,medium-low
38.9114,-119.5219,2013-07-07,Aqua,MODIS,37.2,0,289.6,100,2013,7,2013-07-07,7,high,medium-low
38.9115,-119.5137,2013-07-07,Aqua,MODIS,877.6,0,400.1,100,2013,7,2013-07-07,7,high,high
38.9119,-119.5249,2013-07-07,Terra,MODIS,586.5,0,306.7,100,2013,7,2013-07-07,7,high,high
38.9121,-119.4698,2013-07-09,Terra,MODIS,97.8,0,307.7,87,2013,7,2013-07-09,9,high,medium-high
38.9122,-119.5217,2013-07-07,Terra,MODIS,114.8,0,300.8,100,2013,7,2013-07-07,7,high,medium-high
38.913,-119.5004,2013-07-07,Aqua,MODIS,2079.4,0,400.1,100,2013,7,2013-07-07,7,high,high
38.9137,-119.4324,2013-07-09,Aqua,MODIS,9.8,0,289.7,74,2013,7,2013-07-09,9,high,low
38.9138,-119.5103,2013-07-07,Terra,MODIS,21.9,0,290.9,100,2013,7,2013-07-07,7,high,medium-low
38.9143,-119.4651,2013-07-09,Aqua,MODIS,43.4,0,319.9,94,2013,7,2013-07-09,9,high,medium-low
38.9143,-119.4464,2013-07-09,Terra,MODIS,24.3,0,292.0,100,2013,7,2013-07-09,9,high,medium-low
38.9146,-119.4869,2013-07-07,Aqua,MODIS,2055.9,0,400.1,100,2013,7,2013-07-07,7,high,high
38.9149,-121.6737,2013-02-13,Aqua,MODIS,9.1,0,295.9,70,2013,2,2013-02-13,13,medium,low
38.9158,-119.4565,2013-07-08,Aqua,MODIS,391.1,0,305.2,100,2013,7,2013-07-08,8,high,high
38.9159,-119.47,2013-07-08,Terra,MODIS,256.4,0,289.2,100,2013,7,2013-07-08,8,high,high
38.9159,-119.4537,2013-07-09,Aqua,MODIS,167.6,0,326.8,100,2013,7,2013-07-09,9,high,high
38.916,-119.4667,2013-07-08,Terra,MODIS,313.0,0,289.7,100,2013,7,2013-07-08,8,high,high
38.9162,-119.4738,2013-07-07,Aqua,MODIS,31.5,0,297.7,65,2013,7,2013-07-07,7,medium,medium-low
38.9162,-119.4508,2013-07-08,Aqua,MODIS,273.4,0,305.6,95,2013,7,2013-07-08,8,high,high
38.9163,-119.4346,2013-07-09,Terra,MODIS,258.1,0,305.9,100,2013,7,2013-07-09,9,high,high
38.9164,-121.7472,2013-06-12,Aqua,MODIS,65.8,0,310.8,96,2013,6,2013-06-12,12,high,medium-high
38.9165,-121.6622,2013-02-13,Aqua,MODIS,11.5,0,294.1,76,2013,2,2013-02-13,13,high,low
38.9176,-119.4424,2013-07-09,Aqua,MODIS,31.7,0,310.2,86,2013,7,2013-07-09,9,high,medium-low
38.918,-122.9634,2013-09-28,Aqua,MODIS,147.7,0,295.0,94,2013,9,2013-09-28,28,high,high
38.9181,-119.4357,2013-07-09,Terra,MODIS,580.8,0,313.0,100,2013,7,2013-07-09,9,high,high
38.9183,-119.4226,2013-07-09,Terra,MODIS,87.4,0,298.7,100,2013,7,2013-07-09,9,high,medium-high
38.9186,-119.5054,2013-07-07,Aqua,MODIS,38.0,0,287.4,100,2013,7,2013-07-07,7,high,medium-low
38.9196,-119.5276,2013-07-07,Aqua,MODIS,48.9,0,318.8,93,2013,7,2013-07-07,7,high,medium-high
38.92,-122.9686,2013-09-28,Aqua,MODIS,110.4,0,295.6,91,2013,9,2013-09-28,28,high,medium-high
38.9203,-123.4347,2013-11-17,Aqua,MODIS,9.1,0,288.2,57,2013,11,2013-11-17,17,medium,low
38.9208,-122.63,2013-12-12,Aqua,MODIS,8.0,0,287.3,57,2013,12,2013-12-12,12,medium,low
38.921,-119.5187,2013-07-07,Aqua,MODIS,19.7,0,287.5,88,2013,7,2013-07-07,7,high,low
38.9211,-119.5148,2013-07-07,Aqua,MODIS,309.2,0,324.1,100,2013,7,2013-07-07,7,high,high
38.9219,-122.9445,2013-09-28,Aqua,MODIS,60.8,0,293.8,83,2013,9,2013-09-28,28,high,medium-high
38.9223,-122.6166,2013-12-12,Aqua,MODIS,41.1,0,289.1,88,2013,12,2013-12-12,12,high,medium-low
38.9223,-119.43,2013-07-08,Aqua,MODIS,142.2,0,307.5,73,2013,7,2013-07-08,8,high,high
38.9225,-119.4301,2013-07-09,Aqua,MODIS,18.6,0,293.4,100,2013,7,2013-07-09,9,high,low
38.9227,-119.5019,2013-07-07,Aqua,MODIS,849.1,0,325.8,100,2013,7,2013-07-07,7,high,high
38.923,-119.4469,2013-07-08,Terra,MODIS,46.8,0,289.6,68,2013,7,2013-07-08,8,medium,medium-high
38.9232,-119.4672,2013-07-09,Aqua,MODIS,64.0,0,323.8,100,2013,7,2013-07-09,9,high,medium-high
38.9237,-119.449,2013-07-09,Terra,MODIS,113.1,0,298.2,100,2013,7,2013-07-09,9,high,medium-high
38.9242,-119.4885,2013-07-07,Aqua,MODIS,150.4,0,304.5,100,2013,7,2013-07-07,7,high,high
38.9243,-119.4417,2013-07-09,Aqua,MODIS,43.7,0,294.1,100,2013,7,2013-07-09,9,high,medium-low
38.9247,-119.4655,2013-07-09,Terra,MODIS,468.3,0,309.3,100,2013,7,2013-07-09,9,high,high
38.9248,-119.4558,2013-07-09,Aqua,MODIS,100.6,0,318.2,100,2013,7,2013-07-09,9,high,medium-high
38.9251,-121.808,2013-11-17,Aqua,MODIS,17.1,0,297.7,75,2013,11,2013-11-17,17,high,low
38.9256,-122.9932,2013-04-27,Aqua,MODIS,20.3,0,304.0,76,2013,4,2013-04-27,27,high,low
38.9258,-119.437,2013-07-09,Terra,MODIS,78.8,0,297.4,100,2013,7,2013-07-09,9,high,medium-high
38.9261,-119.4534,2013-07-09,Aqua,MODIS,13.0,0,287.1,80,2013,7,2013-07-09,9,high,low
38.9268,-119.427,2013-07-08,Terra,MODIS,1222.1,0,298.3,100,2013,7,2013-07-08,8,high,high
38.9269,-120.8937,2013-12-09,Aqua,MODIS,27.1,0,274.5,75,2013,12,2013-12-09,9,high,medium-low
38.9269,-119.43,2013-07-08,Terra,MODIS,1252.9,0,299.1,100,2013,7,2013-07-08,8,high,high
38.9276,-122.9808,2013-04-27,Aqua,MODIS,12.4,0,301.3,62,2013,4,2013-04-27,27,medium,low
38.9278,-119.425,2013-07-09,Terra,MODIS,126.8,0,298.8,100,2013,7,2013-07-09,9,high,high
38.9299,-119.4128,2013-07-09,Terra,MODIS,10.8,0,294.2,78,2013,7,2013-07-09,9,high,low
38.9304,-122.9643,2013-09-28,Aqua,MODIS,64.6,0,293.6,83,2013,9,2013-09-28,28,high,medium-high
38.9304,-119.4612,2013-07-08,Aqua,MODIS,1141.7,0,308.0,100,2013,7,2013-07-08,8,high,high
38.9311,-119.4379,2013-07-08,Terra,MODIS,68.6,0,322.0,99,2013,7,2013-07-08,8,high,medium-high
38.932,-119.5511,2013-07-08,Terra,MODIS,157.8,0,287.8,99,2013,7,2013-07-08,8,high,high
38.9327,-119.4779,2013-07-08,Terra,MODIS,1327.1,0,294.5,100,2013,7,2013-07-08,8,high,high
38.9331,-119.4737,2013-07-08,Terra,MODIS,1718.8,0,296.2,100,2013,7,2013-07-08,8,high,high
38.9336,-119.5434,2013-07-08,Terra,MODIS,189.5,0,287.9,99,2013,7,2013-07-08,8,high,high
38.9344,-121.8275,2013-11-17,Aqua,MODIS,24.7,0,293.9,79,2013,11,2013-11-17,17,high,medium-low
38.9345,-120.8846,2013-12-09,Terra,MODIS,46.7,0,273.4,82,2013,12,2013-12-09,9,high,medium-high
38.9351,-121.8241,2013-11-07,Aqua,MODIS,25.3,0,298.1,84,2013,11,2013-11-07,7,high,medium-low
38.9353,-119.4571,2013-07-08,Terra,MODIS,378.4,0,295.1,100,2013,7,2013-07-08,8,high,high
38.9361,-121.8097,2013-11-17,Aqua,MODIS,48.7,0,295.7,87,2013,11,2013-11-17,17,high,medium-high
38.9361,-119.5022,2013-07-08,Aqua,MODIS,144.2,0,304.6,57,2013,7,2013-07-08,8,medium,high
38.9362,-119.4885,2013-07-08,Terra,MODIS,78.2,0,288.4,91,2013,7,2013-07-08,8,high,medium-high
38.9376,-121.8102,2013-11-07,Aqua,MODIS,103.9,0,303.8,99,2013,11,2013-11-07,7,high,medium-high
38.9376,-119.4076,2013-07-08,Terra,MODIS,189.4,0,293.3,100,2013,7,2013-07-08,8,high,high
38.9384,-119.4477,2013-07-08,Terra,MODIS,574.9,0,297.2,100,2013,7,2013-07-08,8,high,high
38.9385,-119.4357,2013-07-08,Aqua,MODIS,187.9,0,295.2,100,2013,7,2013-07-08,8,high,high
38.9388,-119.4998,2013-07-08,Terra,MODIS,178.9,0,324.4,100,2013,7,2013-07-08,8,high,high
38.9402,-119.4635,2013-07-08,Aqua,MODIS,95.4,0,287.6,81,2013,7,2013-07-08,8,high,medium-high
38.9404,-119.5124,2013-07-08,Terra,MODIS,134.6,0,317.0,100,2013,7,2013-07-08,8,high,high
38.9408,-119.432,2013-07-08,Aqua,MODIS,137.5,0,295.1,86,2013,7,2013-07-08,8,high,high
38.941,-119.3993,2013-07-08,Terra,MODIS,95.0,0,291.6,97,2013,7,2013-07-08,8,high,medium-high
38.9423,-119.4589,2013-07-08,Aqua,MODIS,122.4,0,289.5,100,2013,7,2013-07-08,8,high,high
38.9436,-119.5081,2013-07-09,Aqua,MODIS,10.4,0,286.9,74,2013,7,2013-07-09,9,high,low
38.9442,-119.4326,2013-07-08,Terra,MODIS,4259.6,0,309.6,100,2013,7,2013-07-08,8,high,high
38.9443,-119.4357,2013-07-08,Terra,MODIS,4127.2,0,309.4,100,2013,7,2013-07-08,8,high,high
38.9454,-121.5412,2013-01-21,Aqua,MODIS,6.7,0,289.5,60,2013,1,2013-01-21,21,medium,low
38.9459,-119.5167,2013-07-09,Terra,MODIS,24.0,0,288.4,99,2013,7,2013-07-09,9,high,medium-low
38.9473,-121.8131,2013-11-07,Aqua,MODIS,12.5,0,297.3,76,2013,11,2013-11-07,7,high,low
38.948,-119.4942,2013-07-08,Terra,MODIS,778.5,0,291.4,100,2013,7,2013-07-08,8,high,high
38.9481,-119.5038,2013-07-09,Terra,MODIS,22.7,0,288.4,97,2013,7,2013-07-09,9,high,medium-low
38.9482,-119.4983,2013-07-08,Terra,MODIS,164.7,0,312.6,100,2013,7,2013-07-08,8,high,high
38.9487,-119.5135,2013-07-08,Aqua,MODIS,465.9,0,299.9,100,2013,7,2013-07-08,8,high,high
38.9489,-119.4945,2013-07-08,Terra,MODIS,198.8,0,292.4,100,2013,7,2013-07-08,8,high,high
38.9489,-119.4878,2013-07-08,Terra,MODIS,989.7,0,291.8,100,2013,7,2013-07-08,8,high,high
38.9496,-119.5244,2013-07-08,Terra,MODIS,120.6,0,287.9,100,2013,7,2013-07-08,8,high,high
38.9498,-119.511,2013-07-08,Terra,MODIS,135.6,0,314.4,100,2013,7,2013-07-08,8,high,high
38.95,-119.5101,2013-07-08,Aqua,MODIS,903.6,0,299.9,100,2013,7,2013-07-08,8,high,high
38.9506,-119.4583,2013-07-08,Terra,MODIS,182.1,0,292.1,100,2013,7,2013-07-08,8,high,high
38.9516,-119.4879,2013-07-08,Terra,MODIS,204.4,0,292.3,100,2013,7,2013-07-08,8,high,high
38.9525,-119.5058,2013-07-09,Aqua,MODIS,8.9,0,286.8,67,2013,7,2013-07-09,9,medium,low
38.953,-119.4094,2013-07-08,Terra,MODIS,193.8,0,292.7,94,2013,7,2013-07-08,8,high,high
38.9536,-119.4513,2013-07-08,Terra,MODIS,199.3,0,292.4,100,2013,7,2013-07-08,8,high,high
38.9553,-119.3911,2013-07-08,Terra,MODIS,172.1,0,293.4,100,2013,7,2013-07-08,8,high,high
38.9555,-119.395,2013-07-08,Terra,MODIS,463.2,0,294.2,100,2013,7,2013-07-08,8,high,high
38.956,-119.4839,2013-07-08,Terra,MODIS,134.0,0,315.3,100,2013,7,2013-07-08,8,high,high
38.9563,-123.4484,2013-11-07,Terra,MODIS,13.4,0,290.1,70,2013,11,2013-11-07,7,medium,low
38.9563,-119.4012,2013-07-08,Terra,MODIS,88.0,0,290.8,61,2013,7,2013-07-08,8,medium,medium-high
38.9571,-119.9341,2013-12-13,Terra,MODIS,13.9,0,272.5,63,2013,12,2013-12-13,13,medium,low
38.9572,-119.4991,2013-07-08,Aqua,MODIS,173.2,0,288.2,100,2013,7,2013-07-08,8,high,high
38.9576,-119.4968,2013-07-08,Terra,MODIS,218.9,0,313.5,100,2013,7,2013-07-08,8,high,high
38.9576,-119.4779,2013-07-08,Aqua,MODIS,983.0,0,301.3,100,2013,7,2013-07-08,8,high,high
38.9588,-119.4739,2013-07-08,Aqua,MODIS,1230.0,0,300.4,100,2013,7,2013-07-08,8,high,high
38.9591,-119.494,2013-07-08,Aqua,MODIS,167.4,0,288.6,93,2013,7,2013-07-08,8,high,high
38.9618,-119.4449,2013-07-08,Terra,MODIS,640.6,0,297.9,100,2013,7,2013-07-08,8,high,high
38.9622,-119.4393,2013-07-08,Terra,MODIS,815.9,0,298.7,100,2013,7,2013-07-08,8,high,high
38.9642,-119.5041,2013-07-08,Terra,MODIS,153.9,0,285.5,96,2013,7,2013-07-08,8,high,high
38.9645,-121.4329,2013-12-21,Aqua,MODIS,6.6,0,288.8,56,2013,12,2013-12-21,21,medium,low
38.9656,-119.496,2013-07-08,Terra,MODIS,192.1,0,285.9,100,2013,7,2013-07-08,8,high,high
38.9712,-119.4536,2013-07-08,Terra,MODIS,104.2,0,310.7,92,2013,7,2013-07-08,8,high,medium-high
38.9715,-119.4827,2013-07-09,Terra,MODIS,21.7,0,287.8,97,2013,7,2013-07-09,9,high,medium-low
38.972,-119.4835,2013-07-08,Aqua,MODIS,134.6,0,294.9,69,2013,7,2013-07-08,8,medium,high
38.9725,-119.4066,2013-07-08,Terra,MODIS,305.7,0,295.9,100,2013,7,2013-07-08,8,high,high
38.9728,-119.4006,2013-07-08,Terra,MODIS,188.7,0,294.5,100,2013,7,2013-07-08,8,high,high
38.9732,-119.479,2013-07-08,Aqua,MODIS,183.1,0,296.3,85,2013,7,2013-07-08,8,high,high
38.9738,-121.8452,2013-10-24,Aqua,MODIS,91.8,0,302.2,91,2013,10,2013-10-24,24,high,medium-high
38.974,-121.4348,2013-12-21,Aqua,MODIS,8.0,0,289.3,61,2013,12,2013-12-21,21,medium,low
38.9742,-123.4764,2013-11-09,Terra,MODIS,6.3,0,290.4,58,2013,11,2013-11-09,9,medium,low
38.9754,-121.9117,2013-10-31,Aqua,MODIS,27.5,0,294.5,80,2013,10,2013-10-31,31,high,medium-low
38.9783,-121.8481,2013-10-27,Aqua,MODIS,6.7,0,299.9,62,2013,10,2013-10-27,27,medium,low
38.9791,-119.4401,2013-07-08,Terra,MODIS,580.5,0,319.5,100,2013,7,2013-07-08,8,high,high
38.9795,-119.4494,2013-07-08,Terra,MODIS,844.3,0,295.7,100,2013,7,2013-07-08,8,high,high
38.9799,-119.4435,2013-07-08,Terra,MODIS,933.2,0,297.7,100,2013,7,2013-07-08,8,high,high
38.9803,-121.6096,2013-02-17,Terra,MODIS,6.2,0,290.3,57,2013,2,2013-02-17,17,medium,low
38.9808,-119.4477,2013-07-08,Aqua,MODIS,378.6,0,301.6,99,2013,7,2013-07-08,8,high,high
38.9815,-119.445,2013-07-08,Aqua,MODIS,345.9,0,301.9,98,2013,7,2013-07-08,8,high,high
38.984,-119.4333,2013-07-08,Terra,MODIS,120.7,0,307.6,100,2013,7,2013-07-08,8,high,high
38.9873,-119.4861,2013-07-08,Aqua,MODIS,160.7,0,298.1,77,2013,7,2013-07-08,8,high,high
38.9899,-119.4119,2013-07-08,Terra,MODIS,748.2,0,298.5,100,2013,7,2013-07-08,8,high,high
38.9902,-119.4058,2013-07-08,Terra,MODIS,566.1,0,296.7,100,2013,7,2013-07-08,8,high,high
38.9906,-121.6031,2013-10-10,Terra,MODIS,4.8,0,296.9,58,2013,10,2013-10-10,10,medium,low
38.9933,-119.432,2013-07-08,Terra,MODIS,44.8,0,295.4,51,2013,7,2013-07-08,8,medium,medium-low
38.9948,-119.4548,2013-07-08,Aqua,MODIS,533.3,0,300.9,100,2013,7,2013-07-08,8,high,high
38.9948,-119.4439,2013-07-08,Terra,MODIS,313.2,0,295.7,94,2013,7,2013-07-08,8,high,high
38.9954,-119.452,2013-07-08,Aqua,MODIS,498.6,0,300.3,100,2013,7,2013-07-08,8,high,high
38.9957,-119.4592,2013-07-08,Terra,MODIS,311.8,0,288.1,100,2013,7,2013-07-08,8,high,high
38.9958,-121.7932,2013-10-29,Aqua,MODIS,19.4,0,286.4,57,2013,10,2013-10-29,29,medium,low
38.996,-121.9806,2013-10-27,Terra,MODIS,17.7,0,295.4,66,2013,10,2013-10-27,27,medium,low
38.9962,-121.8143,2013-10-23,Aqua,MODIS,15.8,0,307.2,52,2013,10,2013-10-23,23,medium,low
38.9963,-119.4557,2013-07-08,Terra,MODIS,308.4,0,294.2,94,2013,7,2013-07-08,8,high,high
38.9964,-119.4525,2013-07-08,Terra,MODIS,473.2,0,289.1,100,2013,7,2013-07-08,8,high,high
38.9965,-119.4647,2013-07-08,Terra,MODIS,607.1,0,292.5,100,2013,7,2013-07-08,8,high,high
38.9978,-122.8683,2013-04-08,Terra,MODIS,4.8,0,294.3,64,2013,4,2013-04-08,8,medium,low
38.9978,-119.4674,2013-07-08,Terra,MODIS,42.5,0,284.7,64,2013,7,2013-07-08,8,medium,medium-low
38.9981,-121.6551,2013-09-27,Aqua,MODIS,9.2,0,303.3,63,2013,9,2013-09-27,27,medium,low
38.999,-119.4161,2013-07-08,Terra,MODIS,1075.1,0,299.1,100,2013,7,2013-07-08,8,high,high
38.9994,-119.4271,2013-07-08,Aqua,MODIS,152.0,0,293.8,100,2013,7,2013-07-08,8,high,high
39.0002,-121.9843,2013-10-27,Terra,MODIS,16.4,0,296.2,65,2013,10,2013-10-27,27,medium,low
39.0007,-121.8206,2013-10-23,Aqua,MODIS,13.9,0,306.3,61,2013,10,2013-10-23,23,medium,low
39.0008,-121.7543,2013-06-11,Terra,MODIS,7.8,0,303.7,55,2013,6,2013-06-11,11,medium,low
39.0015,-122.1357,2013-02-21,Terra,MODIS,7.3,0,287.6,57,2013,2,2013-02-21,21,medium,low
39.0025,-121.7993,2013-10-23,Aqua,MODIS,17.8,0,308.8,71,2013,10,2013-10-23,23,high,low
39.0034,-122.1429,2013-02-21,Terra,MODIS,6.4,0,288.0,54,2013,2,2013-02-21,21,medium,low
39.0041,-121.8053,2013-10-25,Aqua,MODIS,41.9,0,299.2,89,2013,10,2013-10-25,25,high,medium-low
39.0042,-119.4423,2013-07-08,Terra,MODIS,69.2,0,293.1,96,2013,7,2013-07-08,8,high,medium-high
39.0055,-121.8123,2013-10-24,Aqua,MODIS,65.9,0,301.9,87,2013,10,2013-10-24,24,high,medium-high
39.0057,-119.4541,2013-07-08,Terra,MODIS,32.1,0,287.2,73,2013,7,2013-07-08,8,high,medium-low
39.0064,-119.4519,2013-07-09,Terra,MODIS,22.0,0,292.4,100,2013,7,2013-07-09,9,high,medium-low
39.0065,-119.4701,2013-07-09,Aqua,MODIS,61.8,0,315.5,98,2013,7,2013-07-09,9,high,medium-high
39.0068,-119.4188,2013-07-08,Terra,MODIS,439.6,0,291.3,100,2013,7,2013-07-08,8,high,high
39.0073,-119.4123,2013-07-08,Terra,MODIS,403.1,0,291.5,100,2013,7,2013-07-08,8,high,high
39.0081,-119.4587,2013-07-09,Aqua,MODIS,43.7,0,314.1,92,2013,7,2013-07-09,9,high,medium-low
39.0083,-121.992,2013-02-25,Aqua,MODIS,13.3,0,294.5,66,2013,2,2013-02-25,25,medium,low
39.0083,-119.4499,2013-07-09,Aqua,MODIS,7.2,0,287.2,54,2013,7,2013-07-09,9,medium,low
39.0092,-121.6493,2013-10-31,Terra,MODIS,6.7,0,295.9,67,2013,10,2013-10-31,31,medium,low
39.0101,-119.4616,2013-07-09,Aqua,MODIS,8.4,0,284.5,64,2013,7,2013-07-09,9,medium,low
39.0118,-119.4658,2013-07-08,Terra,MODIS,39.5,0,287.2,53,2013,7,2013-07-08,8,medium,medium-low
39.0138,-119.4193,2013-07-08,Aqua,MODIS,169.7,0,292.2,100,2013,7,2013-07-08,8,high,high
39.014,-121.9268,2013-10-11,Terra,MODIS,35.6,0,298.9,77,2013,10,2013-10-11,11,high,medium-low
39.0141,-119.4264,2013-07-08,Aqua,MODIS,182.8,0,292.3,100,2013,7,2013-07-08,8,high,high
39.0143,-119.4175,2013-07-08,Terra,MODIS,86.2,0,290.2,94,2013,7,2013-07-08,8,high,medium-high
39.0151,-119.449,2013-07-09,Terra,MODIS,75.3,0,299.3,74,2013,7,2013-07-09,9,high,medium-high
39.0153,-119.4722,2013-07-09,Aqua,MODIS,37.0,0,315.9,88,2013,7,2013-07-09,9,high,medium-low
39.0154,-119.4475,2013-07-08,Aqua,MODIS,38.6,0,287.8,51,2013,7,2013-07-08,8,medium,medium-low
39.0159,-119.4545,2013-07-09,Terra,MODIS,145.8,0,298.1,100,2013,7,2013-07-09,9,high,high
39.017,-119.4608,2013-07-09,Aqua,MODIS,48.2,0,316.3,93,2013,7,2013-07-09,9,high,medium-high
39.0179,-119.4425,2013-07-09,Terra,MODIS,785.3,0,319.5,100,2013,7,2013-07-09,9,high,high
39.0192,-121.6435,2013-05-30,Terra,MODIS,14.1,0,305.4,68,2013,5,2013-05-30,30,medium,low
39.0195,-121.4114,2013-01-21,Aqua,MODIS,13.9,0,289.3,76,2013,1,2013-01-21,21,high,low
39.02,-119.4302,2013-07-09,Terra,MODIS,403.6,0,310.3,100,2013,7,2013-07-09,9,high,high
39.0218,-121.4338,2013-12-13,Aqua,MODIS,31.9,0,286.6,62,2013,12,2013-12-13,13,medium,medium-low
39.0221,-122.0651,2013-10-21,Terra,MODIS,13.7,0,299.0,58,2013,10,2013-10-21,21,medium,low
39.0221,-119.4175,2013-07-09,Terra,MODIS,23.3,0,294.7,100,2013,7,2013-07-09,9,high,medium-low
39.0239,-122.0857,2013-10-21,Terra,MODIS,129.4,0,298.7,95,2013,10,2013-10-21,21,high,high
39.0243,-119.4338,2013-07-09,Aqua,MODIS,21.2,0,292.2,88,2013,7,2013-07-09,9,high,medium-low
39.0258,-122.1272,2013-08-25,Aqua,MODIS,43.9,0,302.2,51,2013,8,2013-08-25,25,medium,medium-low
39.026,-119.4453,2013-07-09,Aqua,MODIS,127.4,0,295.2,100,2013,7,2013-07-09,9,high,high
39.0273,-119.4453,2013-07-09,Terra,MODIS,307.9,0,298.2,100,2013,7,2013-07-09,9,high,high
39.0294,-119.4328,2013-07-09,Terra,MODIS,413.6,0,301.2,100,2013,7,2013-07-09,9,high,high
39.0304,-119.4514,2013-07-09,Terra,MODIS,7.5,0,290.3,52,2013,7,2013-07-09,9,medium,low
39.0313,-122.1141,2013-10-03,Terra,MODIS,7.8,0,295.8,67,2013,10,2013-10-03,3,medium,low
39.0314,-121.6526,2013-10-26,Aqua,MODIS,33.9,0,298.5,62,2013,10,2013-10-26,26,medium,medium-low
39.0314,-119.4201,2013-07-09,Aqua,MODIS,9.4,0,290.6,74,2013,7,2013-07-09,9,high,low
39.0315,-123.1301,2013-11-22,Terra,MODIS,25.9,0,292.4,70,2013,11,2013-11-22,22,medium,medium-low
39.0316,-119.4201,2013-07-09,Terra,MODIS,22.1,0,292.9,100,2013,7,2013-07-09,9,high,medium-low
39.0325,-119.4392,2013-07-09,Terra,MODIS,12.2,0,291.7,82,2013,7,2013-07-09,9,high,low
39.0326,-123.1238,2013-11-22,Terra,MODIS,20.0,0,292.1,59,2013,11,2013-11-22,22,medium,low
39.0329,-122.128,2013-10-03,Terra,MODIS,7.1,0,297.3,66,2013,10,2013-10-03,3,medium,low
39.0331,-121.5474,2013-02-28,Terra,MODIS,6.4,0,291.4,66,2013,2,2013-02-28,28,medium,low
39.0331,-119.4316,2013-07-09,Aqua,MODIS,8.5,0,289.9,69,2013,7,2013-07-09,9,medium,low
39.0344,-123.1474,2013-11-22,Terra,MODIS,15.5,0,291.6,53,2013,11,2013-11-22,22,medium,low
39.0345,-120.133,2013-11-12,Aqua,MODIS,39.7,0,283.8,63,2013,11,2013-11-12,12,medium,medium-low
39.0346,-121.5394,2013-03-15,Aqua,MODIS,7.0,0,294.6,64,2013,3,2013-03-15,15,medium,low
39.0347,-121.5592,2013-02-28,Terra,MODIS,3.6,0,291.4,56,2013,2,2013-02-28,28,medium,low
39.0351,-121.7914,2013-08-27,Terra,MODIS,11.3,0,289.6,53,2013,8,2013-08-27,27,medium,low
39.0352,-121.6469,2013-10-26,Terra,MODIS,12.8,0,298.2,76,2013,10,2013-10-26,26,high,low
39.039,-121.5826,2013-10-31,Aqua,MODIS,28.4,0,298.3,77,2013,10,2013-10-31,31,high,medium-low
39.0404,-121.4006,2013-09-23,Aqua,MODIS,16.4,0,303.4,61,2013,9,2013-09-23,23,medium,low
39.0413,-121.8742,2013-05-22,Aqua,MODIS,10.3,0,301.3,60,2013,5,2013-05-22,22,medium,low
39.0419,-116.2218,2013-06-29,Aqua,MODIS,94.9,0,314.2,61,2013,6,2013-06-29,29,medium,medium-high
39.0442,-121.3934,2013-09-23,Terra,MODIS,96.9,0,298.3,79,2013,9,2013-09-23,23,high,medium-high
39.0476,-121.6169,2013-09-19,Terra,MODIS,10.6,0,304.4,58,2013,9,2013-09-19,19,medium,low
39.049,-121.3841,2013-09-23,Terra,MODIS,60.5,0,298.6,70,2013,9,2013-09-23,23,medium,medium-high
39.0495,-116.2418,2013-06-29,Aqua,MODIS,1486.4,0,340.9,100,2013,6,2013-06-29,29,high,high
39.0506,-121.4024,2013-09-23,Aqua,MODIS,14.0,0,303.0,54,2013,9,2013-09-23,23,medium,low
39.0528,-116.2249,2013-06-29,Aqua,MODIS,3265.9,0,400.1,100,2013,6,2013-06-29,29,high,high
39.0552,-121.6521,2013-09-30,Aqua,MODIS,13.6,0,296.5,70,2013,9,2013-09-30,30,medium,low
39.0563,-116.2073,2013-06-29,Aqua,MODIS,359.2,0,317.4,100,2013,6,2013-06-29,29,high,high
39.0568,-121.6399,2013-09-30,Aqua,MODIS,17.3,0,297.7,70,2013,9,2013-09-30,30,medium,low
39.0575,-121.4947,2013-03-17,Aqua,MODIS,7.3,0,294.7,73,2013,3,2013-03-17,17,high,low
39.0624,-123.2937,2013-04-27,Aqua,MODIS,11.1,0,302.3,53,2013,4,2013-04-27,27,medium,low
39.0633,-116.2329,2013-06-29,Aqua,MODIS,114.2,0,315.4,96,2013,6,2013-06-29,29,high,medium-high
39.0638,-116.2281,2013-06-29,Aqua,MODIS,308.2,0,312.6,100,2013,6,2013-06-29,29,high,high
39.0662,-121.6396,2013-10-01,Terra,MODIS,9.0,0,293.9,73,2013,10,2013-10-01,1,high,low
39.0664,-121.8622,2013-06-18,Aqua,MODIS,25.2,0,301.3,75,2013,6,2013-06-18,18,high,medium-low
39.0665,-121.4967,2013-03-17,Aqua,MODIS,6.5,0,294.7,69,2013,3,2013-03-17,17,medium,low
39.0667,-116.216,2013-06-29,Aqua,MODIS,90.6,0,308.4,81,2013,6,2013-06-29,29,high,medium-high
39.0671,-116.2112,2013-06-29,Aqua,MODIS,64.8,0,305.9,75,2013,6,2013-06-29,29,high,medium-high
39.0679,-121.651,2013-10-01,Terra,MODIS,5.7,0,293.0,67,2013,10,2013-10-01,1,medium,low
39.0716,-120.6752,2013-08-17,Aqua,MODIS,13.8,0,309.1,64,2013,8,2013-08-17,17,medium,low
39.0724,-122.0201,2013-12-05,Aqua,MODIS,13.1,0,285.3,72,2013,12,2013-12-05,5,high,low
39.0724,-122.0198,2013-02-24,Aqua,MODIS,8.5,0,289.3,63,2013,2,2013-02-24,24,medium,low
39.0725,-121.8598,2013-06-18,Aqua,MODIS,46.9,0,302.8,83,2013,6,2013-06-18,18,high,medium-high
39.073,-121.8281,2013-10-16,Aqua,MODIS,50.2,0,308.5,88,2013,10,2013-10-16,16,high,medium-high
39.0732,-120.6639,2013-08-17,Aqua,MODIS,14.5,0,307.3,66,2013,8,2013-08-17,17,medium,low
39.0747,-121.8107,2013-10-16,Aqua,MODIS,51.7,0,306.8,89,2013,10,2013-10-16,16,high,medium-high
39.0758,-121.6711,2013-09-19,Terra,MODIS,24.4,0,304.1,68,2013,9,2013-09-19,19,medium,medium-low
39.0767,-121.544,2013-03-29,Aqua,MODIS,34.5,0,293.7,77,2013,3,2013-03-29,29,high,medium-low
39.078,-121.8468,2013-02-12,Aqua,MODIS,22.2,0,290.3,60,2013,2,2013-02-12,12,medium,medium-low
39.0784,-122.0141,2013-12-05,Aqua,MODIS,14.0,0,285.7,71,2013,12,2013-12-05,5,high,low
39.0784,-120.656,2013-08-16,Terra,MODIS,115.5,0,307.4,100,2013,8,2013-08-16,16,high,medium-high
39.0786,-121.8469,2013-11-16,Aqua,MODIS,13.1,0,294.8,71,2013,11,2013-11-16,16,high,low
39.0789,-122.1257,2013-07-17,Terra,MODIS,24.9,0,308.3,59,2013,7,2013-07-17,17,medium,medium-low
39.0794,-120.6646,2013-08-17,Terra,MODIS,9.5,0,288.7,71,2013,8,2013-08-17,17,high,low
39.0796,-122.0602,2013-02-15,Aqua,MODIS,14.2,0,298.5,79,2013,2,2013-02-15,15,high,low
39.0799,-120.6679,2013-08-16,Terra,MODIS,703.7,0,319.1,100,2013,8,2013-08-16,16,high,high
39.0803,-121.5204,2013-10-30,Aqua,MODIS,31.2,0,295.6,74,2013,10,2013-10-30,30,high,medium-low
39.0805,-121.8523,2013-02-12,Aqua,MODIS,32.1,0,289.9,67,2013,2,2013-02-12,12,medium,medium-low
39.0816,-121.6555,2013-10-26,Terra,MODIS,4.5,0,298.5,61,2013,10,2013-10-26,26,medium,low
39.0817,-122.0477,2013-02-15,Aqua,MODIS,18.2,0,298.5,81,2013,2,2013-02-15,15,high,low
39.0823,-121.4923,2013-10-30,Aqua,MODIS,76.2,0,293.4,84,2013,10,2013-10-30,30,high,medium-high
39.0827,-120.6609,2013-08-17,Aqua,MODIS,11.8,0,291.1,83,2013,8,2013-08-17,17,high,low
39.0832,-121.6675,2013-10-26,Terra,MODIS,9.6,0,298.2,72,2013,10,2013-10-26,26,high,low
39.0842,-122.0317,2013-04-08,Aqua,MODIS,29.3,0,294.3,73,2013,4,2013-04-08,8,high,medium-low
39.0844,-120.6734,2013-08-15,Aqua,MODIS,52.2,0,306.0,87,2013,8,2013-08-15,15,high,medium-high
39.0845,-120.6727,2013-08-17,Aqua,MODIS,11.3,0,290.9,83,2013,8,2013-08-17,17,high,low
39.0853,-121.5377,2013-03-29,Aqua,MODIS,42.7,0,294.2,81,2013,3,2013-03-29,29,high,medium-low
39.086,-121.6466,2013-10-05,Terra,MODIS,26.1,0,302.0,77,2013,10,2013-10-05,5,high,medium-low
39.0861,-120.666,2013-08-16,Aqua,MODIS,80.6,0,302.3,72,2013,8,2013-08-16,16,high,medium-high
39.0861,-120.6586,2013-08-15,Aqua,MODIS,78.2,0,307.5,95,2013,8,2013-08-15,15,high,medium-high
39.0868,-121.7978,2013-10-25,Aqua,MODIS,8.0,0,302.6,51,2013,10,2013-10-25,25,medium,low
39.0868,-120.6544,2013-08-16,Aqua,MODIS,52.9,0,291.8,83,2013,8,2013-08-16,16,high,medium-high
39.0871,-123.3452,2013-04-23,Aqua,MODIS,17.8,0,300.3,67,2013,4,2013-04-23,23,medium,low
39.0876,-120.654,2013-08-16,Terra,MODIS,44.4,0,306.6,89,2013,8,2013-08-16,16,high,medium-low
39.0877,-119.9159,2013-02-20,Aqua,MODIS,27.9,0,274.5,71,2013,2,2013-02-20,20,high,medium-low
39.088,-121.8946,2013-12-05,Aqua,MODIS,11.2,0,286.6,69,2013,12,2013-12-05,5,medium,low
39.0886,-121.6533,2013-10-05,Terra,MODIS,16.9,0,301.3,69,2013,10,2013-10-05,5,medium,low
39.0888,-123.3302,2013-04-23,Aqua,MODIS,164.8,0,304.7,100,2013,4,2013-04-23,23,high,high
39.089,-121.8503,2013-11-16,Aqua,MODIS,16.6,0,293.5,74,2013,11,2013-11-16,16,high,low
39.0891,-121.4686,2013-04-20,Aqua,MODIS,6.5,0,307.2,59,2013,4,2013-04-20,20,medium,low
39.0891,-120.6655,2013-08-16,Terra,MODIS,83.3,0,309.4,99,2013,8,2013-08-16,16,high,medium-high
39.0896,-121.882,2013-12-05,Aqua,MODIS,76.4,0,290.1,97,2013,12,2013-12-05,5,high,medium-high
39.0898,-122.1725,2013-06-17,Terra,MODIS,9.2,0,294.1,68,2013,6,2013-06-17,17,medium,low
39.09,-122.0337,2013-04-11,Aqua,MODIS,7.0,0,302.9,70,2013,4,2013-04-11,11,medium,low
39.0901,-123.3489,2013-12-17,Aqua,MODIS,17.2,0,292.8,64,2013,12,2013-12-17,17,medium,low
39.0909,-120.6636,2013-08-15,Terra,MODIS,12.6,0,292.4,91,2013,8,2013-08-15,15,high,low
39.0913,-122.0267,2013-04-08,Terra,MODIS,23.7,0,294.2,85,2013,4,2013-04-08,8,high,medium-low
39.0916,-121.9426,2013-08-26,Aqua,MODIS,15.5,0,315.1,71,2013,8,2013-08-26,26,high,low
39.0917,-120.6571,2013-08-14,Aqua,MODIS,41.4,0,293.6,99,2013,8,2013-08-14,14,high,medium-low
39.0923,-120.5715,2013-12-05,Aqua,MODIS,33.2,0,272.2,63,2013,12,2013-12-05,5,medium,medium-low
39.0925,-120.652,2013-08-15,Terra,MODIS,8.4,0,293.5,66,2013,8,2013-08-15,15,medium,low
39.093,-122.0381,2013-04-08,Terra,MODIS,29.9,0,294.2,88,2013,4,2013-04-08,8,high,medium-low
39.0937,-121.8884,2013-12-05,Aqua,MODIS,13.4,0,288.0,72,2013,12,2013-12-05,5,high,low
39.0937,-120.5492,2013-08-26,Terra,MODIS,58.0,0,294.6,80,2013,8,2013-08-26,26,high,medium-high
39.0938,-121.7008,2013-10-02,Aqua,MODIS,10.8,0,302.2,72,2013,10,2013-10-02,2,high,low
39.0938,-120.5579,2013-12-05,Aqua,MODIS,90.4,0,272.4,96,2013,12,2013-12-05,5,high,medium-high
39.0941,-120.6452,2013-08-17,Aqua,MODIS,14.6,0,306.0,57,2013,8,2013-08-17,17,medium,low
39.0948,-120.5808,2013-08-26,Aqua,MODIS,33.6,0,302.2,72,2013,8,2013-08-26,26,high,medium-low
39.0966,-120.5692,2013-08-26,Aqua,MODIS,149.8,0,309.3,100,2013,8,2013-08-26,26,high,high
39.0971,-122.026,2013-11-03,Aqua,MODIS,13.4,0,281.8,71,2013,11,2013-11-03,3,high,low
39.0971,-121.8515,2013-12-21,Aqua,MODIS,10.8,0,292.2,71,2013,12,2013-12-21,21,high,low
39.0977,-121.8538,2013-05-26,Terra,MODIS,28.7,0,302.1,88,2013,5,2013-05-26,26,high,medium-low
39.0979,-120.667,2013-08-11,Aqua,MODIS,158.3,0,299.4,86,2013,8,2013-08-11,11,high,high
39.098,-120.5695,2013-08-26,Terra,MODIS,107.7,0,296.0,90,2013,8,2013-08-26,26,high,medium-high
39.098,-120.5662,2013-08-26,Terra,MODIS,37.4,0,289.0,70,2013,8,2013-08-26,26,medium,medium-low
39.0983,-120.5575,2013-08-26,Aqua,MODIS,197.0,0,311.5,100,2013,8,2013-08-26,26,high,high
39.0995,-120.6648,2013-08-14,Terra,MODIS,44.6,0,309.4,90,2013,8,2013-08-14,14,high,medium-low
39.0997,-120.6354,2013-08-11,Aqua,MODIS,435.1,0,299.2,100,2013,8,2013-08-11,11,high,high
39.0997,-120.5882,2013-08-29,Aqua,MODIS,49.0,0,302.3,73,2013,8,2013-08-29,29,high,medium-high
39.1001,-120.5459,2013-08-26,Aqua,MODIS,118.0,0,307.7,100,2013,8,2013-08-26,26,high,medium-high
39.1001,-120.5447,2013-08-25,Terra,MODIS,70.0,0,296.4,88,2013,8,2013-08-25,25,high,medium-high
39.1007,-120.5512,2013-08-26,Terra,MODIS,83.7,0,292.3,100,2013,8,2013-08-26,26,high,medium-high
39.1013,-120.6763,2013-08-14,Terra,MODIS,15.2,0,304.9,51,2013,8,2013-08-14,14,medium,low
39.1013,-120.5689,2013-08-29,Aqua,MODIS,50.5,0,302.3,72,2013,8,2013-08-29,29,high,medium-high
39.1018,-120.559,2013-08-25,Terra,MODIS,41.9,0,294.1,67,2013,8,2013-08-25,25,medium,medium-low
39.1018,-120.5447,2013-08-26,Aqua,MODIS,42.8,0,291.3,98,2013,8,2013-08-26,26,high,medium-low
39.1018,-120.5344,2013-08-26,Aqua,MODIS,36.1,0,301.7,85,2013,8,2013-08-26,26,high,medium-low
39.1023,-120.562,2013-08-26,Terra,MODIS,153.1,0,297.8,96,2013,8,2013-08-26,26,high,high
39.1026,-120.6816,2013-08-14,Aqua,MODIS,51.3,0,303.3,65,2013,8,2013-08-14,14,medium,medium-high
39.1029,-121.9213,2013-04-06,Terra,MODIS,7.7,0,291.6,70,2013,4,2013-04-06,6,medium,low
39.1031,-120.5878,2013-08-28,Aqua,MODIS,39.3,0,300.8,70,2013,8,2013-08-28,28,medium,medium-low
39.1031,-120.5704,2013-08-29,Terra,MODIS,22.8,0,290.2,70,2013,8,2013-08-29,29,medium,medium-low
39.1031,-120.5669,2013-08-27,Terra,MODIS,37.3,0,289.1,93,2013,8,2013-08-27,27,high,medium-low
39.1033,-120.5897,2013-08-26,Aqua,MODIS,34.4,0,301.2,86,2013,8,2013-08-26,26,high,medium-low
39.1034,-120.655,2013-08-14,Aqua,MODIS,940.0,0,302.6,100,2013,8,2013-08-14,14,high,high
39.1034,-120.5561,2013-08-26,Aqua,MODIS,56.5,0,292.6,100,2013,8,2013-08-26,26,high,medium-high
39.1037,-120.5595,2013-12-05,Aqua,MODIS,52.3,0,271.6,67,2013,12,2013-12-05,5,medium,medium-high
39.1038,-122.0073,2013-06-19,Aqua,MODIS,24.1,0,303.6,75,2013,6,2013-06-19,19,high,medium-low
39.1039,-120.5901,2013-08-21,Aqua,MODIS,19.9,0,297.9,63,2013,8,2013-08-21,21,medium,low
39.1041,-120.5779,2013-08-28,Aqua,MODIS,59.5,0,303.1,91,2013,8,2013-08-28,28,high,medium-high
39.1044,-121.6633,2013-10-10,Aqua,MODIS,25.9,0,295.5,65,2013,10,2013-10-10,10,medium,medium-low
39.1044,-120.5418,2013-08-27,Aqua,MODIS,44.8,0,287.1,71,2013,8,2013-08-27,27,high,medium-low
39.1046,-122.0143,2013-06-19,Aqua,MODIS,12.9,0,301.6,53,2013,6,2013-06-19,19,medium,low
39.1047,-120.5474,2013-08-27,Terra,MODIS,73.2,0,291.7,100,2013,8,2013-08-27,27,high,medium-high
39.1049,-120.5348,2013-08-27,Aqua,MODIS,49.1,0,287.0,74,2013,8,2013-08-27,27,high,medium-high
39.1051,-120.5765,2013-08-28,Aqua,MODIS,11.9,0,285.4,59,2013,8,2013-08-28,28,medium,low
39.1052,-120.6743,2013-08-14,Aqua,MODIS,254.8,0,291.4,100,2013,8,2013-08-14,14,high,high
39.1053,-120.6547,2013-08-13,Aqua,MODIS,65.4,0,303.5,77,2013,8,2013-08-13,13,high,medium-high
39.1055,-120.5453,2013-08-26,Terra,MODIS,62.9,0,295.8,78,2013,8,2013-08-26,26,high,medium-high
39.1057,-120.5491,2013-08-27,Terra,MODIS,71.9,0,297.9,85,2013,8,2013-08-27,27,high,medium-high
39.1058,-120.573,2013-08-28,Aqua,MODIS,101.3,0,303.1,98,2013,8,2013-08-28,28,high,medium-high
39.1059,-120.6671,2013-08-14,Terra,MODIS,100.9,0,292.0,100,2013,8,2013-08-14,14,high,medium-high
39.1059,-120.6459,2013-08-13,Terra,MODIS,9.6,0,290.1,63,2013,8,2013-08-13,13,medium,low
39.106,-120.6422,2013-08-12,Terra,MODIS,23.0,0,289.2,63,2013,8,2013-08-12,12,medium,medium-low
39.1063,-120.5719,2013-08-30,Aqua,MODIS,45.8,0,303.8,69,2013,8,2013-08-30,30,medium,medium-low
39.1064,-120.5438,2013-08-30,Terra,MODIS,17.4,0,305.8,53,2013,8,2013-08-30,30,medium,low
39.1065,-120.5568,2013-08-28,Terra,MODIS,71.9,0,300.2,90,2013,8,2013-08-28,28,high,medium-high
39.1066,-121.8517,2013-05-26,Terra,MODIS,38.2,0,306.0,91,2013,5,2013-05-26,26,high,medium-low
39.1068,-120.563,2013-08-28,Aqua,MODIS,92.6,0,304.6,95,2013,8,2013-08-28,28,high,medium-high
39.1071,-120.6792,2013-08-15,Terra,MODIS,13.6,0,292.5,63,2013,8,2013-08-15,15,medium,low
39.1071,-120.6734,2013-08-14,Terra,MODIS,75.6,0,291.5,80,2013,8,2013-08-14,14,high,medium-high
39.1074,-120.5724,2013-08-21,Aqua,MODIS,20.8,0,297.9,66,2013,8,2013-08-21,21,medium,medium-low
39.1077,-121.8523,2013-12-05,Aqua,MODIS,23.2,0,289.0,81,2013,12,2013-12-05,5,high,medium-low
39.1082,-121.1213,2013-02-13,Aqua,MODIS,4.9,0,288.9,51,2013,2,2013-02-13,13,medium,low
39.1082,-120.5552,2013-08-30,Terra,MODIS,87.5,0,308.5,100,2013,8,2013-08-30,30,high,medium-high
39.1083,-120.5906,2013-08-26,Aqua,MODIS,10.2,0,286.3,72,2013,8,2013-08-26,26,high,low
39.1084,-120.6626,2013-08-14,Terra,MODIS,36.4,0,305.2,88,2013,8,2013-08-14,14,high,medium-low
39.1084,-120.5625,2013-08-29,Aqua,MODIS,30.2,0,288.7,82,2013,8,2013-08-29,29,high,medium-low
39.1084,-120.5581,2013-08-28,Aqua,MODIS,109.9,0,303.0,100,2013,8,2013-08-28,28,high,medium-high
39.1087,-120.6679,2013-08-15,Terra,MODIS,122.7,0,303.0,100,2013,8,2013-08-15,15,high,high
39.1091,-120.5706,2013-08-28,Terra,MODIS,70.9,0,300.4,93,2013,8,2013-08-28,28,high,medium-high
39.1092,-121.8396,2013-12-05,Aqua,MODIS,25.7,0,288.5,82,2013,12,2013-12-05,5,high,medium-low
39.1095,-120.6546,2013-08-13,Terra,MODIS,139.8,0,302.1,83,2013,8,2013-08-13,13,high,high
39.1096,-120.5373,2013-08-26,Terra,MODIS,51.9,0,294.8,57,2013,8,2013-08-26,26,medium,medium-high
39.11,-120.5666,2013-08-30,Terra,MODIS,32.7,0,306.3,87,2013,8,2013-08-30,30,high,medium-low
39.1103,-120.655,2013-08-15,Aqua,MODIS,20.9,0,293.8,94,2013,8,2013-08-15,15,high,medium-low
39.1104,-120.6036,2013-08-26,Aqua,MODIS,23.2,0,300.1,73,2013,8,2013-08-26,26,high,medium-low
39.1104,-120.5433,2013-08-26,Aqua,MODIS,44.0,0,302.5,80,2013,8,2013-08-26,26,high,medium-low
39.1112,-120.596,2013-08-28,Aqua,MODIS,29.7,0,301.0,77,2013,8,2013-08-28,28,high,medium-low
39.1112,-120.5846,2013-08-31,Terra,MODIS,8.1,0,290.2,70,2013,8,2013-08-31,31,medium,low
39.1114,-120.5855,2013-08-29,Terra,MODIS,13.0,0,288.2,62,2013,8,2013-08-29,29,medium,low
39.1117,-120.6541,2013-08-12,Aqua,MODIS,56.9,0,302.3,88,2013,8,2013-08-12,12,high,medium-high
39.1117,-120.5781,2013-08-30,Terra,MODIS,44.9,0,306.6,91,2013,8,2013-08-30,30,high,medium-low
39.1118,-120.6476,2013-08-13,Terra,MODIS,126.6,0,301.7,81,2013,8,2013-08-13,13,high,high
39.112,-120.5705,2013-08-24,Aqua,MODIS,31.8,0,302.4,84,2013,8,2013-08-24,24,high,medium-low
39.1121,-120.6692,2013-08-11,Aqua,MODIS,141.9,0,298.9,83,2013,8,2013-08-11,11,high,high
39.1121,-120.5713,2013-08-28,Terra,MODIS,59.3,0,288.5,100,2013,8,2013-08-28,28,high,medium-high
39.1122,-120.5317,2013-08-26,Aqua,MODIS,243.8,0,312.9,100,2013,8,2013-08-26,26,high,high
39.1126,-120.5866,2013-08-21,Aqua,MODIS,62.8,0,303.1,87,2013,8,2013-08-21,21,high,medium-high
39.1126,-120.5191,2013-08-26,Terra,MODIS,47.3,0,295.3,60,2013,8,2013-08-26,26,medium,medium-high
39.1127,-120.6121,2013-08-24,Terra,MODIS,27.2,0,289.6,100,2013,8,2013-08-24,24,high,medium-low
39.1128,-120.5732,2013-08-31,Terra,MODIS,8.0,0,290.2,59,2013,8,2013-08-31,31,medium,low
39.1129,-120.6003,2013-08-20,Aqua,MODIS,233.2,0,307.1,98,2013,8,2013-08-20,20,high,high
39.113,-120.5717,2013-08-29,Terra,MODIS,36.5,0,289.4,96,2013,8,2013-08-29,29,high,medium-low
39.1131,-120.6706,2013-08-15,Aqua,MODIS,19.1,0,293.5,91,2013,8,2013-08-15,15,high,low
39.1133,-120.5676,2013-08-21,Terra,MODIS,55.4,0,301.6,93,2013,8,2013-08-21,21,high,medium-high
39.1133,-120.5605,2013-08-28,Aqua,MODIS,49.2,0,291.7,100,2013,8,2013-08-28,28,high,medium-high
39.1138,-120.5396,2013-08-28,Terra,MODIS,49.0,0,297.8,84,2013,8,2013-08-28,28,high,medium-high
39.1139,-120.6628,2013-08-13,Terra,MODIS,35.5,0,290.1,100,2013,8,2013-08-13,13,high,medium-low
39.1139,-120.6495,2013-08-11,Terra,MODIS,44.1,0,299.3,71,2013,8,2013-08-11,11,high,medium-low
39.1141,-120.6357,2013-08-11,Aqua,MODIS,244.3,0,297.7,93,2013,8,2013-08-11,11,high,high
39.1145,-120.6006,2013-08-24,Terra,MODIS,13.3,0,288.9,87,2013,8,2013-08-24,24,high,low
39.1147,-120.5754,2013-08-20,Aqua,MODIS,247.4,0,304.8,99,2013,8,2013-08-20,20,high,high
39.115,-120.6787,2013-08-13,Aqua,MODIS,151.2,0,305.7,97,2013,8,2013-08-13,13,high,high
39.115,-120.6301,2013-08-12,Aqua,MODIS,13.8,0,289.8,75,2013,8,2013-08-12,12,high,low
39.1151,-120.5465,2013-08-24,Aqua,MODIS,14.8,0,301.3,57,2013,8,2013-08-24,24,medium,low
39.1154,-120.58,2013-08-21,Terra,MODIS,78.5,0,305.9,98,2013,8,2013-08-21,21,high,medium-high
39.1154,-119.0841,2013-10-01,Terra,MODIS,29.8,0,302.1,87,2013,10,2013-10-01,1,high,medium-low
39.1155,-120.5268,2013-08-27,Terra,MODIS,47.2,0,297.8,66,2013,8,2013-08-27,27,medium,medium-high
39.1156,-120.6479,2013-08-13,Terra,MODIS,18.3,0,291.1,85,2013,8,2013-08-13,13,high,low
39.1157,-120.5104,2013-08-31,Terra,MODIS,61.0,0,297.5,61,2013,8,2013-08-31,31,medium,medium-high
39.1158,-121.6904,2013-11-23,Aqua,MODIS,6.0,0,291.5,55,2013,11,2013-11-23,23,medium,low
39.1158,-120.5821,2013-08-22,Terra,MODIS,11.6,0,290.0,81,2013,8,2013-08-22,22,high,low
39.1158,-120.5688,2013-08-26,Aqua,MODIS,25.1,0,301.8,80,2013,8,2013-08-26,26,high,medium-low
39.116,-120.5687,2013-08-21,Aqua,MODIS,283.6,0,305.8,100,2013,8,2013-08-21,21,high,high
39.1161,-120.6082,2013-08-24,Aqua,MODIS,20.0,0,289.6,94,2013,8,2013-08-24,24,high,low
39.1166,-120.6443,2013-08-12,Aqua,MODIS,12.8,0,289.8,56,2013,8,2013-08-12,12,medium,low
39.1166,-120.6154,2013-08-17,Aqua,MODIS,38.3,0,305.2,89,2013,8,2013-08-17,17,high,medium-low
39.1166,-120.5484,2013-08-27,Terra,MODIS,27.4,0,287.4,81,2013,8,2013-08-27,27,high,medium-low
39.1167,-121.8874,2013-06-18,Terra,MODIS,21.8,0,287.1,82,2013,6,2013-06-18,18,high,medium-low
39.1168,-120.6584,2013-08-13,Aqua,MODIS,587.9,0,314.1,100,2013,8,2013-08-13,13,high,high
39.1168,-120.5487,2013-08-28,Terra,MODIS,67.3,0,289.7,100,2013,8,2013-08-28,28,high,medium-high
39.1172,-121.6781,2013-10-11,Aqua,MODIS,5.1,0,301.6,66,2013,10,2013-10-11,11,medium,low
39.1172,-120.5411,2013-08-26,Terra,MODIS,71.8,0,295.2,84,2013,8,2013-08-26,26,high,medium-high
39.1173,-120.6604,2013-08-14,Terra,MODIS,337.5,0,312.2,100,2013,8,2013-08-14,14,high,high
39.1173,-120.5699,2013-08-22,Terra,MODIS,11.8,0,289.7,81,2013,8,2013-08-22,22,high,low
39.1174,-120.5479,2013-08-27,Terra,MODIS,65.3,0,296.9,84,2013,8,2013-08-27,27,high,medium-high
39.1175,-120.67,2013-08-15,Terra,MODIS,125.6,0,301.8,100,2013,8,2013-08-15,15,high,high
39.1175,-120.5572,2013-08-26,Aqua,MODIS,26.9,0,302.1,59,2013,8,2013-08-26,26,medium,medium-low
39.1177,-120.6461,2013-08-12,Terra,MODIS,67.6,0,291.9,100,2013,8,2013-08-12,12,high,medium-high
39.1177,-120.6346,2013-08-11,Terra,MODIS,35.0,0,299.5,60,2013,8,2013-08-11,11,medium,medium-low
39.1178,-120.5565,2013-08-23,Aqua,MODIS,74.0,0,298.1,76,2013,8,2013-08-23,23,high,medium-high
39.118,-120.5761,2013-08-21,Aqua,MODIS,253.3,0,308.4,100,2013,8,2013-08-21,21,high,high
39.1182,-120.6039,2013-08-17,Aqua,MODIS,62.3,0,305.7,96,2013,8,2013-08-17,17,high,medium-high
39.1183,-120.5286,2013-08-27,Terra,MODIS,26.6,0,287.2,79,2013,8,2013-08-27,27,high,medium-low
39.1188,-121.6665,2013-10-11,Aqua,MODIS,10.5,0,302.8,77,2013,10,2013-10-11,11,high,low
39.1191,-121.8793,2013-06-15,Terra,MODIS,37.5,0,303.2,77,2013,6,2013-06-15,15,high,medium-low
39.1191,-120.672,2013-08-14,Terra,MODIS,51.5,0,301.3,93,2013,8,2013-08-14,14,high,medium-high
39.1193,-120.5642,2013-08-21,Aqua,MODIS,32.6,0,292.3,89,2013,8,2013-08-21,21,high,medium-low
39.1193,-120.5455,2013-08-26,Aqua,MODIS,21.7,0,298.4,53,2013,8,2013-08-26,26,medium,medium-low
39.1196,-120.5501,2013-08-21,Aqua,MODIS,15.7,0,297.7,52,2013,8,2013-08-21,21,medium,low
39.1198,-120.6,2013-08-24,Aqua,MODIS,13.6,0,289.9,80,2013,8,2013-08-24,24,high,low
39.1198,-120.5658,2013-08-24,Terra,MODIS,15.6,0,287.9,91,2013,8,2013-08-24,24,high,low
39.1203,-120.6531,2013-08-15,Aqua,MODIS,10.4,0,291.6,60,2013,8,2013-08-15,15,medium,low
39.1203,-120.5704,2013-08-20,Terra,MODIS,67.7,0,298.1,76,2013,8,2013-08-20,20,high,medium-high
39.1203,-120.5699,2013-08-22,Aqua,MODIS,46.1,0,303.5,82,2013,8,2013-08-22,22,high,medium-low
39.1211,-120.5815,2013-08-21,Aqua,MODIS,24.7,0,284.3,68,2013,8,2013-08-21,21,medium,medium-low
39.1212,-120.6212,2013-08-16,Terra,MODIS,16.9,0,303.9,55,2013,8,2013-08-16,16,medium,low
39.1212,-120.5612,2013-08-23,Terra,MODIS,35.1,0,301.9,88,2013,8,2013-08-23,23,high,medium-low
39.1214,-120.5338,2013-08-26,Terra,MODIS,78.7,0,295.8,83,2013,8,2013-08-26,26,high,medium-high
39.1216,-120.6147,2013-08-24,Terra,MODIS,12.3,0,289.5,81,2013,8,2013-08-24,24,high,low
39.1216,-120.558,2013-08-21,Aqua,MODIS,191.9,0,300.9,100,2013,8,2013-08-21,21,high,high
39.1216,-120.554,2013-08-24,Terra,MODIS,28.3,0,289.8,100,2013,8,2013-08-24,24,high,medium-low
39.1217,-120.5673,2013-08-20,Aqua,MODIS,36.8,0,284.2,79,2013,8,2013-08-20,20,high,medium-low
39.1218,-120.554,2013-08-22,Aqua,MODIS,564.7,0,310.3,100,2013,8,2013-08-22,22,high,high
39.1219,-120.6124,2013-08-24,Aqua,MODIS,13.5,0,289.7,80,2013,8,2013-08-24,24,high,low
39.1221,-121.9103,2013-06-05,Aqua,MODIS,14.0,0,307.3,72,2013,6,2013-06-05,5,high,low
39.1221,-120.643,2013-08-16,Aqua,MODIS,75.5,0,303.6,55,2013,8,2013-08-16,16,medium,medium-high
39.1221,-120.5362,2013-08-28,Aqua,MODIS,30.7,0,292.5,73,2013,8,2013-08-28,28,high,medium-low
39.1224,-120.5278,2013-08-30,Terra,MODIS,21.3,0,304.1,69,2013,8,2013-08-30,30,medium,medium-low
39.1225,-120.5987,2013-08-20,Terra,MODIS,47.8,0,299.0,66,2013,8,2013-08-20,20,medium,medium-high
39.1226,-120.5652,2013-08-21,Terra,MODIS,377.5,0,312.8,100,2013,8,2013-08-21,21,high,high
39.1227,-120.5605,2013-08-24,Aqua,MODIS,33.2,0,303.5,85,2013,8,2013-08-24,24,high,medium-low
39.1227,-120.5452,2013-08-24,Terra,MODIS,116.7,0,294.4,83,2013,8,2013-08-24,24,high,medium-high
39.123000000000005,-120.6679,2013-08-15,Aqua,MODIS,21.6,0,293.1,94,2013,8,2013-08-15,15,high,medium-low
39.1231,-121.8632,2013-03-01,Aqua,MODIS,20.1,0,302.3,84,2013,3,2013-03-01,1,high,low
39.1234,-120.6031,2013-08-24,Terra,MODIS,10.2,0,289.3,75,2013,8,2013-08-24,24,high,low
39.1234,-120.5423,2013-08-24,Terra,MODIS,24.3,0,290.0,100,2013,8,2013-08-24,24,high,medium-low
39.1234,-120.538,2013-08-22,Aqua,MODIS,66.8,0,298.9,88,2013,8,2013-08-22,22,high,medium-high
39.1237,-120.6651,2013-08-13,Terra,MODIS,16.4,0,288.9,82,2013,8,2013-08-13,13,high,low
39.1238,-120.5733,2013-08-21,Aqua,MODIS,44.2,0,287.3,100,2013,8,2013-08-21,21,high,medium-low
39.124,-121.879,2013-06-18,Terra,MODIS,22.7,0,287.2,83,2013,6,2013-06-18,18,high,medium-low
39.124,-120.6101,2013-08-15,Terra,MODIS,73.1,0,299.8,66,2013,8,2013-08-15,15,medium,medium-high
39.1242,-120.5486,2013-08-24,Aqua,MODIS,103.7,0,307.3,100,2013,8,2013-08-24,24,high,medium-high
39.1244,-120.6413,2013-08-12,Aqua,MODIS,92.4,0,304.3,96,2013,8,2013-08-12,12,high,medium-high
39.1246,-120.6677,2013-08-13,Aqua,MODIS,655.1,0,320.7,100,2013,8,2013-08-13,13,high,high
39.1247,-122.0201,2013-03-01,Terra,MODIS,22.1,0,292.3,67,2013,3,2013-03-01,1,medium,medium-low
39.1247,-120.5776,2013-08-21,Terra,MODIS,131.0,0,308.4,100,2013,8,2013-08-21,21,high,high
39.1247,-120.5705,2013-08-20,Aqua,MODIS,41.1,0,285.5,83,2013,8,2013-08-20,20,high,medium-low
39.1248,-120.6281,2013-08-12,Aqua,MODIS,37.0,0,292.2,100,2013,8,2013-08-12,12,high,medium-low
39.1248,-120.5215,2013-08-28,Aqua,MODIS,43.8,0,299.0,86,2013,8,2013-08-28,28,high,medium-low
39.125,-120.6238,2013-08-17,Terra,MODIS,10.2,0,292.8,74,2013,8,2013-08-17,17,high,low
39.1252,-120.6511,2013-08-13,Terra,MODIS,40.0,0,292.4,100,2013,8,2013-08-13,13,high,medium-low
39.1252,-120.641,2013-08-12,Terra,MODIS,68.7,0,301.4,77,2013,8,2013-08-12,12,high,medium-high
39.1257,-120.5365,2013-08-24,Aqua,MODIS,73.9,0,305.0,97,2013,8,2013-08-24,24,high,medium-high
39.1259,-121.8906,2013-06-18,Terra,MODIS,52.6,0,289.2,94,2013,6,2013-06-18,18,high,medium-high
39.126,-120.6435,2013-08-13,Terra,MODIS,243.5,0,303.4,93,2013,8,2013-08-13,13,high,high
39.126,-120.5999,2013-08-20,Aqua,MODIS,73.0,0,305.6,65,2013,8,2013-08-20,20,medium,medium-high
39.1263,-120.6583,2013-08-14,Terra,MODIS,23.8,0,305.7,71,2013,8,2013-08-14,14,high,medium-low
39.1263,-120.6472,2013-08-13,Aqua,MODIS,284.3,0,306.7,100,2013,8,2013-08-13,13,high,high
39.1263,-120.6413,2013-08-12,Aqua,MODIS,25.7,0,290.7,81,2013,8,2013-08-12,12,high,medium-low
39.1264,-122.1485,2013-02-22,Aqua,MODIS,4.2,0,296.5,56,2013,2,2013-02-22,22,medium,low
39.1265,-120.572,2013-08-22,Terra,MODIS,17.3,0,291.5,96,2013,8,2013-08-22,22,high,low
39.1267,-120.6808,2013-08-13,Aqua,MODIS,86.5,0,304.1,75,2013,8,2013-08-13,13,high,medium-high
39.1268,-120.5362,2013-08-23,Terra,MODIS,33.9,0,299.8,87,2013,8,2013-08-23,23,high,medium-low
39.1269,-120.6274,2013-08-12,Aqua,MODIS,82.1,0,302.4,94,2013,8,2013-08-12,12,high,medium-high
39.1269,-120.5913,2013-08-18,Terra,MODIS,23.0,0,300.8,53,2013,8,2013-08-18,18,medium,medium-low
39.127,-120.5909,2013-08-20,Aqua,MODIS,61.7,0,285.3,98,2013,8,2013-08-20,20,high,medium-high
39.1271,-120.6109,2013-08-17,Terra,MODIS,10.5,0,291.4,74,2013,8,2013-08-17,17,high,low
39.1271,-120.6059,2013-08-17,Aqua,MODIS,60.3,0,307.8,96,2013,8,2013-08-17,17,high,medium-high
39.1271,-120.5242,2013-08-27,Terra,MODIS,38.1,0,297.9,65,2013,8,2013-08-27,27,medium,medium-low
39.1272,-120.5313,2013-08-30,Aqua,MODIS,49.6,0,304.4,62,2013,8,2013-08-30,30,medium,medium-high
39.1277,-120.5771,2013-08-20,Aqua,MODIS,448.4,0,304.5,100,2013,8,2013-08-20,20,high,high
39.128,-120.6697,2013-08-14,Terra,MODIS,26.1,0,300.9,75,2013,8,2013-08-14,14,high,medium-low
39.128,-120.56,2013-08-22,Terra,MODIS,30.8,0,292.4,100,2013,8,2013-08-22,22,high,medium-low
39.1282,-122.1369,2013-02-22,Aqua,MODIS,5.1,0,295.0,66,2013,2,2013-02-22,22,medium,low
39.1282,-120.5329,2013-08-29,Aqua,MODIS,146.2,0,303.7,96,2013,8,2013-08-29,29,high,high
39.1283,-120.6143,2013-08-16,Terra,MODIS,108.0,0,290.8,98,2013,8,2013-08-16,16,high,medium-high
39.1284,-120.6614,2013-08-13,Aqua,MODIS,647.5,0,312.3,100,2013,8,2013-08-13,13,high,high
39.1284,-120.5477,2013-08-23,Terra,MODIS,106.3,0,304.3,100,2013,8,2013-08-23,23,high,medium-high
39.1287,-120.5799,2013-08-21,Aqua,MODIS,44.9,0,301.7,70,2013,8,2013-08-21,21,medium,medium-low
39.1288,-120.6067,2013-08-16,Terra,MODIS,80.5,0,308.6,98,2013,8,2013-08-16,16,high,medium-high
39.1288,-120.5121,2013-08-24,Aqua,MODIS,27.1,0,303.7,79,2013,8,2013-08-24,24,high,medium-low
39.1292,-120.529,2013-08-29,Terra,MODIS,75.3,0,298.5,74,2013,8,2013-08-29,29,high,medium-high
39.1292,-120.5084,2013-08-24,Terra,MODIS,95.0,0,292.8,58,2013,8,2013-08-24,24,medium,medium-high
39.1294,-120.5277,2013-08-28,Aqua,MODIS,13.4,0,285.9,58,2013,8,2013-08-28,28,medium,low
39.1297,-121.8691,2013-09-27,Aqua,MODIS,117.2,0,304.6,100,2013,9,2013-09-27,27,high,medium-high
39.1298,-120.5505,2013-08-21,Terra,MODIS,60.5,0,301.5,95,2013,8,2013-08-21,21,high,medium-high
39.1299,-120.6252,2013-08-15,Aqua,MODIS,385.4,0,317.3,100,2013,8,2013-08-15,15,high,high
39.1299,-120.6103,2013-08-16,Aqua,MODIS,468.4,0,304.5,100,2013,8,2013-08-16,16,high,high
39.1299,-120.5621,2013-08-21,Aqua,MODIS,42.8,0,291.5,100,2013,8,2013-08-21,21,high,medium-low
39.13,-120.6479,2013-08-12,Terra,MODIS,108.7,0,288.9,100,2013,8,2013-08-12,12,high,medium-high
39.13,-120.5943,2013-08-20,Aqua,MODIS,35.6,0,284.6,79,2013,8,2013-08-20,20,high,medium-low
39.1301,-120.5592,2013-08-23,Terra,MODIS,34.3,0,301.9,88,2013,8,2013-08-23,23,high,medium-low
39.1301,-120.5205,2013-08-31,Aqua,MODIS,49.0,0,305.1,88,2013,8,2013-08-31,31,high,medium-high
39.1303,-120.6404,2013-08-13,Aqua,MODIS,263.1,0,305.0,100,2013,8,2013-08-13,13,high,high
39.1304,-120.619,2013-08-16,Terra,MODIS,38.8,0,309.0,87,2013,8,2013-08-16,16,high,medium-low
39.1305,-120.5613,2013-08-23,Aqua,MODIS,131.2,0,299.6,73,2013,8,2013-08-23,23,high,high
39.1309,-120.5716,2013-08-22,Aqua,MODIS,57.2,0,301.5,87,2013,8,2013-08-22,22,high,medium-high
39.1315,-120.6143,2013-08-16,Aqua,MODIS,487.3,0,305.3,100,2013,8,2013-08-16,16,high,high
39.1315,-120.6115,2013-08-15,Aqua,MODIS,403.6,0,315.2,100,2013,8,2013-08-15,15,high,high
39.1319,-120.5628,2013-08-21,Terra,MODIS,176.2,0,307.9,100,2013,8,2013-08-21,21,high,high
39.1322,-120.5617,2013-08-21,Aqua,MODIS,96.8,0,300.3,94,2013,8,2013-08-21,21,high,medium-high
39.1323,-120.5447,2013-08-24,Terra,MODIS,25.6,0,291.8,100,2013,8,2013-08-24,24,high,medium-low
39.1325,-120.5555,2013-08-22,Aqua,MODIS,63.6,0,300.0,88,2013,8,2013-08-22,22,high,medium-high
39.1326,-122.1148,2013-12-05,Aqua,MODIS,70.8,0,288.3,96,2013,12,2013-12-05,5,high,medium-high
39.1326,-120.6076,2013-08-18,Terra,MODIS,61.7,0,292.0,100,2013,8,2013-08-18,18,high,medium-high
39.1327,-120.5542,2013-08-21,Aqua,MODIS,34.7,0,290.5,93,2013,8,2013-08-21,21,high,medium-low
39.1328,-120.6185,2013-08-15,Aqua,MODIS,404.8,0,323.0,100,2013,8,2013-08-15,15,high,high
39.1329,-120.5592,2013-08-22,Terra,MODIS,563.6,0,295.1,97,2013,8,2013-08-22,22,high,high
39.1334,-120.5361,2013-08-23,Aqua,MODIS,172.5,0,299.0,87,2013,8,2013-08-23,23,high,high
39.1335,-120.6028,2013-08-15,Terra,MODIS,2570.9,0,307.4,100,2013,8,2013-08-15,15,high,high
39.1337,-120.5323,2013-08-24,Aqua,MODIS,79.7,0,309.3,99,2013,8,2013-08-24,24,high,medium-high
39.1341,-120.533,2013-08-24,Terra,MODIS,13.7,0,287.9,70,2013,8,2013-08-24,24,medium,low
39.1342,-122.1023,2013-12-05,Aqua,MODIS,21.0,0,284.0,79,2013,12,2013-12-05,5,high,medium-low
39.1343,-120.6273,2013-08-12,Terra,MODIS,112.0,0,288.9,100,2013,8,2013-08-12,12,high,medium-high
39.1343,-120.6048,2013-08-15,Aqua,MODIS,56.3,0,304.6,87,2013,8,2013-08-15,15,high,medium-high
39.1343,-120.5519,2013-08-22,Terra,MODIS,836.1,0,295.5,100,2013,8,2013-08-22,22,high,high
39.1344,-122.2045,2013-10-25,Terra,MODIS,70.5,0,296.0,77,2013,10,2013-10-25,25,high,medium-high
39.1344,-120.6437,2013-08-12,Aqua,MODIS,24.4,0,297.6,53,2013,8,2013-08-12,12,medium,medium-low
39.1344,-120.5833,2013-08-18,Terra,MODIS,74.6,0,292.1,100,2013,8,2013-08-18,18,high,medium-high
39.1345,-120.6255,2013-08-12,Aqua,MODIS,42.4,0,290.5,100,2013,8,2013-08-12,12,high,medium-low
39.1345,-120.5719,2013-08-21,Aqua,MODIS,22.5,0,278.5,79,2013,8,2013-08-21,21,high,medium-low
39.1346,-120.5243,2013-08-28,Aqua,MODIS,26.4,0,297.8,69,2013,8,2013-08-28,28,medium,medium-low
39.1352,-120.554,2013-08-23,Terra,MODIS,108.7,0,287.7,85,2013,8,2013-08-23,23,high,medium-high
39.1352,-120.5201,2013-08-24,Aqua,MODIS,110.1,0,310.7,100,2013,8,2013-08-24,24,high,medium-high
39.1356,-120.5341,2013-08-23,Terra,MODIS,144.2,0,306.6,100,2013,8,2013-08-23,23,high,high
39.1363,-122.1887,2013-03-13,Aqua,MODIS,28.3,0,295.1,78,2013,3,2013-03-13,13,high,medium-low
39.1363,-121.7794,2013-03-01,Terra,MODIS,22.1,0,297.9,53,2013,3,2013-03-01,1,medium,medium-low
39.1363,-120.6254,2013-08-16,Terra,MODIS,85.2,0,290.9,66,2013,8,2013-08-16,16,medium,medium-high
39.1366,-120.6393,2013-08-13,Terra,MODIS,55.9,0,292.2,100,2013,8,2013-08-13,13,high,medium-high
39.1367,-120.5079,2013-08-24,Aqua,MODIS,38.7,0,304.7,87,2013,8,2013-08-24,24,high,medium-low
39.1368,-120.5399,2013-08-24,Terra,MODIS,132.8,0,295.3,86,2013,8,2013-08-24,24,high,high
39.1368,-120.5327,2013-08-23,Aqua,MODIS,129.8,0,298.1,73,2013,8,2013-08-23,23,high,high
39.1369,-122.1982,2013-12-21,Aqua,MODIS,56.3,0,296.3,94,2013,12,2013-12-21,21,high,medium-high
39.1369,-120.6296,2013-08-12,Aqua,MODIS,30.9,0,297.0,68,2013,8,2013-08-12,12,medium,medium-low
39.1371,-121.6829,2013-09-15,Terra,MODIS,10.2,0,306.7,68,2013,9,2013-09-15,15,medium,low
39.1371,-120.56,2013-08-23,Terra,MODIS,107.4,0,288.0,83,2013,8,2013-08-23,23,high,medium-high
39.1372,-120.5617,2013-08-22,Terra,MODIS,16.2,0,289.9,74,2013,8,2013-08-22,22,high,low
39.1373,-120.598,2013-08-18,Aqua,MODIS,138.4,0,288.0,64,2013,8,2013-08-18,18,medium,high
39.1373,-120.5456,2013-08-23,Terra,MODIS,124.9,0,308.0,100,2013,8,2013-08-23,23,high,high
39.1375,-120.5114,2013-08-28,Aqua,MODIS,19.5,0,284.8,90,2013,8,2013-08-28,28,high,low
39.1376,-120.5966,2013-08-17,Aqua,MODIS,33.8,0,305.5,66,2013,8,2013-08-17,17,medium,medium-low
39.1377,-120.594,2013-08-17,Aqua,MODIS,14.3,0,290.7,82,2013,8,2013-08-17,17,high,low
39.1379,-120.6043,2013-08-16,Terra,MODIS,50.0,0,307.4,91,2013,8,2013-08-16,16,high,medium-high
39.138000000000005,-120.6495,2013-08-13,Aqua,MODIS,267.5,0,302.3,100,2013,8,2013-08-13,13,high,high
39.138000000000005,-120.6212,2013-08-16,Terra,MODIS,152.9,0,292.0,100,2013,8,2013-08-16,16,high,high
39.1382,-120.625,2013-08-13,Terra,MODIS,15.6,0,289.2,55,2013,8,2013-08-13,13,medium,low
39.1383,-120.608,2013-08-13,Terra,MODIS,113.8,0,300.3,78,2013,8,2013-08-13,13,high,medium-high
39.1384,-120.6295,2013-08-16,Terra,MODIS,81.0,0,290.8,73,2013,8,2013-08-16,16,high,medium-high
39.1384,-120.5363,2013-08-31,Aqua,MODIS,18.7,0,305.6,58,2013,8,2013-08-31,31,medium,low
39.1386,-120.6001,2013-08-17,Terra,MODIS,41.6,0,293.9,100,2013,8,2013-08-17,17,high,medium-low
39.1387,-120.6192,2013-08-14,Terra,MODIS,20.1,0,302.8,73,2013,8,2013-08-14,14,high,low
39.1389,-120.5571,2013-08-23,Terra,MODIS,42.6,0,303.6,92,2013,8,2013-08-23,23,high,medium-low
39.139,-121.7177,2013-10-05,Terra,MODIS,28.6,0,300.2,78,2013,10,2013-10-05,5,high,medium-low
39.1392,-122.1502,2013-03-08,Aqua,MODIS,5.4,0,297.2,70,2013,3,2013-03-08,8,medium,low
39.1392,-120.5641,2013-08-18,Terra,MODIS,39.5,0,300.0,80,2013,8,2013-08-18,18,high,medium-low
39.1394,-120.5587,2013-08-24,Terra,MODIS,17.6,0,290.1,66,2013,8,2013-08-24,24,medium,low
39.1397,-120.6505,2013-08-14,Aqua,MODIS,174.1,0,306.1,97,2013,8,2013-08-14,14,high,high
39.1398,-120.6285,2013-08-13,Aqua,MODIS,117.3,0,299.7,92,2013,8,2013-08-13,13,high,medium-high
39.14,-120.5893,2013-08-22,Aqua,MODIS,21.7,0,305.9,67,2013,8,2013-08-22,22,medium,medium-low
39.14,-120.5815,2013-08-18,Aqua,MODIS,40.2,0,289.6,59,2013,8,2013-08-18,18,medium,medium-low
39.14,-120.5579,2013-08-24,Aqua,MODIS,48.5,0,306.3,92,2013,8,2013-08-24,24,high,medium-high
39.14,-120.5344,2013-08-29,Aqua,MODIS,76.8,0,300.3,85,2013,8,2013-08-29,29,high,medium-high
39.1403,-120.6407,2013-08-13,Terra,MODIS,316.0,0,301.9,97,2013,8,2013-08-13,13,high,high
39.1403,-120.5234,2013-08-30,Terra,MODIS,57.4,0,308.6,96,2013,8,2013-08-30,30,high,medium-high
39.1405,-120.6308,2013-08-14,Terra,MODIS,44.2,0,308.8,91,2013,8,2013-08-14,14,high,medium-low
39.1407,-121.8918,2013-06-11,Terra,MODIS,53.7,0,302.4,95,2013,6,2013-06-11,11,high,medium-high
39.1407,-120.6291,2013-08-13,Aqua,MODIS,24.9,0,289.0,67,2013,8,2013-08-13,13,medium,medium-low
39.141,-120.5815,2013-08-18,Terra,MODIS,142.0,0,305.5,100,2013,8,2013-08-18,18,high,high
39.1411,-120.5599,2013-08-21,Terra,MODIS,60.4,0,301.3,95,2013,8,2013-08-21,21,high,medium-high
39.1412,-120.5471,2013-08-24,Terra,MODIS,51.6,0,292.9,100,2013,8,2013-08-24,24,high,medium-high
39.1415,-120.5459,2013-08-24,Aqua,MODIS,65.8,0,304.6,97,2013,8,2013-08-24,24,high,medium-high
39.1417,-120.5728,2013-08-22,Aqua,MODIS,793.1,0,322.9,100,2013,8,2013-08-22,22,high,high
39.1417,-120.5153,2013-08-29,Aqua,MODIS,31.6,0,298.1,54,2013,8,2013-08-29,29,medium,medium-low
39.1419,-120.643,2013-08-13,Aqua,MODIS,109.3,0,297.9,91,2013,8,2013-08-13,13,high,medium-high
39.142,-120.5348,2013-08-30,Terra,MODIS,23.5,0,303.8,79,2013,8,2013-08-30,30,high,medium-low
39.1423,-121.9032,2013-06-11,Terra,MODIS,56.7,0,307.5,96,2013,6,2013-06-11,11,high,medium-high
39.1423,-120.6424,2013-08-14,Terra,MODIS,65.3,0,308.1,97,2013,8,2013-08-14,14,high,medium-high
39.1423,-120.5042,2013-08-24,Aqua,MODIS,32.2,0,285.7,61,2013,8,2013-08-24,24,medium,medium-low
39.1425,-120.6423,2013-08-14,Terra,MODIS,44.8,0,290.6,64,2013,8,2013-08-14,14,medium,medium-low
39.1426,-120.6207,2013-08-15,Aqua,MODIS,661.9,0,337.0,100,2013,8,2013-08-15,15,high,high
39.1426,-120.5495,2013-08-23,Aqua,MODIS,41.8,0,289.5,81,2013,8,2013-08-23,23,high,medium-low
39.1429,-120.6227,2013-08-15,Terra,MODIS,13.9,0,291.0,66,2013,8,2013-08-15,15,medium,low
39.1429,-120.5339,2013-08-24,Aqua,MODIS,65.0,0,302.0,90,2013,8,2013-08-24,24,high,medium-high
39.1431,-120.6068,2013-08-17,Terra,MODIS,25.1,0,293.0,93,2013,8,2013-08-17,17,high,medium-low
39.1431,-120.5552,2013-08-23,Aqua,MODIS,36.5,0,289.4,73,2013,8,2013-08-23,23,high,medium-low
39.1433,-120.5566,2013-08-22,Aqua,MODIS,272.1,0,303.0,100,2013,8,2013-08-22,22,high,high
39.1434,-120.6025,2013-08-16,Aqua,MODIS,40.7,0,290.5,74,2013,8,2013-08-16,16,high,medium-low
39.1434,-120.5887,2013-08-17,Terra,MODIS,99.4,0,302.2,85,2013,8,2013-08-17,17,high,medium-high
39.1436,-122.1939,2013-10-25,Terra,MODIS,62.5,0,297.6,76,2013,10,2013-10-25,25,high,medium-high
39.1437,-120.6429,2013-08-15,Terra,MODIS,1313.7,0,304.4,100,2013,8,2013-08-15,15,high,high
39.1439,-120.6182,2013-08-16,Terra,MODIS,116.9,0,291.3,100,2013,8,2013-08-16,16,high,medium-high
39.1439,-120.5969,2013-08-16,Terra,MODIS,41.9,0,305.1,89,2013,8,2013-08-16,16,high,medium-low
39.1441,-120.6073,2013-08-15,Aqua,MODIS,772.6,0,321.9,100,2013,8,2013-08-15,15,high,high
39.1442,-120.6294,2013-08-14,Aqua,MODIS,222.8,0,306.8,100,2013,8,2013-08-14,14,high,high
39.1444,-120.5951,2013-08-18,Aqua,MODIS,297.5,0,294.0,91,2013,8,2013-08-18,18,high,high
39.1444,-120.5221,2013-08-24,Aqua,MODIS,224.8,0,309.2,100,2013,8,2013-08-24,24,high,high
39.1445,-120.6129,2013-08-16,Aqua,MODIS,151.5,0,303.6,83,2013,8,2013-08-16,16,high,high
39.1445,-120.5167,2013-08-24,Aqua,MODIS,38.0,0,285.9,54,2013,8,2013-08-24,24,medium,medium-low
39.1447,-120.5237,2013-08-24,Terra,MODIS,19.3,0,285.4,86,2013,8,2013-08-24,24,high,low
39.1448,-120.6162,2013-08-15,Aqua,MODIS,17.0,0,290.3,74,2013,8,2013-08-15,15,high,low
39.1448,-120.6035,2013-08-22,Terra,MODIS,177.0,0,296.5,81,2013,8,2013-08-22,22,high,high
39.1452,-122.2066,2013-11-05,Aqua,MODIS,5.5,0,286.2,58,2013,11,2013-11-05,5,medium,low
39.1452,-120.5942,2013-08-17,Terra,MODIS,21.9,0,290.3,100,2013,8,2013-08-17,17,high,medium-low
39.1454,-121.7566,2013-05-30,Aqua,MODIS,92.8,0,307.4,70,2013,5,2013-05-30,30,medium,medium-high
39.1454,-120.6109,2013-08-18,Terra,MODIS,17.6,0,289.9,57,2013,8,2013-08-18,18,medium,low
39.1454,-120.6091,2013-08-16,Terra,MODIS,52.1,0,310.8,93,2013,8,2013-08-16,16,high,medium-high
39.1456,-121.7273,2013-12-23,Aqua,MODIS,4.7,0,288.6,55,2013,12,2013-12-23,23,medium,low
39.1459,-120.618,2013-08-16,Aqua,MODIS,116.0,0,303.7,73,2013,8,2013-08-16,16,high,medium-high
39.1459,-120.5103,2013-08-24,Aqua,MODIS,46.9,0,301.6,90,2013,8,2013-08-24,24,high,medium-high
39.146,-120.6399,2013-08-14,Aqua,MODIS,26.8,0,289.9,60,2013,8,2013-08-14,14,medium,medium-low
39.1462,-120.5952,2013-08-22,Terra,MODIS,560.1,0,297.4,97,2013,8,2013-08-22,22,high,high
39.1462,-120.5436,2013-08-23,Terra,MODIS,41.3,0,299.3,81,2013,8,2013-08-23,23,high,medium-low
39.1464,-120.5988,2013-08-17,Aqua,MODIS,136.5,0,316.2,100,2013,8,2013-08-17,17,high,high
39.1465,-120.512,2013-08-24,Terra,MODIS,139.4,0,291.5,100,2013,8,2013-08-24,24,high,high
39.1466,-120.593,2013-08-17,Terra,MODIS,142.8,0,303.9,90,2013,8,2013-08-17,17,high,high
39.1466,-120.5918,2013-08-17,Aqua,MODIS,28.5,0,291.4,100,2013,8,2013-08-17,17,high,medium-low
39.1466,-120.527,2013-09-09,Aqua,MODIS,25.4,0,306.2,80,2013,9,2013-09-09,9,high,medium-low
39.147,-122.1951,2013-11-05,Aqua,MODIS,7.7,0,284.4,63,2013,11,2013-11-05,5,medium,low
39.1473,-120.5856,2013-08-18,Terra,MODIS,62.9,0,291.4,100,2013,8,2013-08-18,18,high,medium-high
39.1478,-120.5551,2013-08-23,Terra,MODIS,58.8,0,304.6,96,2013,8,2013-08-23,23,high,medium-high
39.1478,-120.5205,2013-09-10,Aqua,MODIS,157.1,0,298.7,77,2013,9,2013-09-10,10,high,high
39.1479,-120.6273,2013-08-13,Terra,MODIS,10.9,0,286.6,64,2013,8,2013-08-13,13,medium,low
39.148,-120.5873,2013-08-17,Aqua,MODIS,40.5,0,304.4,78,2013,8,2013-08-17,17,high,medium-low
39.1481,-120.5153,2013-09-09,Aqua,MODIS,37.2,0,307.1,87,2013,9,2013-09-09,9,high,medium-low
39.1484,-121.7457,2013-03-05,Aqua,MODIS,8.2,0,285.8,59,2013,3,2013-03-05,5,medium,low
39.1484,-120.6034,2013-08-17,Aqua,MODIS,15.7,0,289.8,82,2013,8,2013-08-17,17,high,low
39.1485,-120.5407,2013-08-24,Aqua,MODIS,39.5,0,291.0,80,2013,8,2013-08-24,24,high,medium-low
39.1486,-120.6477,2013-08-15,Terra,MODIS,9.9,0,291.4,62,2013,8,2013-08-15,15,medium,low
39.1492,-120.5989,2013-08-15,Terra,MODIS,91.1,0,298.8,71,2013,8,2013-08-15,15,high,medium-high
39.1493,-120.5521,2013-08-22,Terra,MODIS,477.8,0,294.9,95,2013,8,2013-08-22,22,high,high
39.1494,-122.2026,2013-11-05,Terra,MODIS,65.4,0,295.5,87,2013,11,2013-11-05,5,high,medium-high
39.1494,-120.6286,2013-08-14,Terra,MODIS,229.2,0,314.3,100,2013,8,2013-08-14,14,high,high
39.1495,-120.532,2013-09-08,Aqua,MODIS,41.2,0,302.4,50,2013,9,2013-09-08,8,medium,medium-low
39.1496,-121.8897,2013-06-11,Terra,MODIS,351.0,0,315.5,100,2013,6,2013-06-11,11,high,high
39.1501,-120.6363,2013-08-15,Terra,MODIS,37.8,0,302.1,100,2013,8,2013-08-15,15,high,medium-low
39.1501,-120.5494,2013-08-24,Terra,MODIS,62.6,0,294.2,100,2013,8,2013-08-24,24,high,medium-high
39.1501,-120.507,2013-08-23,Terra,MODIS,53.1,0,301.9,94,2013,8,2013-08-23,23,high,medium-high
39.1507,-120.6372,2013-08-15,Aqua,MODIS,34.3,0,311.0,64,2013,8,2013-08-15,15,medium,medium-low
39.1507,-120.5477,2013-08-24,Aqua,MODIS,236.9,0,317.9,100,2013,8,2013-08-24,24,high,high
39.1508,-121.7418,2013-02-17,Aqua,MODIS,73.8,0,297.3,92,2013,2,2013-02-17,17,high,medium-high
39.1508,-120.5343,2013-08-24,Terra,MODIS,192.8,0,294.8,91,2013,8,2013-08-24,24,high,high
39.151,-120.528,2013-09-10,Aqua,MODIS,157.2,0,299.1,77,2013,9,2013-09-10,10,high,high
39.1512,-121.9012,2013-06-11,Terra,MODIS,363.2,0,313.3,100,2013,6,2013-06-11,11,high,high
39.1512,-120.6402,2013-08-14,Terra,MODIS,130.9,0,306.9,100,2013,8,2013-08-14,14,high,high
39.1515,-121.7293,2013-03-05,Aqua,MODIS,55.3,0,289.3,88,2013,3,2013-03-05,5,high,medium-high
39.1516,-120.5793,2013-08-18,Terra,MODIS,127.1,0,303.9,99,2013,8,2013-08-18,18,high,high
39.1517,-120.6248,2013-08-15,Terra,MODIS,36.9,0,294.9,100,2013,8,2013-08-15,15,high,medium-low
39.1522,-120.5357,2013-08-24,Aqua,MODIS,297.6,0,308.3,100,2013,8,2013-08-24,24,high,high
39.1523,-120.6229,2013-08-15,Aqua,MODIS,121.0,0,309.3,100,2013,8,2013-08-15,15,high,high
39.1523,-120.575,2013-08-22,Aqua,MODIS,205.2,0,310.5,100,2013,8,2013-08-22,22,high,high
39.1524,-120.5291,2013-08-24,Terra,MODIS,123.4,0,293.4,84,2013,8,2013-08-24,24,high,high
39.153,-120.601,2013-08-18,Aqua,MODIS,221.6,0,297.9,85,2013,8,2013-08-18,18,high,high
39.1531,-120.5948,2013-08-16,Terra,MODIS,67.4,0,307.7,97,2013,8,2013-08-16,16,high,medium-high
39.1533,-120.5958,2013-08-18,Terra,MODIS,54.7,0,303.3,86,2013,8,2013-08-18,18,high,medium-high
39.1534,-120.63,2013-08-16,Terra,MODIS,162.9,0,291.6,100,2013,8,2013-08-16,16,high,high
39.1534,-120.569,2013-08-21,Aqua,MODIS,34.0,0,297.7,59,2013,8,2013-08-21,21,medium,medium-low
39.1536,-120.6245,2013-08-16,Terra,MODIS,101.6,0,291.8,97,2013,8,2013-08-16,16,high,medium-high
39.1537,-122.2233,2013-11-05,Terra,MODIS,38.8,0,294.5,80,2013,11,2013-11-05,5,high,medium-low
39.1539,-121.7253,2013-02-17,Aqua,MODIS,11.5,0,295.1,68,2013,2,2013-02-17,17,medium,low
39.1539,-120.6091,2013-08-15,Aqua,MODIS,84.0,0,302.6,96,2013,8,2013-08-15,15,high,medium-high
39.154,-120.5587,2013-08-22,Aqua,MODIS,1107.1,0,318.2,100,2013,8,2013-08-22,22,high,high
39.1541,-120.5111,2013-09-09,Terra,MODIS,94.0,0,298.6,76,2013,9,2013-09-09,9,high,medium-high
39.1544,-120.5617,2013-08-23,Terra,MODIS,96.2,0,288.1,74,2013,8,2013-08-23,23,high,medium-high
39.1546,-120.6072,2013-08-16,Terra,MODIS,22.7,0,308.8,66,2013,8,2013-08-16,16,medium,medium-low
39.1548,-120.5189,2013-09-09,Terra,MODIS,26.7,0,291.1,100,2013,9,2013-09-09,9,high,medium-low
39.1549,-121.7209,2013-10-29,Aqua,MODIS,32.5,0,286.8,87,2013,10,2013-10-29,29,high,medium-low
39.1551,-120.5415,2013-08-23,Terra,MODIS,46.4,0,299.8,88,2013,8,2013-08-23,23,high,medium-low
39.1551,-120.512,2013-08-24,Aqua,MODIS,36.2,0,297.8,86,2013,8,2013-08-24,24,high,medium-low
39.1551,-120.5046,2013-09-09,Terra,MODIS,80.1,0,298.1,73,2013,9,2013-09-09,9,high,medium-high
39.1552,-120.6354,2013-08-16,Terra,MODIS,130.7,0,290.9,94,2013,8,2013-08-16,16,high,high
39.1554,-121.6793,2013-11-16,Terra,MODIS,13.2,0,291.0,74,2013,11,2013-11-16,16,high,low
39.1554,-120.547,2013-08-23,Aqua,MODIS,43.1,0,289.5,58,2013,8,2013-08-23,23,medium,medium-low
39.1554,-120.5143,2013-08-24,Terra,MODIS,48.4,0,288.2,100,2013,8,2013-08-24,24,high,medium-high
39.1555,-120.543,2013-08-22,Aqua,MODIS,135.0,0,295.9,100,2013,8,2013-08-22,22,high,high
39.1558,-120.5288,2013-09-09,Aqua,MODIS,19.1,0,308.2,71,2013,9,2013-09-09,9,high,low
39.1561,-120.6326,2013-08-14,Aqua,MODIS,52.9,0,300.6,69,2013,8,2013-08-14,14,medium,medium-high
39.1561,-120.6084,2013-08-16,Aqua,MODIS,95.9,0,293.2,100,2013,8,2013-08-16,16,high,medium-high
39.1562,-120.6196,2013-08-16,Terra,MODIS,80.9,0,312.8,99,2013,8,2013-08-16,16,high,medium-high
39.1565,-120.5126,2013-09-08,Terra,MODIS,47.2,0,303.2,93,2013,9,2013-09-08,8,high,medium-high
39.1569,-120.5173,2013-09-07,Terra,MODIS,77.8,0,296.9,56,2013,9,2013-09-07,7,medium,medium-high
39.1572,-120.5027,2013-08-24,Terra,MODIS,12.3,0,285.1,82,2013,8,2013-08-24,24,high,low
39.1573,-120.6281,2013-08-15,Aqua,MODIS,14.5,0,292.3,77,2013,8,2013-08-15,15,high,low
39.1573,-120.5757,2013-08-19,Aqua,MODIS,33.2,0,285.0,89,2013,8,2013-08-19,19,high,medium-low
39.1573,-120.5169,2013-09-09,Aqua,MODIS,117.2,0,307.2,100,2013,9,2013-09-09,9,high,medium-high
39.1576,-120.5997,2013-08-16,Aqua,MODIS,97.0,0,293.1,100,2013,8,2013-08-16,16,high,medium-high
39.1578,-120.6317,2013-08-16,Terra,MODIS,117.2,0,315.4,100,2013,8,2013-08-16,16,high,medium-high
39.1581,-120.5242,2013-09-08,Terra,MODIS,45.4,0,306.2,92,2013,9,2013-09-08,8,high,medium-low
39.1584,-120.5944,2013-08-18,Terra,MODIS,35.5,0,290.1,84,2013,8,2013-08-18,18,high,medium-low
39.1584,-120.5267,2013-09-07,Terra,MODIS,17.5,0,288.1,92,2013,9,2013-09-07,7,high,low
39.1584,-120.519,2013-09-07,Aqua,MODIS,17.3,0,287.2,67,2013,9,2013-09-07,7,medium,low
39.1584,-120.5105,2013-09-07,Terra,MODIS,81.3,0,296.5,58,2013,9,2013-09-07,7,medium,medium-high
39.1585,-120.618,2013-08-16,Aqua,MODIS,181.3,0,305.7,75,2013,8,2013-08-16,16,high,high
39.1586,-120.5466,2013-08-23,Aqua,MODIS,106.2,0,297.3,63,2013,8,2013-08-23,23,medium,medium-high
39.1587,-120.5041,2013-09-09,Aqua,MODIS,25.1,0,288.8,100,2013,9,2013-09-09,9,high,medium-low
39.159,-120.505,2013-08-23,Terra,MODIS,30.5,0,300.1,86,2013,8,2013-08-23,23,high,medium-low
39.1591,-120.6379,2013-08-15,Terra,MODIS,56.7,0,300.1,57,2013,8,2013-08-15,15,medium,medium-high
39.1596,-120.632,2013-08-16,Aqua,MODIS,60.0,0,289.9,90,2013,8,2013-08-16,16,high,medium-high
39.1596,-120.6205,2013-08-16,Terra,MODIS,261.0,0,293.9,100,2013,8,2013-08-16,16,high,high
39.1596,-120.5257,2013-08-31,Aqua,MODIS,237.5,0,310.9,100,2013,8,2013-08-31,31,high,high
39.1596,-120.5249,2013-08-30,Aqua,MODIS,57.8,0,301.8,66,2013,8,2013-08-30,30,medium,medium-high
39.1599,-120.5147,2013-09-07,Terra,MODIS,11.0,0,286.6,73,2013,9,2013-09-07,7,high,low
39.16,-120.5324,2013-09-07,Aqua,MODIS,23.7,0,305.0,58,2013,9,2013-09-07,7,medium,medium-low
39.1601,-120.6225,2013-08-16,Aqua,MODIS,264.3,0,305.9,95,2013,8,2013-08-16,16,high,high
39.1602,-120.6311,2013-08-17,Aqua,MODIS,26.3,0,315.2,68,2013,8,2013-08-17,17,medium,medium-low
39.1602,-120.5883,2013-08-18,Terra,MODIS,32.2,0,289.7,81,2013,8,2013-08-18,18,high,medium-low
39.1607,-120.5162,2013-09-09,Aqua,MODIS,32.3,0,291.5,100,2013,9,2013-09-09,9,high,medium-low
39.1608,-120.5398,2013-08-24,Terra,MODIS,29.9,0,290.9,83,2013,8,2013-08-24,24,high,medium-low
39.1609,-120.6243,2013-08-17,Aqua,MODIS,9.6,0,291.0,75,2013,8,2013-08-17,17,high,low
39.1611,-120.5123,2013-08-31,Aqua,MODIS,72.5,0,304.7,94,2013,8,2013-08-31,31,high,medium-high
39.1614,-121.7262,2013-03-05,Terra,MODIS,8.6,0,280.9,60,2013,3,2013-03-05,5,medium,low
39.1615,-120.5977,2013-08-22,Terra,MODIS,160.7,0,296.7,80,2013,8,2013-08-22,22,high,high
39.1615,-120.5824,2013-08-16,Terra,MODIS,67.4,0,290.4,54,2013,8,2013-08-16,16,medium,medium-high
39.1616,-120.5158,2013-09-07,Aqua,MODIS,28.1,0,303.0,58,2013,9,2013-09-07,7,medium,medium-low
39.1618,-120.5677,2013-08-21,Terra,MODIS,19.1,0,298.6,67,2013,8,2013-08-21,21,medium,low
39.1622,-120.5928,2013-08-16,Terra,MODIS,27.3,0,306.8,78,2013,8,2013-08-16,16,high,medium-low
39.1622,-120.5768,2013-08-18,Terra,MODIS,184.2,0,302.9,100,2013,8,2013-08-18,18,high,high
39.1625,-120.5283,2013-08-24,Terra,MODIS,24.8,0,289.3,55,2013,8,2013-08-24,24,medium,medium-low
39.163,-120.5774,2013-08-22,Aqua,MODIS,94.4,0,305.9,95,2013,8,2013-08-22,22,high,medium-high
39.1635,-120.5381,2013-08-29,Aqua,MODIS,54.1,0,303.0,73,2013,8,2013-08-29,29,high,medium-high
39.1638,-120.6051,2013-08-16,Terra,MODIS,43.5,0,309.1,90,2013,8,2013-08-16,16,high,medium-low
39.1639,-120.5939,2013-08-18,Terra,MODIS,318.2,0,307.2,100,2013,8,2013-08-18,18,high,high
39.1639,-120.5393,2013-08-23,Terra,MODIS,65.9,0,302.8,98,2013,8,2013-08-23,23,high,medium-high
39.1641,-120.5333,2013-08-28,Aqua,MODIS,19.8,0,298.7,67,2013,8,2013-08-28,28,medium,low
39.1643,-122.2151,2013-09-20,Aqua,MODIS,14.7,0,303.2,73,2013,9,2013-09-20,20,high,low
39.1644,-120.5536,2013-08-22,Terra,MODIS,75.3,0,295.5,65,2013,8,2013-08-22,22,medium,medium-high
39.1644,-120.5135,2013-08-24,Aqua,MODIS,23.0,0,295.9,72,2013,8,2013-08-24,24,high,medium-low
39.1646,-120.5613,2013-08-22,Aqua,MODIS,318.8,0,305.7,100,2013,8,2013-08-22,22,high,high
39.1648,-120.5678,2013-08-22,Terra,MODIS,15.9,0,288.9,67,2013,8,2013-08-22,22,medium,low
39.1654,-122.2237,2013-10-29,Aqua,MODIS,13.6,0,295.0,67,2013,10,2013-10-29,29,medium,low
39.1654,-120.6174,2013-08-16,Terra,MODIS,91.6,0,309.8,100,2013,8,2013-08-16,16,high,medium-high
39.1654,-120.531,2013-08-31,Terra,MODIS,66.6,0,298.4,67,2013,8,2013-08-31,31,medium,medium-high
39.1654,-120.5175,2013-08-29,Aqua,MODIS,46.9,0,299.7,57,2013,8,2013-08-29,29,medium,medium-high
39.1655,-120.4993,2013-08-22,Aqua,MODIS,20.0,0,285.1,78,2013,8,2013-08-22,22,high,low
39.166,-120.5051,2013-08-24,Terra,MODIS,14.4,0,286.0,87,2013,8,2013-08-24,24,high,low
39.1661,-120.5108,2013-08-30,Terra,MODIS,53.5,0,305.3,94,2013,8,2013-08-30,30,high,medium-high
39.1662,-120.5209,2013-08-31,Terra,MODIS,8.3,0,288.7,67,2013,8,2013-08-31,31,medium,low
39.1663,-120.5847,2013-08-16,Aqua,MODIS,212.1,0,303.8,90,2013,8,2013-08-16,16,high,high
39.1665,-120.5735,2013-08-19,Aqua,MODIS,75.3,0,283.8,100,2013,8,2013-08-19,19,high,medium-high
39.1666,-120.5481,2013-08-22,Terra,MODIS,172.2,0,293.3,80,2013,8,2013-08-22,22,high,high
39.1666,-120.519,2013-08-28,Aqua,MODIS,37.0,0,298.2,81,2013,8,2013-08-28,28,high,medium-low
39.167,-120.6296,2013-08-16,Terra,MODIS,154.6,0,311.7,100,2013,8,2013-08-16,16,high,high
39.167,-120.5786,2013-08-16,Terra,MODIS,83.1,0,290.8,55,2013,8,2013-08-16,16,medium,medium-high
39.1672,-120.5623,2013-08-23,Terra,MODIS,41.7,0,303.2,92,2013,8,2013-08-23,23,high,medium-low
39.1673,-120.5336,2013-08-26,Aqua,MODIS,25.6,0,300.9,77,2013,8,2013-08-26,26,high,medium-low
39.1675,-122.2111,2013-10-29,Aqua,MODIS,51.1,0,294.0,93,2013,10,2013-10-29,29,high,medium-high
39.1675,-120.5641,2013-08-24,Aqua,MODIS,25.9,0,304.9,85,2013,8,2013-08-24,24,high,medium-low
39.1678,-120.5286,2013-08-22,Aqua,MODIS,50.1,0,296.7,78,2013,8,2013-08-22,22,high,medium-high
39.1679,-120.5223,2013-08-30,Terra,MODIS,51.6,0,305.5,94,2013,8,2013-08-30,30,high,medium-high
39.1679,-120.5029,2013-08-23,Terra,MODIS,31.6,0,300.2,86,2013,8,2013-08-23,23,high,medium-low
39.168,-120.5895,2013-08-16,Aqua,MODIS,393.3,0,305.6,100,2013,8,2013-08-16,16,high,high
39.1682,-120.5659,2013-08-16,Terra,MODIS,27.2,0,304.0,82,2013,8,2013-08-16,16,high,medium-low
39.1682,-120.5433,2013-08-23,Aqua,MODIS,46.3,0,289.6,80,2013,8,2013-08-23,23,high,medium-low
39.1682,-120.5414,2013-08-22,Terra,MODIS,143.1,0,293.0,78,2013,8,2013-08-22,22,high,high
39.1686,-120.5395,2013-08-23,Terra,MODIS,85.8,0,288.0,89,2013,8,2013-08-23,23,high,medium-high
39.1686,-120.513,2013-08-28,Aqua,MODIS,11.6,0,283.2,64,2013,8,2013-08-28,28,medium,low
39.1688,-120.6267,2013-08-17,Terra,MODIS,34.6,0,299.7,71,2013,8,2013-08-17,17,high,medium-low
39.1689,-120.5849,2013-08-16,Terra,MODIS,146.3,0,292.3,98,2013,8,2013-08-16,16,high,high
39.169,-120.5534,2013-08-21,Terra,MODIS,29.9,0,299.2,85,2013,8,2013-08-21,21,high,medium-low
39.1691,-121.643,2013-09-20,Terra,MODIS,13.1,0,305.1,73,2013,9,2013-09-20,20,high,low
39.1691,-120.5221,2013-08-26,Aqua,MODIS,29.7,0,296.7,77,2013,8,2013-08-26,26,high,medium-low
39.1692,-120.5448,2013-08-29,Aqua,MODIS,38.1,0,302.3,65,2013,8,2013-08-29,29,medium,medium-low
39.1693,-120.6279,2013-08-16,Terra,MODIS,310.2,0,292.6,100,2013,8,2013-08-16,16,high,high
39.1694,-120.5279,2013-08-31,Aqua,MODIS,72.2,0,308.3,94,2013,8,2013-08-31,31,high,medium-high
39.1695,-122.2254,2013-02-22,Aqua,MODIS,7.5,0,300.0,71,2013,2,2013-02-22,22,high,low
39.1695,-120.5144,2013-08-23,Terra,MODIS,56.9,0,303.1,95,2013,8,2013-08-23,23,high,medium-high
39.1695,-120.5122,2013-08-22,Aqua,MODIS,70.9,0,299.4,84,2013,8,2013-08-22,22,high,medium-high
39.1697,-120.5339,2013-08-30,Terra,MODIS,10.7,0,305.5,57,2013,8,2013-08-30,30,medium,low
39.1698,-120.6221,2013-08-17,Aqua,MODIS,16.2,0,296.6,52,2013,8,2013-08-17,17,medium,low
39.1698,-120.5784,2013-08-16,Terra,MODIS,126.0,0,312.7,100,2013,8,2013-08-16,16,high,high
39.1698,-120.5583,2013-08-23,Terra,MODIS,89.5,0,286.9,60,2013,8,2013-08-23,23,medium,medium-high
39.1705,-120.5661,2013-08-18,Aqua,MODIS,119.2,0,296.3,72,2013,8,2013-08-18,18,high,high
39.1709,-120.6143,2013-08-17,Terra,MODIS,34.8,0,301.4,80,2013,8,2013-08-17,17,high,medium-low
39.1709,-120.5242,2013-08-29,Aqua,MODIS,36.0,0,299.6,51,2013,8,2013-08-29,29,medium,medium-low
39.1709,-120.5193,2013-08-22,Terra,MODIS,85.8,0,296.1,100,2013,8,2013-08-22,22,high,medium-high
39.171,-120.5884,2013-08-16,Terra,MODIS,170.8,0,293.1,100,2013,8,2013-08-16,16,high,high
39.1711,-120.5655,2013-08-21,Terra,MODIS,15.9,0,298.6,58,2013,8,2013-08-21,21,medium,low
39.1712,-120.5258,2013-08-23,Terra,MODIS,29.7,0,299.6,72,2013,8,2013-08-23,23,high,medium-low
39.1712,-120.5166,2013-08-26,Aqua,MODIS,19.6,0,285.2,86,2013,8,2013-08-26,26,high,low
39.1713,-120.5353,2013-08-21,Aqua,MODIS,51.8,0,302.8,85,2013,8,2013-08-21,21,high,medium-high
39.1714,-121.6118,2013-11-06,Aqua,MODIS,27.1,0,289.7,64,2013,11,2013-11-06,6,medium,medium-low
39.1714,-120.5909,2013-08-16,Terra,MODIS,69.1,0,314.7,97,2013,8,2013-08-16,16,high,medium-high
39.1714,-120.5305,2013-08-24,Terra,MODIS,26.8,0,287.8,65,2013,8,2013-08-24,24,medium,medium-low
39.1716,-120.5649,2013-08-23,Terra,MODIS,77.1,0,286.4,69,2013,8,2013-08-23,23,medium,medium-high
39.1718,-120.5176,2013-08-28,Terra,MODIS,29.3,0,295.0,55,2013,8,2013-08-28,28,medium,medium-low
39.1719,-120.5975,2013-08-16,Aqua,MODIS,84.7,0,293.2,100,2013,8,2013-08-16,16,high,medium-high
39.172,-120.5134,2013-08-21,Terra,MODIS,11.0,0,300.4,66,2013,8,2013-08-21,21,medium,low
39.1724,-120.5071,2013-08-22,Terra,MODIS,24.6,0,289.8,100,2013,8,2013-08-22,22,high,medium-low
39.1725,-120.5351,2013-08-31,Terra,MODIS,55.2,0,298.6,59,2013,8,2013-08-31,31,medium,medium-high
39.1728,-120.5372,2013-08-23,Terra,MODIS,25.4,0,299.7,51,2013,8,2013-08-23,23,medium,medium-low
39.1729,-121.6459,2013-09-20,Aqua,MODIS,21.0,0,308.3,82,2013,9,2013-09-20,20,high,medium-low
39.173,-120.6031,2013-08-16,Terra,MODIS,670.6,0,329.5,100,2013,8,2013-08-16,16,high,high
39.1732,-120.5189,2013-08-24,Terra,MODIS,11.5,0,285.9,53,2013,8,2013-08-24,24,medium,low
39.1735,-121.607,2013-11-06,Aqua,MODIS,24.0,0,289.6,62,2013,11,2013-11-06,6,medium,medium-low
39.1739,-120.6297,2013-08-16,Aqua,MODIS,45.8,0,289.8,71,2013,8,2013-08-16,16,high,medium-low
39.1741,-120.526,2013-08-21,Terra,MODIS,72.8,0,303.8,96,2013,8,2013-08-21,21,high,medium-high
39.1742,-120.627,2013-08-16,Aqua,MODIS,366.7,0,302.0,99,2013,8,2013-08-16,16,high,high
39.1746,-120.6154,2013-08-16,Terra,MODIS,220.0,0,309.8,100,2013,8,2013-08-16,16,high,high
39.1746,-120.5452,2013-08-22,Terra,MODIS,76.6,0,295.4,65,2013,8,2013-08-22,22,medium,medium-high
39.1752,-120.6237,2013-08-16,Terra,MODIS,209.9,0,291.5,100,2013,8,2013-08-16,16,high,high
39.1752,-120.5634,2013-08-22,Aqua,MODIS,47.4,0,301.1,72,2013,8,2013-08-22,22,high,medium-high
39.1761,-120.5602,2013-08-23,Terra,MODIS,29.5,0,301.0,79,2013,8,2013-08-23,23,high,medium-low
39.1762,-120.6276,2013-08-16,Terra,MODIS,231.2,0,311.1,100,2013,8,2013-08-16,16,high,high
39.1762,-120.5386,2013-08-21,Terra,MODIS,69.1,0,303.7,96,2013,8,2013-08-21,21,high,medium-high
39.1765,-120.554,2013-08-16,Aqua,MODIS,134.5,0,302.1,77,2013,8,2013-08-16,16,high,high
39.1766,-122.2393,2013-02-22,Aqua,MODIS,23.1,0,297.8,86,2013,2,2013-02-22,22,high,medium-low
39.1766,-120.5264,2013-08-22,Terra,MODIS,53.3,0,293.1,100,2013,8,2013-08-22,22,high,medium-high
39.1773,-120.5839,2013-08-16,Terra,MODIS,154.4,0,291.9,100,2013,8,2013-08-16,16,high,high
39.1774,-120.5639,2013-08-16,Terra,MODIS,41.6,0,303.2,89,2013,8,2013-08-16,16,high,medium-low
39.1782,-120.514,2013-08-22,Terra,MODIS,38.9,0,290.3,100,2013,8,2013-08-22,22,high,medium-low
39.1783,-120.5509,2013-08-21,Terra,MODIS,43.6,0,300.8,90,2013,8,2013-08-21,21,high,medium-low
39.1784,-122.2277,2013-02-22,Aqua,MODIS,48.7,0,299.8,94,2013,2,2013-02-22,22,high,medium-high
39.1784,-120.5184,2013-08-21,Terra,MODIS,54.2,0,303.3,93,2013,8,2013-08-21,21,high,medium-high
39.1786,-120.5646,2013-08-17,Aqua,MODIS,30.9,0,307.5,62,2013,8,2013-08-17,17,medium,medium-low
39.1787,-120.5601,2013-08-17,Aqua,MODIS,16.9,0,291.2,86,2013,8,2013-08-17,17,high,low
39.179,-120.5766,2013-08-16,Terra,MODIS,279.7,0,317.1,100,2013,8,2013-08-16,16,high,high
39.1791,-121.6602,2013-10-10,Aqua,MODIS,26.2,0,296.5,66,2013,10,2013-10-10,10,medium,medium-low
39.1794,-120.5633,2013-08-17,Terra,MODIS,43.4,0,292.1,100,2013,8,2013-08-17,17,high,medium-low
39.1795,-120.5124,2013-08-22,Aqua,MODIS,31.2,0,286.3,96,2013,8,2013-08-22,22,high,medium-low
39.1801,-120.5533,2013-08-17,Aqua,MODIS,85.2,0,308.6,100,2013,8,2013-08-17,17,high,medium-high
39.1802,-120.6168,2013-08-17,Terra,MODIS,32.4,0,299.0,84,2013,8,2013-08-17,17,high,medium-low
39.1806,-120.5888,2013-08-16,Terra,MODIS,346.0,0,321.2,100,2013,8,2013-08-16,16,high,high
39.1806,-120.5311,2013-08-21,Terra,MODIS,98.5,0,304.6,100,2013,8,2013-08-21,21,high,medium-high
39.1811,-122.2395,2013-03-03,Aqua,MODIS,25.9,0,298.0,85,2013,3,2013-03-03,3,high,medium-low
39.1813,-122.0694,2013-10-18,Aqua,MODIS,18.9,0,300.1,80,2013,10,2013-10-18,18,high,low
39.1813,-120.5746,2013-08-18,Aqua,MODIS,97.1,0,298.6,65,2013,8,2013-08-18,18,medium,medium-high
39.1815,-120.5504,2013-08-17,Terra,MODIS,20.1,0,288.9,94,2013,8,2013-08-17,17,high,low
39.1817,-120.5419,2013-08-17,Aqua,MODIS,11.8,0,303.4,59,2013,8,2013-08-17,17,medium,low
39.1819,-120.5387,2013-08-21,Aqua,MODIS,33.8,0,301.5,64,2013,8,2013-08-21,21,medium,medium-low
39.182,-120.5944,2013-08-16,Aqua,MODIS,1315.1,0,305.1,100,2013,8,2013-08-16,16,high,high
39.1822,-120.6011,2013-08-16,Terra,MODIS,247.0,0,311.8,100,2013,8,2013-08-16,16,high,high
39.1827,-120.5434,2013-08-21,Terra,MODIS,52.4,0,303.1,93,2013,8,2013-08-21,21,high,medium-high
39.1828,-122.2644,2013-11-05,Aqua,MODIS,10.8,0,291.8,75,2013,11,2013-11-05,5,high,low
39.1829,-120.538,2013-08-18,Aqua,MODIS,96.6,0,295.8,61,2013,8,2013-08-18,18,medium,medium-high
39.184,-120.5611,2013-08-16,Aqua,MODIS,53.7,0,289.9,84,2013,8,2013-08-16,16,high,medium-high
39.1843,-121.6197,2013-11-01,Aqua,MODIS,22.8,0,297.8,77,2013,11,2013-11-01,1,high,medium-low
39.1843,-120.5406,2013-08-22,Terra,MODIS,11.6,0,287.2,79,2013,8,2013-08-22,22,high,low
39.1844,-120.5913,2013-08-17,Terra,MODIS,24.5,0,294.9,86,2013,8,2013-08-17,17,high,medium-low
39.1849,-121.6929,2013-09-20,Aqua,MODIS,13.4,0,305.8,71,2013,9,2013-09-20,20,high,low
39.1852,-121.6646,2013-11-16,Aqua,MODIS,21.0,0,293.6,77,2013,11,2013-11-16,16,high,medium-low
39.1853,-120.5921,2013-08-16,Terra,MODIS,89.0,0,288.9,81,2013,8,2013-08-16,16,high,medium-high
39.1858,-120.5464,2013-08-17,Aqua,MODIS,19.5,0,288.1,99,2013,8,2013-08-17,17,high,low
39.186,-121.6015,2013-11-01,Aqua,MODIS,32.1,0,298.9,81,2013,11,2013-11-01,1,high,medium-low
39.1862,-120.596,2013-08-16,Aqua,MODIS,53.4,0,290.9,84,2013,8,2013-08-16,16,high,medium-high
39.1865,-120.5788,2013-08-17,Terra,MODIS,25.0,0,294.3,89,2013,8,2013-08-17,17,high,medium-low
39.1866,-120.6009,2013-08-16,Terra,MODIS,54.6,0,288.8,59,2013,8,2013-08-16,16,medium,medium-high
39.1868,-120.5901,2013-08-16,Terra,MODIS,83.2,0,289.2,89,2013,8,2013-08-16,16,high,medium-high
39.1875,-121.6403,2013-10-10,Terra,MODIS,15.7,0,297.4,80,2013,10,2013-10-10,10,high,low
39.1876,-120.5579,2013-08-17,Aqua,MODIS,20.9,0,291.2,83,2013,8,2013-08-17,17,high,medium-low
39.1882,-121.6487,2013-11-16,Aqua,MODIS,6.2,0,292.7,54,2013,11,2013-11-16,16,medium,low
39.1882,-120.5745,2013-08-16,Terra,MODIS,426.4,0,317.9,100,2013,8,2013-08-16,16,high,high
39.1886,-120.5659,2013-08-17,Terra,MODIS,22.4,0,290.5,100,2013,8,2013-08-17,17,high,medium-low
39.1895,-121.6079,2013-11-07,Aqua,MODIS,8.8,0,296.3,71,2013,11,2013-11-07,7,high,low
39.1898,-120.5868,2013-08-16,Terra,MODIS,306.1,0,315.6,100,2013,8,2013-08-16,16,high,high
39.1902,-120.5601,2013-08-16,Aqua,MODIS,542.1,0,303.6,100,2013,8,2013-08-16,16,high,high
39.1908,-122.2481,2013-10-27,Aqua,MODIS,12.6,0,299.9,78,2013,10,2013-10-27,27,high,low
39.1908,-120.5529,2013-08-17,Terra,MODIS,13.7,0,285.0,81,2013,8,2013-08-17,17,high,low
39.1915,-120.5995,2013-08-16,Terra,MODIS,64.1,0,300.8,95,2013,8,2013-08-16,16,high,medium-high
39.192,-121.9347,2013-05-29,Aqua,MODIS,11.3,0,309.0,64,2013,5,2013-05-29,29,medium,low
39.1922,-121.6791,2013-02-04,Aqua,MODIS,8.0,0,289.2,65,2013,2,2013-02-04,4,medium,low
39.1924,-122.2367,2013-10-27,Aqua,MODIS,17.2,0,299.4,82,2013,10,2013-10-27,27,high,low
39.1928,-121.7144,2013-11-07,Aqua,MODIS,6.0,0,298.4,50,2013,11,2013-11-07,7,medium,low
39.1936,-120.5944,2013-08-17,Terra,MODIS,14.4,0,290.5,90,2013,8,2013-08-17,17,high,low
39.1939,-122.2164,2013-03-15,Aqua,MODIS,14.4,0,295.0,80,2013,3,2013-03-15,15,high,low
39.1948,-122.2498,2013-10-07,Aqua,MODIS,11.5,0,281.5,57,2013,10,2013-10-07,7,medium,low
39.1952,-121.7008,2013-11-07,Aqua,MODIS,9.1,0,297.6,71,2013,11,2013-11-07,7,high,low
39.1956,-121.9678,2013-12-05,Aqua,MODIS,29.7,0,287.2,84,2013,12,2013-12-05,5,high,medium-low
39.1957,-120.5814,2013-08-17,Terra,MODIS,12.4,0,289.6,54,2013,8,2013-08-17,17,medium,low
39.1959,-122.2619,2013-11-13,Aqua,MODIS,147.7,0,297.2,86,2013,11,2013-11-13,13,high,high
39.1965,-122.2489,2013-10-18,Aqua,MODIS,10.5,0,305.4,75,2013,10,2013-10-18,18,high,low
39.1971,-121.9552,2013-12-05,Aqua,MODIS,13.4,0,283.3,70,2013,12,2013-12-05,5,medium,low
39.1978,-120.5689,2013-08-17,Terra,MODIS,21.4,0,290.4,99,2013,8,2013-08-17,17,high,medium-low
39.199,-122.2505,2013-10-22,Terra,MODIS,10.4,0,303.0,56,2013,10,2013-10-22,22,medium,low
39.1992,-121.5761,2013-10-27,Aqua,MODIS,10.5,0,296.6,73,2013,10,2013-10-27,27,high,low
39.1993,-121.3009,2013-07-08,Terra,MODIS,19.8,0,311.3,76,2013,7,2013-07-08,8,high,low
39.1997,-122.2502,2013-10-27,Aqua,MODIS,35.8,0,297.8,91,2013,10,2013-10-27,27,high,medium-low
39.201,-121.6231,2013-03-01,Aqua,MODIS,6.6,0,297.3,71,2013,3,2013-03-01,1,high,low
39.2011,-122.2538,2013-11-13,Aqua,MODIS,107.6,0,295.5,78,2013,11,2013-11-13,13,high,medium-high
39.2013,-122.2387,2013-10-27,Aqua,MODIS,75.6,0,297.7,99,2013,10,2013-10-27,27,high,medium-high
39.2015,-122.2646,2013-10-22,Terra,MODIS,32.4,0,301.8,86,2013,10,2013-10-22,22,high,medium-low
39.2026,-121.3072,2013-07-08,Terra,MODIS,16.8,0,310.8,68,2013,7,2013-07-08,8,medium,low
39.2085,-121.5866,2013-10-10,Terra,MODIS,17.4,0,296.3,81,2013,10,2013-10-10,10,high,low
39.2101,-121.5986,2013-10-10,Terra,MODIS,13.9,0,295.9,78,2013,10,2013-10-10,10,high,low
39.2113,-122.2617,2013-10-22,Terra,MODIS,14.2,0,301.3,77,2013,10,2013-10-22,22,high,low
39.2113,-121.6421,2013-10-05,Terra,MODIS,18.0,0,300.9,71,2013,10,2013-10-05,5,high,low
39.2114,-122.2103,2013-11-07,Terra,MODIS,71.8,0,297.1,94,2013,11,2013-11-07,7,high,medium-high
39.2139,-122.2215,2013-12-09,Aqua,MODIS,99.6,0,289.6,97,2013,12,2013-12-09,9,high,medium-high
39.214,-122.2849,2013-02-23,Aqua,MODIS,25.8,0,290.1,62,2013,2,2013-02-23,23,medium,medium-low
39.214,-122.2245,2013-11-07,Terra,MODIS,159.5,0,298.3,100,2013,11,2013-11-07,7,high,high
39.2148,-121.9802,2013-03-05,Terra,MODIS,8.9,0,284.0,63,2013,3,2013-03-05,5,medium,low
39.216,-122.253,2013-02-23,Aqua,MODIS,18.8,0,290.1,54,2013,2,2013-02-23,23,medium,low
39.2162,-121.5784,2013-03-01,Aqua,MODIS,13.3,0,298.6,79,2013,3,2013-03-01,1,high,low
39.2165,-122.2072,2013-12-09,Aqua,MODIS,10.5,0,284.1,62,2013,12,2013-12-09,9,medium,low
39.217,-121.9929,2013-03-05,Terra,MODIS,10.3,0,283.1,63,2013,3,2013-03-05,5,medium,low
39.2178,-121.5667,2013-03-01,Aqua,MODIS,17.9,0,298.2,82,2013,3,2013-03-01,1,high,low
39.2186,-122.2437,2013-02-24,Aqua,MODIS,32.7,0,293.1,84,2013,2,2013-02-24,24,high,medium-low
39.2204,-122.2594,2013-12-21,Aqua,MODIS,4.0,0,292.7,54,2013,12,2013-12-21,21,medium,low
39.2204,-121.6,2013-10-11,Aqua,MODIS,6.8,0,301.9,59,2013,10,2013-10-11,11,medium,low
39.2213,-122.2291,2013-02-24,Aqua,MODIS,8.3,0,292.2,63,2013,2,2013-02-24,24,medium,low
39.2214,-121.5945,2013-10-11,Terra,MODIS,16.4,0,296.5,60,2013,10,2013-10-11,11,medium,low
39.2219,-123.0307,2013-04-19,Aqua,MODIS,39.4,0,289.8,64,2013,4,2013-04-19,19,medium,medium-low
39.2228,-123.2271,2013-03-30,Terra,MODIS,10.9,0,293.9,58,2013,3,2013-03-30,30,medium,low
39.2236,-122.825,2013-11-23,Aqua,MODIS,32.4,0,289.0,73,2013,11,2013-11-23,23,high,medium-low
39.2236,-122.0671,2013-11-07,Aqua,MODIS,41.0,0,292.6,88,2013,11,2013-11-07,7,high,medium-low
39.2236,-121.615,2013-10-15,Terra,MODIS,5.9,0,298.1,65,2013,10,2013-10-15,15,medium,low
39.2237,-121.5987,2013-01-21,Aqua,MODIS,6.8,0,290.0,62,2013,1,2013-01-21,21,medium,low
39.2255,-121.6445,2013-10-10,Terra,MODIS,12.6,0,295.3,77,2013,10,2013-10-10,10,high,low
39.2258,-121.628,2013-10-15,Terra,MODIS,13.3,0,298.5,76,2013,10,2013-10-15,15,high,low
39.2259,-121.6485,2013-10-02,Aqua,MODIS,16.9,0,303.3,80,2013,10,2013-10-02,2,high,low
39.2261,-122.0882,2013-10-18,Terra,MODIS,142.7,0,297.8,77,2013,10,2013-10-18,18,high,high
39.2261,-122.0529,2013-11-07,Aqua,MODIS,11.6,0,293.1,73,2013,11,2013-11-07,7,high,low
39.2262,-122.8106,2013-11-23,Aqua,MODIS,118.1,0,293.9,98,2013,11,2013-11-23,23,high,medium-high
39.2265,-121.9937,2013-11-07,Aqua,MODIS,7.5,0,296.2,57,2013,11,2013-11-07,7,medium,low
39.2272,-122.1881,2013-09-27,Aqua,MODIS,9.0,0,300.7,67,2013,9,2013-09-27,27,medium,low
39.2283,-121.9273,2013-08-10,Aqua,MODIS,20.2,0,308.5,61,2013,8,2013-08-10,10,medium,low
39.2285,-122.2325,2013-03-01,Aqua,MODIS,11.4,0,306.4,78,2013,3,2013-03-01,1,high,low
39.2286,-122.2467,2013-02-24,Aqua,MODIS,38.3,0,292.8,86,2013,2,2013-02-24,24,high,medium-low
39.2293,-122.1755,2013-09-27,Aqua,MODIS,20.0,0,305.8,81,2013,9,2013-09-27,27,high,low
39.2294,-122.103,2013-10-27,Aqua,MODIS,12.0,0,294.3,71,2013,10,2013-10-27,27,high,low
39.231,-122.8315,2013-11-23,Terra,MODIS,65.4,0,281.1,100,2013,11,2013-11-23,23,high,medium-high
39.2312,-122.2321,2013-02-24,Aqua,MODIS,8.2,0,291.9,66,2013,2,2013-02-24,24,medium,low
39.2318,-121.5702,2013-10-14,Aqua,MODIS,43.1,0,296.6,75,2013,10,2013-10-14,14,high,medium-low
39.2321,-120.8509,2013-02-06,Aqua,MODIS,15.2,0,286.2,74,2013,2,2013-02-06,6,high,low
39.2323,-122.8183,2013-11-23,Aqua,MODIS,102.2,0,295.8,97,2013,11,2013-11-23,23,high,medium-high
39.2324,-122.7995,2013-11-23,Terra,MODIS,54.5,0,290.1,91,2013,11,2013-11-23,23,high,medium-high
39.233,-122.2498,2013-12-05,Aqua,MODIS,42.3,0,289.7,90,2013,12,2013-12-05,5,high,medium-low
39.2338,-121.5422,2013-10-14,Aqua,MODIS,58.7,0,298.6,79,2013,10,2013-10-14,14,high,medium-high
39.2345,-122.2374,2013-12-05,Aqua,MODIS,91.5,0,290.7,99,2013,12,2013-12-05,5,high,medium-high
39.2345,-121.5978,2013-10-06,Terra,MODIS,18.0,0,294.4,74,2013,10,2013-10-06,6,high,low
39.2347,-121.6596,2013-10-01,Aqua,MODIS,22.5,0,297.9,69,2013,10,2013-10-01,1,medium,medium-low
39.2348,-122.8135,2013-11-23,Terra,MODIS,420.0,0,301.7,100,2013,11,2013-11-23,23,high,high
39.2349,-122.8043,2013-11-23,Aqua,MODIS,60.7,0,291.9,85,2013,11,2013-11-23,23,high,medium-high
39.2353,-122.2282,2013-02-11,Terra,MODIS,39.7,0,290.9,61,2013,2,2013-02-11,11,medium,medium-low
39.2355,-121.5511,2013-10-15,Aqua,MODIS,75.5,0,297.8,93,2013,10,2013-10-15,15,high,medium-high
39.2356,-122.8103,2013-11-23,Terra,MODIS,587.8,0,292.6,100,2013,11,2013-11-23,23,high,high
39.2356,-121.6105,2013-10-22,Terra,MODIS,7.4,0,299.3,61,2013,10,2013-10-22,22,medium,low
39.2361,-122.8147,2013-11-23,Aqua,MODIS,81.0,0,292.0,94,2013,11,2013-11-23,23,high,medium-high
39.2383,-122.1999,2013-11-05,Aqua,MODIS,9.9,0,292.9,61,2013,11,2013-11-05,5,medium,low
39.2384,-121.6256,2013-10-22,Terra,MODIS,7.1,0,299.8,60,2013,10,2013-10-22,22,medium,low
39.2386,-121.5351,2013-10-15,Aqua,MODIS,38.7,0,297.1,84,2013,10,2013-10-15,15,high,medium-low
39.2392,-122.247,2013-02-25,Aqua,MODIS,12.3,0,299.1,59,2013,2,2013-02-25,25,medium,low
39.2395,-122.7986,2013-11-23,Aqua,MODIS,33.0,0,283.5,100,2013,11,2013-11-23,23,high,medium-low
39.24,-122.1884,2013-11-05,Aqua,MODIS,8.5,0,292.3,70,2013,11,2013-11-05,5,medium,low
39.2402,-122.789,2013-11-23,Terra,MODIS,22.4,0,283.6,50,2013,11,2013-11-23,23,medium,medium-low
39.2405,-122.2314,2013-02-11,Terra,MODIS,39.5,0,291.2,61,2013,2,2013-02-11,11,medium,medium-low
39.2406,-121.5477,2013-10-14,Aqua,MODIS,69.3,0,297.3,83,2013,10,2013-10-14,14,high,medium-high
39.241,-122.2265,2013-02-25,Aqua,MODIS,19.5,0,298.8,75,2013,2,2013-02-25,25,high,low
39.2411,-122.8131,2013-11-23,Aqua,MODIS,49.0,0,282.7,100,2013,11,2013-11-23,23,high,medium-high
39.2425,-121.6442,2013-10-01,Terra,MODIS,6.2,0,298.7,69,2013,10,2013-10-01,1,medium,low
39.2442,-121.6556,2013-10-01,Terra,MODIS,9.3,0,300.4,74,2013,10,2013-10-01,1,high,low
39.2443,-122.8099,2013-11-23,Terra,MODIS,20.6,0,290.8,77,2013,11,2013-11-23,23,high,low
39.2472,-122.1768,2013-10-20,Terra,MODIS,47.3,0,303.4,84,2013,10,2013-10-20,20,high,medium-high
39.2495,-120.3422,2013-11-02,Terra,MODIS,9.6,0,280.8,56,2013,11,2013-11-02,2,medium,low
39.2498,-122.1742,2013-10-10,Aqua,MODIS,29.3,0,297.9,56,2013,10,2013-10-10,10,medium,medium-low
39.2512,-122.2022,2013-03-01,Aqua,MODIS,12.9,0,304.5,76,2013,3,2013-03-01,1,high,low
39.2514,-120.3537,2013-11-02,Terra,MODIS,10.4,0,280.5,61,2013,11,2013-11-02,2,medium,low
39.2526,-121.9254,2013-08-25,Terra,MODIS,24.0,0,302.6,65,2013,8,2013-08-25,25,medium,medium-low
39.2529,-122.2269,2013-02-15,Terra,MODIS,33.1,0,294.7,83,2013,2,2013-02-15,15,high,medium-low
39.2575,-119.6593,2013-06-30,Aqua,MODIS,32.6,0,324.5,92,2013,6,2013-06-30,30,high,medium-low
39.2579,-122.2019,2013-02-28,Terra,MODIS,19.4,0,296.5,83,2013,2,2013-02-28,28,high,low
39.258,-122.2789,2013-12-29,Aqua,MODIS,131.6,0,288.0,87,2013,12,2013-12-29,29,high,high
39.2591,-119.6472,2013-06-30,Aqua,MODIS,34.9,0,323.4,93,2013,6,2013-06-30,30,high,medium-low
39.2595,-122.2142,2013-02-28,Terra,MODIS,6.5,0,298.0,73,2013,2,2013-02-28,28,high,low
39.2602,-121.7343,2013-11-07,Aqua,MODIS,9.2,0,296.2,71,2013,11,2013-11-07,7,high,low
39.2611,-122.2301,2013-02-15,Terra,MODIS,63.9,0,298.0,91,2013,2,2013-02-15,15,high,medium-high
39.2611,-121.9872,2013-11-16,Aqua,MODIS,44.7,0,293.0,74,2013,11,2013-11-16,16,high,medium-low
39.2614,-119.994,2013-10-17,Aqua,MODIS,35.1,0,287.7,61,2013,10,2013-10-17,17,medium,medium-low
39.2622,-122.1764,2013-10-18,Terra,MODIS,134.5,0,302.3,67,2013,10,2013-10-18,18,medium,high
39.2625,-119.9871,2013-10-17,Terra,MODIS,13.9,0,288.6,60,2013,10,2013-10-17,17,medium,low
39.2626,-121.7206,2013-11-07,Aqua,MODIS,87.3,0,299.4,97,2013,11,2013-11-07,7,high,medium-high
39.2635,-122.2235,2013-02-15,Terra,MODIS,30.4,0,297.5,76,2013,2,2013-02-15,15,high,medium-low
39.2639,-121.7277,2013-11-07,Aqua,MODIS,37.4,0,298.3,88,2013,11,2013-11-07,7,high,medium-low
39.2645,-122.1686,2013-10-18,Terra,MODIS,132.7,0,301.5,77,2013,10,2013-10-18,18,high,high
39.2656,-122.2475,2013-12-29,Aqua,MODIS,82.6,0,287.0,81,2013,12,2013-12-29,29,high,medium-high
39.2658,-121.6362,2013-06-04,Terra,MODIS,10.9,0,305.2,62,2013,6,2013-06-04,4,medium,low
39.2664,-121.7141,2013-11-07,Aqua,MODIS,32.4,0,297.5,86,2013,11,2013-11-07,7,high,medium-low
39.2668,-122.2404,2013-02-15,Terra,MODIS,23.4,0,296.4,59,2013,2,2013-02-15,15,medium,medium-low
39.2696,-122.2106,2013-02-17,Terra,MODIS,5.0,0,291.5,59,2013,2,2013-02-17,17,medium,low
39.27,-121.849,2013-02-08,Aqua,MODIS,16.7,0,287.2,72,2013,2,2013-02-08,8,high,low
39.2712,-123.2107,2013-04-24,Terra,MODIS,7.9,0,307.2,69,2013,4,2013-04-24,24,medium,low
39.2722,-122.1215,2013-10-11,Terra,MODIS,16.4,0,295.6,63,2013,10,2013-10-11,11,medium,low
39.2722,-121.8504,2013-01-30,Aqua,MODIS,7.6,0,289.4,62,2013,1,2013-01-30,30,medium,low
39.2731,-122.0537,2013-10-27,Aqua,MODIS,7.0,0,300.1,62,2013,10,2013-10-27,27,medium,low
39.277,-121.9604,2013-03-26,Aqua,MODIS,14.6,0,297.4,81,2013,3,2013-03-26,26,high,low
39.2774,-121.7373,2013-03-14,Terra,MODIS,4.3,0,290.9,51,2013,3,2013-03-14,14,medium,low
39.2775,-121.5403,2013-10-02,Aqua,MODIS,32.2,0,305.4,87,2013,10,2013-10-02,2,high,medium-low
39.279,-121.5273,2013-10-02,Aqua,MODIS,33.4,0,304.4,87,2013,10,2013-10-02,2,high,medium-low
39.2799,-121.3839,2013-02-26,Aqua,MODIS,9.7,0,291.1,53,2013,2,2013-02-26,26,medium,low
39.2802,-121.7315,2013-10-24,Aqua,MODIS,16.9,0,300.3,68,2013,10,2013-10-24,24,medium,low
39.2803,-121.6252,2013-02-25,Aqua,MODIS,12.9,0,294.8,65,2013,2,2013-02-25,25,medium,low
39.282,-122.0558,2013-10-27,Aqua,MODIS,8.3,0,300.0,63,2013,10,2013-10-27,27,medium,low
39.2837,-122.1485,2013-10-10,Aqua,MODIS,37.8,0,296.3,67,2013,10,2013-10-10,10,medium,medium-low
39.2853,-122.1539,2013-10-10,Aqua,MODIS,30.3,0,296.4,61,2013,10,2013-10-10,10,medium,medium-low
39.2882,-122.2449,2013-02-11,Aqua,MODIS,5.0,0,292.8,50,2013,2,2013-02-11,11,medium,low
39.2911,-121.7102,2013-03-01,Aqua,MODIS,6.6,0,301.4,72,2013,3,2013-03-01,1,high,low
39.2923,-122.2599,2013-02-25,Aqua,MODIS,126.1,0,298.0,95,2013,2,2013-02-25,25,high,high
39.2927,-121.6986,2013-03-01,Aqua,MODIS,7.6,0,300.9,74,2013,3,2013-03-01,1,high,low
39.294,-122.2394,2013-02-25,Aqua,MODIS,27.8,0,298.7,79,2013,2,2013-02-25,25,high,medium-low
39.2959,-122.92,2013-11-07,Terra,MODIS,10.9,0,287.6,66,2013,11,2013-11-07,7,medium,low
39.298,-122.2468,2013-02-11,Aqua,MODIS,7.3,0,295.2,66,2013,2,2013-02-11,11,medium,low
39.298,-122.2421,2013-11-10,Aqua,MODIS,29.2,0,301.0,85,2013,11,2013-11-10,10,high,medium-low
39.2988,-121.6502,2013-10-12,Terra,MODIS,13.0,0,295.9,65,2013,10,2013-10-12,12,medium,low
39.2996,-122.228,2013-11-10,Aqua,MODIS,41.2,0,300.9,89,2013,11,2013-11-10,10,high,medium-low
39.301,-122.234,2013-10-29,Aqua,MODIS,6.7,0,291.1,52,2013,10,2013-10-29,29,medium,low
39.301,-122.2333,2013-02-15,Aqua,MODIS,28.3,0,300.7,87,2013,2,2013-02-15,15,high,medium-low
39.3012,-121.6301,2013-10-14,Terra,MODIS,11.1,0,293.5,54,2013,10,2013-10-14,14,medium,low
39.3031,-122.2206,2013-02-15,Aqua,MODIS,70.0,0,299.4,96,2013,2,2013-02-15,15,high,medium-high
39.3034,-121.6487,2013-10-14,Terra,MODIS,17.8,0,295.0,63,2013,10,2013-10-14,14,medium,low
39.3041,-121.6433,2013-10-12,Terra,MODIS,22.4,0,295.4,79,2013,10,2013-10-12,12,high,medium-low
39.3056,-122.0127,2013-10-01,Aqua,MODIS,102.3,0,297.5,89,2013,10,2013-10-01,1,high,medium-high
39.3066,-122.2137,2013-12-28,Aqua,MODIS,10.4,0,294.0,68,2013,12,2013-12-28,28,medium,low
39.3066,-120.8,2013-11-07,Aqua,MODIS,10.7,0,288.7,66,2013,11,2013-11-07,7,medium,low
39.3078,-121.704,2013-10-31,Aqua,MODIS,6.6,0,295.8,57,2013,10,2013-10-31,31,medium,low
39.3087,-120.7872,2013-11-07,Aqua,MODIS,6.6,0,287.7,50,2013,11,2013-11-07,7,medium,low
39.3099,-122.2198,2013-02-22,Aqua,MODIS,6.3,0,295.3,71,2013,2,2013-02-22,22,high,low
39.3124,-121.583,2013-02-27,Aqua,MODIS,6.3,0,294.8,52,2013,2,2013-02-27,27,medium,low
39.3157,-122.0207,2013-10-01,Aqua,MODIS,74.7,0,297.5,85,2013,10,2013-10-01,1,high,medium-high
39.3182,-122.0174,2013-10-01,Aqua,MODIS,27.8,0,297.1,65,2013,10,2013-10-01,1,medium,medium-low
39.3206,-121.6944,2013-09-15,Aqua,MODIS,24.3,0,303.5,58,2013,9,2013-09-15,15,medium,medium-low
39.3213,-121.9957,2013-10-01,Aqua,MODIS,31.1,0,298.7,62,2013,10,2013-10-01,1,medium,medium-low
39.3214,-122.0538,2013-02-27,Aqua,MODIS,13.1,0,295.7,61,2013,2,2013-02-27,27,medium,low
39.3215,-121.1244,2013-02-08,Terra,MODIS,29.6,0,280.7,77,2013,2,2013-02-08,8,high,medium-low
39.3216,-121.6903,2013-09-15,Aqua,MODIS,23.3,0,303.9,56,2013,9,2013-09-15,15,medium,medium-low
39.3222,-121.6854,2013-09-15,Terra,MODIS,14.2,0,303.3,77,2013,9,2013-09-15,15,high,low
39.3223,-122.0485,2013-02-27,Aqua,MODIS,16.4,0,295.8,68,2013,2,2013-02-27,27,medium,low
39.3226,-121.7014,2013-10-16,Aqua,MODIS,13.0,0,299.9,63,2013,10,2013-10-16,16,medium,low
39.3239,-121.6968,2013-09-15,Terra,MODIS,14.4,0,302.1,77,2013,9,2013-09-15,15,high,low
39.3246,-121.1401,2013-02-08,Terra,MODIS,18.0,0,280.1,66,2013,2,2013-02-08,8,medium,low
39.3339,-122.1919,2013-06-12,Terra,MODIS,51.6,0,301.7,62,2013,6,2013-06-12,12,medium,medium-high
39.3359,-121.7131,2013-10-10,Terra,MODIS,5.0,0,295.0,57,2013,10,2013-10-10,10,medium,low
39.338,-121.9791,2013-10-27,Aqua,MODIS,48.1,0,301.5,94,2013,10,2013-10-27,27,high,medium-high
39.3393,-122.2104,2013-02-24,Aqua,MODIS,19.3,0,292.7,77,2013,2,2013-02-24,24,high,low
39.3396,-121.9675,2013-10-27,Aqua,MODIS,16.9,0,297.6,81,2013,10,2013-10-27,27,high,low
39.3439,-122.2344,2013-02-22,Aqua,MODIS,5.4,0,294.2,61,2013,2,2013-02-22,22,medium,low
39.3448,-121.6716,2013-09-13,Terra,MODIS,8.9,0,302.5,65,2013,9,2013-09-13,13,medium,low
39.345,-121.7112,2013-10-10,Terra,MODIS,10.3,0,295.7,75,2013,10,2013-10-10,10,high,low
39.3457,-122.2228,2013-02-22,Aqua,MODIS,25.9,0,295.9,86,2013,2,2013-02-22,22,high,medium-low
39.347,-122.1671,2013-02-24,Aqua,MODIS,9.7,0,287.7,63,2013,2,2013-02-24,24,medium,low
39.3477,-121.7344,2013-11-23,Aqua,MODIS,15.6,0,291.6,74,2013,11,2013-11-23,23,high,low
39.348,-121.6941,2013-10-16,Aqua,MODIS,23.0,0,301.1,78,2013,10,2013-10-16,16,high,medium-low
39.3501,-121.7208,2013-11-23,Aqua,MODIS,5.6,0,291.8,53,2013,11,2013-11-23,23,medium,low
39.3575,-121.7996,2013-11-16,Aqua,MODIS,10.2,0,290.2,58,2013,11,2013-11-16,16,medium,low
39.3583,-122.6046,2013-01-20,Terra,MODIS,13.3,0,292.1,69,2013,1,2013-01-20,20,medium,low
39.3593,-121.963,2013-03-26,Aqua,MODIS,12.9,0,300.7,58,2013,3,2013-03-26,26,medium,low
39.3611,-121.9515,2013-03-26,Aqua,MODIS,37.3,0,301.8,91,2013,3,2013-03-26,26,high,medium-low
39.3613,-122.0958,2013-10-12,Aqua,MODIS,43.7,0,295.2,57,2013,10,2013-10-12,12,medium,medium-low
39.3621,-122.04,2013-02-15,Aqua,MODIS,12.4,0,297.0,72,2013,2,2013-02-15,15,high,low
39.3621,-121.9491,2013-11-06,Aqua,MODIS,23.6,0,287.6,52,2013,11,2013-11-06,6,medium,medium-low
39.3635,-122.0266,2013-11-10,Aqua,MODIS,11.7,0,296.1,63,2013,11,2013-11-10,10,medium,low
39.3641,-122.0276,2013-02-15,Aqua,MODIS,4.5,0,296.3,50,2013,2,2013-02-15,15,medium,low
39.3673,-121.8361,2013-10-29,Aqua,MODIS,19.5,0,288.9,76,2013,10,2013-10-29,29,high,low
39.3676,-121.9569,2013-03-12,Terra,MODIS,9.9,0,299.7,75,2013,3,2013-03-12,12,high,low
39.3705,-122.2347,2013-03-24,Terra,MODIS,27.2,0,300.9,53,2013,3,2013-03-24,24,medium,medium-low
39.3712,-122.0404,2013-10-02,Aqua,MODIS,26.5,0,303.1,86,2013,10,2013-10-02,2,high,medium-low
39.3714,-122.0311,2013-09-27,Aqua,MODIS,17.9,0,301.7,80,2013,9,2013-09-27,27,high,low
39.3728,-122.028,2013-10-02,Aqua,MODIS,22.4,0,304.4,84,2013,10,2013-10-02,2,high,medium-low
39.3737,-122.0494,2013-10-12,Aqua,MODIS,56.4,0,295.6,66,2013,10,2013-10-12,12,medium,medium-high
39.3749,-121.9391,2013-03-12,Terra,MODIS,23.8,0,301.4,83,2013,3,2013-03-12,12,high,medium-low
39.3766,-122.0582,2013-10-12,Aqua,MODIS,68.0,0,295.8,68,2013,10,2013-10-12,12,medium,medium-high
39.3775,-121.9538,2013-03-12,Terra,MODIS,184.8,0,304.3,100,2013,3,2013-03-12,12,high,high
39.3782,-121.6886,2013-10-01,Terra,MODIS,9.2,0,299.6,75,2013,10,2013-10-01,1,high,low
39.3792,-122.0488,2013-10-31,Aqua,MODIS,15.9,0,297.2,73,2013,10,2013-10-31,31,high,low
39.3805,-122.0424,2013-10-02,Aqua,MODIS,6.1,0,302.5,67,2013,10,2013-10-02,2,medium,low
39.3812,-122.0513,2013-02-22,Aqua,MODIS,5.4,0,294.1,62,2013,2,2013-02-22,22,medium,low
39.3832,-121.2186,2013-12-13,Aqua,MODIS,29.5,0,285.2,61,2013,12,2013-12-13,13,medium,medium-low
39.3836,-122.0792,2013-10-10,Terra,MODIS,32.4,0,296.9,88,2013,10,2013-10-10,10,high,medium-low
39.3839,-122.0731,2013-10-16,Terra,MODIS,73.0,0,296.6,59,2013,10,2013-10-16,16,medium,medium-high
39.3842,-121.8974,2013-10-16,Aqua,MODIS,89.5,0,299.7,94,2013,10,2013-10-16,16,high,medium-high
39.3867,-122.0672,2013-10-16,Terra,MODIS,72.9,0,295.8,54,2013,10,2013-10-16,16,medium,medium-high
39.3868,-122.2575,2013-02-22,Aqua,MODIS,106.0,0,298.1,100,2013,2,2013-02-22,22,high,medium-high
39.3886,-122.2459,2013-02-22,Aqua,MODIS,52.4,0,295.2,94,2013,2,2013-02-22,22,high,medium-high
39.3902,-121.1875,2013-12-13,Aqua,MODIS,92.1,0,284.4,84,2013,12,2013-12-13,13,high,medium-high
39.3912,-122.0492,2013-03-29,Aqua,MODIS,106.7,0,306.5,94,2013,3,2013-03-29,29,high,medium-high
39.3913,-122.065,2013-10-10,Terra,MODIS,44.2,0,297.7,92,2013,10,2013-10-10,10,high,medium-low
39.3929,-122.0773,2013-10-10,Terra,MODIS,60.5,0,297.6,95,2013,10,2013-10-10,10,high,medium-high
39.3929,-121.9713,2013-02-28,Terra,MODIS,6.3,0,292.5,67,2013,2,2013-02-28,28,medium,low
39.393,-122.0278,2013-03-29,Aqua,MODIS,173.3,0,305.0,99,2013,3,2013-03-29,29,high,high
39.3938,-121.6831,2013-10-16,Aqua,MODIS,10.0,0,302.5,58,2013,10,2013-10-16,16,medium,low
39.3956,-121.6761,2013-02-25,Aqua,MODIS,47.6,0,296.2,82,2013,2,2013-02-25,25,high,medium-high
39.3957,-122.2598,2013-02-22,Aqua,MODIS,33.1,0,293.7,89,2013,2,2013-02-22,22,high,medium-low
39.3973,-121.6538,2013-02-25,Aqua,MODIS,28.3,0,294.5,76,2013,2,2013-02-25,25,high,medium-low
39.3973,-121.1952,2013-12-13,Aqua,MODIS,130.6,0,284.3,88,2013,12,2013-12-13,13,high,high
39.3974,-122.0576,2013-03-29,Aqua,MODIS,32.0,0,306.5,76,2013,3,2013-03-29,29,high,medium-low
39.3975,-122.2482,2013-02-22,Aqua,MODIS,14.7,0,292.2,80,2013,2,2013-02-22,22,high,low
39.3991,-122.0362,2013-03-29,Aqua,MODIS,320.2,0,307.1,100,2013,3,2013-03-29,29,high,high
39.4031,-122.0508,2013-03-29,Aqua,MODIS,42.9,0,306.2,81,2013,3,2013-03-29,29,high,medium-low
39.4032,-121.6694,2013-02-25,Aqua,MODIS,73.4,0,297.0,87,2013,2,2013-02-25,25,high,medium-high
39.405,-122.0879,2013-09-20,Aqua,MODIS,9.4,0,301.5,67,2013,9,2013-09-20,20,medium,low
39.405,-122.0294,2013-03-29,Aqua,MODIS,48.8,0,304.2,86,2013,3,2013-03-29,29,high,medium-high
39.4053,-122.259,2013-11-17,Aqua,MODIS,39.6,0,287.8,84,2013,11,2013-11-17,17,high,medium-low
39.4055,-122.0296,2013-02-17,Terra,MODIS,10.5,0,290.0,69,2013,2,2013-02-17,17,medium,low
39.4057,-121.9661,2013-11-24,Aqua,MODIS,65.5,0,294.7,85,2013,11,2013-11-24,24,high,medium-high
39.4064,-121.8154,2013-10-27,Aqua,MODIS,4.6,0,297.1,60,2013,10,2013-10-27,27,medium,low
39.407,-122.2418,2013-11-17,Aqua,MODIS,93.0,0,289.7,94,2013,11,2013-11-17,17,high,medium-high
39.4074,-121.7753,2013-04-18,Terra,MODIS,21.4,0,301.1,71,2013,4,2013-04-18,18,high,medium-low
39.4076,-122.0736,2013-09-20,Aqua,MODIS,22.5,0,302.6,80,2013,9,2013-09-20,20,high,medium-low
39.408,-121.8094,2013-09-27,Aqua,MODIS,8.6,0,300.7,69,2013,9,2013-09-27,27,medium,low
39.408,-121.8038,2013-10-27,Aqua,MODIS,23.3,0,298.3,85,2013,10,2013-10-27,27,high,medium-low
39.409,-121.8153,2013-10-25,Aqua,MODIS,17.2,0,299.6,76,2013,10,2013-10-25,25,high,low
39.4091,-122.2424,2013-02-25,Aqua,MODIS,33.7,0,299.4,80,2013,2,2013-02-25,25,high,medium-low
39.4091,-121.816,2013-09-13,Terra,MODIS,21.7,0,298.2,78,2013,9,2013-09-13,13,high,medium-low
39.4106,-121.8007,2013-10-25,Aqua,MODIS,60.9,0,299.0,92,2013,10,2013-10-25,25,high,medium-high
39.4109,-122.2217,2013-02-25,Aqua,MODIS,25.4,0,297.4,77,2013,2,2013-02-25,25,high,medium-low
39.4136,-122.0891,2013-10-22,Aqua,MODIS,9.1,0,302.1,68,2013,10,2013-10-22,22,medium,low
39.414,-122.2147,2013-02-26,Terra,MODIS,7.6,0,289.8,67,2013,2,2013-02-26,26,medium,low
39.4158,-122.2262,2013-02-26,Terra,MODIS,9.4,0,291.9,71,2013,2,2013-02-26,26,high,low
39.4161,-122.2608,2013-11-17,Aqua,MODIS,75.2,0,290.8,92,2013,11,2013-11-17,17,high,medium-high
39.4162,-122.0748,2013-10-22,Aqua,MODIS,12.8,0,299.2,72,2013,10,2013-10-22,22,high,low
39.4178,-122.2436,2013-11-17,Aqua,MODIS,224.1,0,290.5,100,2013,11,2013-11-17,17,high,high
39.4178,-122.2158,2013-02-21,Terra,MODIS,12.4,0,287.8,68,2013,2,2013-02-21,21,medium,low
39.4181,-121.8847,2013-06-19,Terra,MODIS,52.2,0,297.0,71,2013,6,2013-06-19,19,high,medium-high
39.4194,-123.153,2013-04-24,Terra,MODIS,18.9,0,301.9,78,2013,4,2013-04-24,24,high,low
39.4197,-121.9292,2013-09-17,Aqua,MODIS,38.1,0,298.8,54,2013,9,2013-09-17,17,medium,medium-low
39.4202,-121.7825,2013-10-27,Aqua,MODIS,14.7,0,297.0,79,2013,10,2013-10-27,27,high,low
39.4203,-122.246,2013-02-15,Aqua,MODIS,11.1,0,299.1,76,2013,2,2013-02-15,15,high,low
39.4217,-121.7709,2013-10-27,Aqua,MODIS,5.2,0,297.0,65,2013,10,2013-10-27,27,medium,low
39.4253,-123.1271,2013-04-24,Terra,MODIS,41.2,0,299.2,90,2013,4,2013-04-24,24,high,medium-low
39.4269,-123.1393,2013-04-24,Terra,MODIS,20.0,0,300.8,78,2013,4,2013-04-24,24,high,low
39.427,-123.1407,2013-04-24,Aqua,MODIS,38.3,0,298.3,67,2013,4,2013-04-24,24,medium,medium-low
39.4278,-122.2839,2013-03-21,Terra,MODIS,4.6,0,292.6,55,2013,3,2013-03-21,21,medium,low
39.4306,-121.5754,2013-06-03,Aqua,MODIS,123.6,0,318.5,100,2013,6,2013-06-03,3,high,high
39.4312,-122.2328,2013-03-01,Aqua,MODIS,19.4,0,301.8,85,2013,3,2013-03-01,1,high,low
39.4325,-122.048,2013-02-11,Aqua,MODIS,11.3,0,293.3,70,2013,2,2013-02-11,11,medium,low
39.4343,-123.1248,2013-04-24,Terra,MODIS,13.2,0,299.3,66,2013,4,2013-04-24,24,medium,low
39.4343,-122.2154,2013-02-15,Terra,MODIS,11.4,0,291.6,57,2013,2,2013-02-15,15,medium,low
39.436,-123.137,2013-04-24,Terra,MODIS,11.2,0,299.3,64,2013,4,2013-04-24,24,medium,low
39.4361,-118.0071,2013-05-15,Aqua,MODIS,24.1,0,313.2,84,2013,5,2013-05-15,15,high,medium-low
39.4368,-121.1666,2013-11-05,Aqua,MODIS,20.5,0,289.9,77,2013,11,2013-11-05,5,high,low
39.4369,-122.2089,2013-02-15,Terra,MODIS,24.6,0,291.9,77,2013,2,2013-02-15,15,high,medium-low
39.4371,-121.8242,2013-03-16,Terra,MODIS,7.4,0,297.4,58,2013,3,2013-03-16,16,medium,low
39.4407,-122.1344,2013-02-13,Aqua,MODIS,7.2,0,290.4,62,2013,2,2013-02-13,13,medium,low
39.4408,-121.5773,2013-06-03,Aqua,MODIS,62.2,0,320.9,94,2013,6,2013-06-03,3,high,medium-high
39.4418,-121.161,2013-11-07,Aqua,MODIS,31.9,0,292.2,65,2013,11,2013-11-07,7,medium,medium-low
39.4424,-121.5621,2013-06-03,Aqua,MODIS,28.8,0,317.5,58,2013,6,2013-06-03,3,medium,medium-low
39.4457,-122.0286,2013-10-01,Terra,MODIS,20.8,0,299.9,84,2013,10,2013-10-01,1,high,medium-low
39.4463,-121.4168,2013-08-17,Terra,MODIS,23.9,0,297.6,100,2013,8,2013-08-17,17,high,medium-low
39.4466,-121.4086,2013-08-17,Aqua,MODIS,8.6,0,292.1,75,2013,8,2013-08-17,17,high,low
39.4474,-122.0401,2013-10-01,Terra,MODIS,11.4,0,300.1,77,2013,10,2013-10-01,1,high,low
39.4474,-121.3975,2013-08-18,Terra,MODIS,41.1,0,304.0,79,2013,8,2013-08-18,18,high,medium-low
39.4476,-121.7842,2013-10-01,Terra,MODIS,5.9,0,299.7,56,2013,10,2013-10-01,1,medium,low
39.4476,-116.4951,2013-03-10,Aqua,MODIS,50.4,0,272.8,87,2013,3,2013-03-10,10,high,medium-high
39.4483,-121.42,2013-08-17,Aqua,MODIS,18.0,0,289.1,99,2013,8,2013-08-17,17,high,low
39.4485,-120.2377,2013-04-24,Aqua,MODIS,51.9,0,290.2,78,2013,4,2013-04-24,24,high,medium-high
39.4486,-121.4032,2013-08-17,Terra,MODIS,6.8,0,294.7,57,2013,8,2013-08-17,17,medium,low
39.4492,-121.4169,2013-08-18,Terra,MODIS,26.6,0,305.7,72,2013,8,2013-08-18,18,high,medium-low
39.4492,-116.4792,2013-03-10,Aqua,MODIS,20.4,0,273.5,68,2013,3,2013-03-10,10,medium,low
39.452,-120.2549,2013-11-14,Aqua,MODIS,22.1,0,288.4,82,2013,11,2013-11-14,14,high,medium-low
39.4524,-120.2662,2013-11-13,Aqua,MODIS,39.8,0,285.3,50,2013,11,2013-11-13,13,medium,medium-low
39.454,-120.2298,2013-04-24,Terra,MODIS,16.8,0,293.2,72,2013,4,2013-04-24,24,high,low
39.4552,-121.4108,2013-08-17,Aqua,MODIS,168.9,0,319.5,100,2013,8,2013-08-17,17,high,high
39.4555,-121.4064,2013-08-17,Aqua,MODIS,14.2,0,294.9,90,2013,8,2013-08-17,17,high,low
39.4555,-120.2635,2013-11-13,Aqua,MODIS,44.9,0,285.2,51,2013,11,2013-11-13,13,medium,medium-low
39.4557,-122.2606,2013-11-02,Aqua,MODIS,18.4,0,296.2,51,2013,11,2013-11-02,2,medium,low
39.4558,-122.0434,2013-03-08,Aqua,MODIS,9.8,0,297.0,75,2013,3,2013-03-08,8,high,low
39.4558,-121.4196,2013-08-17,Terra,MODIS,201.8,0,304.9,100,2013,8,2013-08-17,17,high,high
39.4559,-120.2417,2013-04-24,Terra,MODIS,10.6,0,291.1,57,2013,4,2013-04-24,24,medium,low
39.4568,-121.3993,2013-08-17,Aqua,MODIS,83.2,0,311.7,100,2013,8,2013-08-17,17,high,medium-high
39.4572,-121.4179,2013-08-17,Aqua,MODIS,44.3,0,293.9,100,2013,8,2013-08-17,17,high,medium-low
39.4582,-121.4055,2013-08-17,Terra,MODIS,20.1,0,297.2,98,2013,8,2013-08-17,17,high,low
39.4589,-121.4293,2013-08-17,Aqua,MODIS,20.9,0,287.7,100,2013,8,2013-08-17,17,high,medium-low
39.4593,-118.8389,2013-10-27,Aqua,MODIS,7.1,0,300.3,65,2013,10,2013-10-27,27,medium,low
39.4603,-120.256,2013-11-14,Terra,MODIS,22.9,0,284.1,58,2013,11,2013-11-14,14,medium,medium-low
39.4607,-121.7384,2013-10-15,Terra,MODIS,22.3,0,300.6,82,2013,10,2013-10-15,15,high,medium-low
39.4609,-120.2571,2013-11-14,Aqua,MODIS,72.5,0,290.9,97,2013,11,2013-11-14,14,high,medium-high
39.4622,-120.2453,2013-11-14,Aqua,MODIS,11.1,0,276.2,56,2013,11,2013-11-14,14,medium,low
39.4626,-120.2456,2013-11-14,Aqua,MODIS,10.1,0,284.8,62,2013,11,2013-11-14,14,medium,low
39.4628,-121.7376,2013-08-30,Terra,MODIS,32.2,0,306.4,86,2013,8,2013-08-30,30,high,medium-low
39.464,-121.4129,2013-08-17,Aqua,MODIS,103.4,0,318.7,100,2013,8,2013-08-17,17,high,medium-high
39.4644,-121.4043,2013-08-17,Aqua,MODIS,22.8,0,295.7,100,2013,8,2013-08-17,17,high,medium-low
39.4653,-121.4223,2013-08-17,Terra,MODIS,13.8,0,295.5,88,2013,8,2013-08-17,17,high,low
39.4657,-121.4015,2013-08-17,Aqua,MODIS,221.2,0,316.3,100,2013,8,2013-08-17,17,high,high
39.4661,-121.4157,2013-08-17,Aqua,MODIS,133.2,0,301.6,100,2013,8,2013-08-17,17,high,high
39.4678,-121.4271,2013-08-17,Aqua,MODIS,77.6,0,288.6,100,2013,8,2013-08-17,17,high,medium-high
39.4691,-121.9654,2013-12-21,Aqua,MODIS,9.4,0,291.7,62,2013,12,2013-12-21,21,medium,low
39.4696,-118.6845,2013-04-13,Aqua,MODIS,13.8,0,298.1,68,2013,4,2013-04-13,13,medium,low
39.4707,-122.0415,2013-02-21,Aqua,MODIS,121.4,0,289.6,78,2013,2,2013-02-21,21,high,high
39.471,-121.3999,2013-08-18,Aqua,MODIS,65.3,0,305.7,63,2013,8,2013-08-18,18,medium,medium-high
39.4729,-122.1294,2013-11-17,Aqua,MODIS,31.0,0,291.1,80,2013,11,2013-11-17,17,high,medium-low
39.4729,-121.4151,2013-08-17,Aqua,MODIS,111.0,0,308.9,100,2013,8,2013-08-17,17,high,medium-high
39.4732,-121.4021,2013-08-17,Aqua,MODIS,16.8,0,295.3,99,2013,8,2013-08-17,17,high,low
39.4746,-121.4036,2013-08-17,Aqua,MODIS,190.4,0,306.2,100,2013,8,2013-08-17,17,high,high
39.4749,-121.4136,2013-08-17,Aqua,MODIS,494.7,0,310.9,100,2013,8,2013-08-17,17,high,high
39.4754,-122.0096,2013-11-14,Aqua,MODIS,6.3,0,292.2,63,2013,11,2013-11-14,14,medium,low
39.4759,-122.0394,2013-02-21,Aqua,MODIS,129.1,0,290.1,83,2013,2,2013-02-21,21,high,high
39.4766,-121.425,2013-08-17,Aqua,MODIS,78.8,0,296.5,100,2013,8,2013-08-17,17,high,medium-high
39.4784,-121.9673,2013-12-21,Aqua,MODIS,15.8,0,289.5,76,2013,12,2013-12-21,21,high,low
39.4791,-118.6891,2013-04-20,Aqua,MODIS,18.3,0,308.6,81,2013,4,2013-04-20,20,high,low
39.4806,-118.6774,2013-04-20,Aqua,MODIS,6.5,0,309.2,54,2013,4,2013-04-20,20,medium,low
39.4811,-121.3911,2013-08-18,Terra,MODIS,33.5,0,303.8,74,2013,8,2013-08-18,18,high,medium-low
39.4816,-122.0099,2013-11-16,Terra,MODIS,12.0,0,288.6,62,2013,11,2013-11-16,16,medium,low
39.4818,-121.4038,2013-08-18,Terra,MODIS,98.7,0,304.6,93,2013,8,2013-08-18,18,high,medium-high
39.483,-121.4101,2013-08-18,Terra,MODIS,51.2,0,303.3,83,2013,8,2013-08-18,18,high,medium-high
39.4832,-121.2024,2013-04-19,Terra,MODIS,33.9,0,289.9,83,2013,4,2013-04-19,19,high,medium-low
39.4833,-121.382,2013-08-18,Aqua,MODIS,123.1,0,288.6,100,2013,8,2013-08-18,18,high,high
39.4838,-121.4114,2013-08-17,Aqua,MODIS,7.1,0,293.5,69,2013,8,2013-08-17,17,medium,low
39.4839,-121.3857,2013-08-18,Aqua,MODIS,134.1,0,287.7,100,2013,8,2013-08-18,18,high,high
39.4842,-121.194,2013-04-19,Terra,MODIS,11.9,0,288.9,61,2013,4,2013-04-19,19,medium,low
39.4843,-121.4343,2013-08-18,Aqua,MODIS,63.9,0,304.3,55,2013,8,2013-08-18,18,medium,medium-high
39.4853,-122.2221,2013-02-27,Aqua,MODIS,11.9,0,296.8,75,2013,2,2013-02-27,27,high,low
39.4859,-121.2089,2013-04-19,Terra,MODIS,23.9,0,290.1,77,2013,4,2013-04-19,19,high,medium-low
39.486,-121.4015,2013-08-18,Aqua,MODIS,109.8,0,304.1,75,2013,8,2013-08-18,18,high,medium-high
39.4865,-122.2134,2013-02-27,Aqua,MODIS,50.7,0,297.8,92,2013,2,2013-02-27,27,high,medium-high
39.487,-122.208,2013-02-27,Aqua,MODIS,93.8,0,297.9,98,2013,2,2013-02-27,27,high,medium-high
39.4878,-122.1462,2013-12-13,Aqua,MODIS,29.8,0,289.3,59,2013,12,2013-12-13,13,medium,medium-low
39.4881,-122.1992,2013-02-27,Aqua,MODIS,34.2,0,295.8,88,2013,2,2013-02-27,27,high,medium-low
39.4893,-121.3685,2013-08-18,Aqua,MODIS,133.4,0,290.9,90,2013,8,2013-08-18,18,high,high
39.4909,-121.3517,2013-12-13,Terra,MODIS,12.3,0,280.9,68,2013,12,2013-12-13,13,medium,low
39.4915,-121.4149,2013-08-18,Aqua,MODIS,31.2,0,288.1,54,2013,8,2013-08-18,18,medium,medium-low
39.4926,-121.8734,2013-10-10,Aqua,MODIS,67.9,0,295.1,80,2013,10,2013-10-10,10,high,medium-high
39.493,-121.3773,2013-08-18,Aqua,MODIS,144.9,0,290.7,93,2013,8,2013-08-18,18,high,high
39.4937,-121.1739,2013-12-13,Terra,MODIS,21.0,0,280.7,79,2013,12,2013-12-13,13,high,medium-low
39.4939,-122.2495,2013-03-08,Aqua,MODIS,6.0,0,295.3,66,2013,3,2013-03-08,8,medium,low
39.4939,-121.8522,2013-10-11,Terra,MODIS,21.9,0,297.1,71,2013,10,2013-10-11,11,high,medium-low
39.495,-122.159,2013-02-22,Aqua,MODIS,11.6,0,295.7,77,2013,2,2013-02-22,22,high,low
39.4954,-120.283,2013-11-05,Aqua,MODIS,7.6,0,283.4,56,2013,11,2013-11-05,5,medium,low
39.4958,-121.8594,2013-10-22,Aqua,MODIS,16.6,0,304.5,77,2013,10,2013-10-22,22,high,low
39.4959,-121.1802,2013-12-13,Aqua,MODIS,109.4,0,283.8,81,2013,12,2013-12-13,13,high,medium-high
39.4968,-122.1474,2013-02-22,Aqua,MODIS,16.0,0,295.9,81,2013,2,2013-02-22,22,high,low
39.4973,-121.9451,2013-11-06,Aqua,MODIS,69.5,0,287.2,74,2013,11,2013-11-06,6,high,medium-high
39.4977,-121.856,2013-10-11,Terra,MODIS,30.7,0,297.4,74,2013,10,2013-10-11,11,high,medium-low
39.4978,-121.9404,2013-11-06,Aqua,MODIS,80.8,0,287.4,80,2013,11,2013-11-06,6,high,medium-high
39.4983,-121.8454,2013-10-22,Aqua,MODIS,8.2,0,302.3,65,2013,10,2013-10-22,22,medium,low
39.4994,-122.1799,2013-03-17,Terra,MODIS,20.8,0,297.1,66,2013,3,2013-03-17,17,medium,medium-low
39.5,-122.1624,2013-11-12,Aqua,MODIS,40.3,0,289.6,91,2013,11,2013-11-12,12,high,medium-low
39.5006,-121.1551,2013-12-14,Terra,MODIS,11.4,0,277.5,54,2013,12,2013-12-14,14,medium,low
39.5022,-121.1529,2013-12-13,Aqua,MODIS,50.1,0,283.3,63,2013,12,2013-12-13,13,medium,medium-high
39.5039,-122.1613,2013-02-22,Aqua,MODIS,38.2,0,296.8,91,2013,2,2013-02-22,22,high,medium-low
39.5039,-121.9051,2013-04-18,Terra,MODIS,30.1,0,299.9,57,2013,4,2013-04-18,18,medium,medium-low
39.5054,-121.7901,2013-10-29,Aqua,MODIS,91.0,0,289.1,75,2013,10,2013-10-29,29,high,medium-high
39.5057,-122.1497,2013-02-22,Aqua,MODIS,70.1,0,297.0,98,2013,2,2013-02-22,22,high,medium-high
39.5083,-121.9102,2013-04-18,Terra,MODIS,20.8,0,299.9,70,2013,4,2013-04-18,18,medium,medium-low
39.5088,-122.5643,2013-05-02,Terra,MODIS,14.4,0,291.0,90,2013,5,2013-05-02,2,high,low
39.5089,-122.1645,2013-11-12,Aqua,MODIS,42.1,0,290.2,92,2013,11,2013-11-12,12,high,medium-low
39.5092,-122.1697,2013-03-17,Terra,MODIS,40.3,0,297.9,79,2013,3,2013-03-17,17,high,medium-low
39.5105,-122.1529,2013-11-12,Aqua,MODIS,9.1,0,287.8,54,2013,11,2013-11-12,12,medium,low
39.512,-122.1751,2013-03-17,Terra,MODIS,37.6,0,297.8,78,2013,3,2013-03-17,17,high,medium-low
39.5139,-122.1867,2013-04-23,Terra,MODIS,10.3,0,290.1,74,2013,4,2013-04-23,23,high,low
39.5149,-122.195,2013-03-17,Terra,MODIS,17.5,0,295.8,60,2013,3,2013-03-17,17,medium,low
39.5177,-122.5664,2013-05-02,Terra,MODIS,40.2,0,293.1,100,2013,5,2013-05-02,2,high,medium-low
39.5183,-121.1499,2013-12-18,Terra,MODIS,86.7,0,280.3,91,2013,12,2013-12-18,18,high,medium-high
39.5185,-121.9358,2013-11-05,Aqua,MODIS,41.1,0,290.4,92,2013,11,2013-11-05,5,high,medium-low
39.5201,-121.9292,2013-03-15,Aqua,MODIS,39.5,0,304.9,90,2013,3,2013-03-15,15,high,medium-low
39.5201,-121.1593,2013-12-18,Aqua,MODIS,32.2,0,275.1,82,2013,12,2013-12-18,18,high,medium-low
39.5202,-121.9242,2013-11-05,Aqua,MODIS,100.4,0,293.9,100,2013,11,2013-11-05,5,high,medium-high
39.5207,-121.1635,2013-12-18,Terra,MODIS,32.0,0,275.2,63,2013,12,2013-12-18,18,medium,medium-low
39.5217,-121.9145,2013-03-15,Aqua,MODIS,9.4,0,303.0,54,2013,3,2013-03-15,15,medium,low
39.5243,-118.6021,2013-05-01,Terra,MODIS,15.9,0,305.8,64,2013,5,2013-05-01,1,medium,low
39.5251,-121.8443,2013-03-08,Aqua,MODIS,6.5,0,292.8,64,2013,3,2013-03-08,8,medium,low
39.5267,-121.8315,2013-03-08,Aqua,MODIS,6.4,0,294.5,64,2013,3,2013-03-08,8,medium,low
39.5287,-122.0734,2013-04-12,Terra,MODIS,23.2,0,305.7,81,2013,4,2013-04-12,12,high,medium-low
39.5291,-121.9265,2013-11-05,Aqua,MODIS,6.6,0,291.0,66,2013,11,2013-11-05,5,medium,low
39.5293,-121.8042,2013-11-02,Aqua,MODIS,120.7,0,292.1,91,2013,11,2013-11-02,2,high,high
39.5301,-121.931,2013-03-15,Aqua,MODIS,25.4,0,305.1,83,2013,3,2013-03-15,15,high,medium-low
39.5304,-121.4491,2013-10-25,Aqua,MODIS,15.1,0,297.5,53,2013,10,2013-10-25,25,medium,low
39.5311,-121.9233,2013-03-15,Aqua,MODIS,26.0,0,304.6,85,2013,3,2013-03-15,15,high,medium-low
39.5315,-121.9145,2013-11-02,Aqua,MODIS,18.0,0,292.0,65,2013,11,2013-11-02,2,medium,low
39.5317,-121.8397,2013-11-08,Aqua,MODIS,19.0,0,295.2,68,2013,11,2013-11-08,8,medium,low
39.5328,-121.9104,2013-11-02,Aqua,MODIS,17.2,0,291.8,64,2013,11,2013-11-02,2,medium,low
39.5342,-122.095,2013-10-10,Aqua,MODIS,16.8,0,296.5,63,2013,10,2013-10-10,10,medium,low
39.5345,-121.7802,2013-11-02,Aqua,MODIS,50.2,0,287.7,80,2013,11,2013-11-02,2,high,medium-high
39.5358,-121.7752,2013-03-26,Aqua,MODIS,8.5,0,301.0,77,2013,3,2013-03-26,26,high,low
39.5365,-118.5532,2013-11-27,Terra,MODIS,10.0,0,274.6,51,2013,11,2013-11-27,27,medium,low
39.5369,-122.1087,2013-02-16,Aqua,MODIS,32.5,0,285.8,72,2013,2,2013-02-16,16,high,medium-low
39.5386,-121.8968,2013-03-16,Terra,MODIS,24.5,0,299.0,86,2013,3,2013-03-16,16,high,medium-low
39.5391,-121.9707,2013-06-18,Aqua,MODIS,52.7,0,304.5,84,2013,6,2013-06-18,18,high,medium-high
39.5402,-121.909,2013-03-16,Terra,MODIS,79.4,0,302.1,98,2013,3,2013-03-16,16,high,medium-high
39.5408,-122.0972,2013-03-12,Aqua,MODIS,17.9,0,301.1,83,2013,3,2013-03-12,12,high,low
39.5411,-122.0327,2013-11-09,Aqua,MODIS,39.3,0,294.3,81,2013,11,2013-11-09,9,high,medium-low
39.5412,-121.9534,2013-10-02,Aqua,MODIS,9.6,0,306.3,72,2013,10,2013-10-02,2,high,low
39.5414,-121.846,2013-03-16,Terra,MODIS,18.8,0,299.9,84,2013,3,2013-03-16,16,high,low
39.5416,-122.0642,2013-10-10,Aqua,MODIS,34.8,0,296.9,72,2013,10,2013-10-10,10,high,medium-low
39.5425,-122.0627,2013-10-02,Aqua,MODIS,15.5,0,301.9,81,2013,10,2013-10-02,2,high,low
39.5433,-122.1665,2013-08-05,Aqua,MODIS,63.8,0,307.0,84,2013,8,2013-08-05,5,high,medium-high
39.5434,-122.1295,2013-02-13,Aqua,MODIS,4.7,0,294.5,63,2013,2,2013-02-13,13,medium,low
39.5452,-122.0127,2013-11-09,Aqua,MODIS,10.0,0,296.2,60,2013,11,2013-11-09,9,medium,low
39.5454,-118.5508,2013-11-27,Terra,MODIS,10.2,0,273.9,51,2013,11,2013-11-27,27,medium,low
39.5502,-122.1077,2013-03-26,Aqua,MODIS,12.9,0,302.1,83,2013,3,2013-03-26,26,high,low
39.5506,-121.844,2013-03-16,Terra,MODIS,9.0,0,299.3,76,2013,3,2013-03-16,16,high,low
39.5512,-122.0416,2013-11-17,Aqua,MODIS,16.6,0,291.4,71,2013,11,2013-11-17,17,high,low
39.5529,-122.0239,2013-11-17,Aqua,MODIS,41.3,0,291.6,79,2013,11,2013-11-17,17,high,medium-low
39.5549,-122.1707,2013-08-05,Aqua,MODIS,50.3,0,308.8,77,2013,8,2013-08-05,5,high,medium-high
39.5581,-121.8299,2013-03-16,Terra,MODIS,8.9,0,298.5,69,2013,3,2013-03-16,16,medium,low
39.5581,-120.3348,2013-08-26,Aqua,MODIS,25.0,0,303.2,80,2013,8,2013-08-26,26,high,medium-low
39.5591,-122.11,2013-03-26,Aqua,MODIS,5.8,0,303.3,50,2013,3,2013-03-26,26,medium,low
39.5592,-118.4739,2013-02-13,Aqua,MODIS,10.8,0,293.3,68,2013,2,2013-02-13,13,medium,low
39.563,-122.0569,2013-02-25,Aqua,MODIS,11.4,0,297.9,61,2013,2,2013-02-25,25,medium,low
39.5651,-122.2575,2013-03-08,Aqua,MODIS,6.1,0,298.8,54,2013,3,2013-03-08,8,medium,low
39.5666,-122.2451,2013-03-08,Aqua,MODIS,17.4,0,299.2,82,2013,3,2013-03-08,8,high,low
39.5667,-122.0144,2013-03-08,Aqua,MODIS,23.6,0,295.6,73,2013,3,2013-03-08,8,high,medium-low
39.5722,-121.9567,2013-06-18,Terra,MODIS,16.8,0,302.0,82,2013,6,2013-06-18,18,high,low
39.5779,-121.1322,2013-10-16,Terra,MODIS,63.5,0,284.9,62,2013,10,2013-10-16,16,medium,medium-high
39.5785,-118.5516,2013-02-17,Aqua,MODIS,68.0,0,290.7,91,2013,2,2013-02-17,17,high,medium-high
39.5791,-121.1573,2013-11-11,Aqua,MODIS,37.2,0,289.0,69,2013,11,2013-11-11,11,medium,medium-low
39.5802,-122.0494,2013-03-12,Aqua,MODIS,8.0,0,300.7,74,2013,3,2013-03-12,12,high,low
39.5839,-121.9792,2013-07-11,Aqua,MODIS,29.8,0,310.5,68,2013,7,2013-07-11,11,medium,medium-low
39.5853,-121.1301,2013-11-11,Aqua,MODIS,37.0,0,287.2,59,2013,11,2013-11-11,11,medium,medium-low
39.5869,-121.1276,2013-11-11,Terra,MODIS,19.8,0,284.8,69,2013,11,2013-11-11,11,medium,low
39.588,-121.9436,2013-11-14,Aqua,MODIS,10.9,0,296.8,75,2013,11,2013-11-14,14,high,low
39.5885,-121.1394,2013-11-11,Terra,MODIS,122.0,0,290.3,100,2013,11,2013-11-11,11,high,high
39.59,-121.9313,2013-11-14,Aqua,MODIS,5.9,0,297.0,64,2013,11,2013-11-14,14,medium,low
39.5901,-121.9898,2013-09-04,Aqua,MODIS,19.6,0,312.9,66,2013,9,2013-09-04,4,medium,low
39.591,-122.1185,2013-10-31,Aqua,MODIS,7.9,0,298.2,68,2013,10,2013-10-31,31,medium,low
39.5912,-122.0504,2013-03-09,Terra,MODIS,8.5,0,293.8,69,2013,3,2013-03-09,9,medium,low
39.5928,-122.0645,2013-03-09,Terra,MODIS,15.9,0,293.8,77,2013,3,2013-03-09,9,high,low
39.5946,-121.963,2013-07-09,Aqua,MODIS,172.3,0,317.6,100,2013,7,2013-07-09,9,high,high
39.5953,-122.2499,2013-10-25,Aqua,MODIS,33.7,0,300.7,87,2013,10,2013-10-25,25,high,medium-low
39.5953,-122.1361,2013-02-15,Aqua,MODIS,107.5,0,300.8,100,2013,2,2013-02-15,15,high,medium-high
39.5954,-121.9977,2013-09-16,Aqua,MODIS,51.7,0,311.0,93,2013,9,2013-09-16,16,high,medium-high
39.5964,-122.0176,2013-10-24,Aqua,MODIS,23.5,0,300.6,73,2013,10,2013-10-24,24,high,medium-low
39.5966,-121.9506,2013-07-09,Aqua,MODIS,271.4,0,318.9,100,2013,7,2013-07-09,9,high,high
39.5974,-122.1236,2013-02-15,Aqua,MODIS,11.0,0,296.7,68,2013,2,2013-02-15,15,medium,low
39.5995,-122.111,2013-02-15,Aqua,MODIS,156.3,0,304.7,100,2013,2,2013-02-15,15,high,high
39.5997,-121.1245,2013-12-06,Terra,MODIS,57.1,0,272.7,64,2013,12,2013-12-06,6,medium,medium-high
39.6001,-122.1276,2013-12-05,Aqua,MODIS,82.7,0,289.0,97,2013,12,2013-12-05,5,high,medium-high
39.6015,-122.0985,2013-02-15,Aqua,MODIS,117.9,0,300.1,100,2013,2,2013-02-15,15,high,medium-high
39.6017,-122.115,2013-12-05,Aqua,MODIS,6.4,0,286.1,56,2013,12,2013-12-05,5,medium,low
39.6074,-121.7513,2013-10-22,Aqua,MODIS,10.2,0,302.7,65,2013,10,2013-10-22,22,medium,low
39.6078,-122.0384,2013-02-27,Aqua,MODIS,9.5,0,298.6,71,2013,2,2013-02-27,27,high,low
39.6102,-118.5398,2013-03-20,Aqua,MODIS,478.5,0,296.3,91,2013,3,2013-03-20,20,high,high
39.6106,-121.7564,2013-03-15,Aqua,MODIS,24.2,0,306.2,84,2013,3,2013-03-15,15,high,medium-low
39.614,-122.1185,2013-03-26,Aqua,MODIS,14.2,0,303.8,62,2013,3,2013-03-26,26,medium,low
39.6157,-118.5454,2013-03-20,Aqua,MODIS,453.1,0,296.8,91,2013,3,2013-03-20,20,high,high
39.6169,-122.0637,2013-02-15,Aqua,MODIS,8.7,0,300.0,73,2013,2,2013-02-15,15,high,low
39.6173,-122.2223,2013-11-16,Aqua,MODIS,7.8,0,291.5,59,2013,11,2013-11-16,16,medium,low
39.619,-122.0512,2013-02-15,Aqua,MODIS,11.2,0,298.8,76,2013,2,2013-02-15,15,high,low
39.6213,-118.4967,2013-03-20,Aqua,MODIS,121.7,0,292.6,59,2013,3,2013-03-20,20,medium,high
39.6238,-122.1558,2013-10-01,Aqua,MODIS,171.7,0,302.9,95,2013,10,2013-10-01,1,high,high
39.627,-118.5024,2013-03-20,Aqua,MODIS,186.4,0,290.9,76,2013,3,2013-03-20,20,high,high
39.6281,-122.0761,2013-03-01,Aqua,MODIS,17.1,0,299.9,83,2013,3,2013-03-01,1,high,low
39.6294,-122.1306,2013-10-01,Aqua,MODIS,30.0,0,299.3,75,2013,10,2013-10-01,1,high,medium-low
39.6297,-122.0645,2013-03-01,Aqua,MODIS,10.3,0,298.2,62,2013,3,2013-03-01,1,medium,low
39.6298,-122.2578,2013-02-15,Aqua,MODIS,7.9,0,298.4,72,2013,2,2013-02-15,15,high,low
39.6314,-121.8217,2013-11-23,Aqua,MODIS,5.8,0,290.6,51,2013,11,2013-11-23,23,medium,low
39.6318,-118.4977,2013-03-20,Aqua,MODIS,115.3,0,292.8,62,2013,3,2013-03-20,20,medium,medium-high
39.6346,-121.9445,2013-07-27,Aqua,MODIS,30.9,0,305.5,69,2013,7,2013-07-27,27,medium,medium-low
39.6366,-121.8226,2013-11-23,Terra,MODIS,7.7,0,288.6,52,2013,11,2013-11-23,23,medium,low
39.6368,-116.6163,2013-06-10,Aqua,MODIS,161.4,0,312.8,88,2013,6,2013-06-10,10,high,high
39.6376,-117.9337,2013-06-10,Aqua,MODIS,60.2,0,317.9,73,2013,6,2013-06-10,10,high,medium-high
39.6378,-121.9279,2013-07-27,Aqua,MODIS,30.9,0,305.1,66,2013,7,2013-07-27,27,medium,medium-low
39.6382,-122.2202,2013-02-27,Aqua,MODIS,16.7,0,295.8,78,2013,2,2013-02-27,27,high,low
39.6383,-116.6068,2013-06-10,Aqua,MODIS,307.7,0,314.4,97,2013,6,2013-06-10,10,high,high
39.6388,-121.7473,2013-04-18,Aqua,MODIS,15.0,0,304.7,80,2013,4,2013-04-18,18,high,low
39.6388,-116.5723,2013-06-10,Aqua,MODIS,96.4,0,314.2,81,2013,6,2013-06-10,10,high,medium-high
39.6396,-116.5753,2013-06-10,Terra,MODIS,49.3,0,317.7,85,2013,6,2013-06-10,10,high,medium-high
39.6412,-116.5923,2013-06-10,Terra,MODIS,1015.3,0,327.5,100,2013,6,2013-06-10,10,high,high
39.6415,-116.612,2013-06-11,Terra,MODIS,73.0,0,285.4,100,2013,6,2013-06-11,11,high,medium-high
39.6428,-116.6092,2013-06-10,Terra,MODIS,226.0,0,314.1,100,2013,6,2013-06-10,10,high,high
39.6434,-116.6052,2013-06-10,Aqua,MODIS,1304.4,0,314.8,100,2013,6,2013-06-10,10,high,high
39.6438,-116.6078,2013-06-10,Aqua,MODIS,1217.2,0,314.7,100,2013,6,2013-06-10,10,high,high
39.6449,-116.5952,2013-06-11,Terra,MODIS,94.3,0,287.8,100,2013,6,2013-06-11,11,high,medium-high
39.6466,-122.738,2013-11-07,Terra,MODIS,101.8,0,291.9,98,2013,11,2013-11-07,7,high,medium-high
39.6489,-122.751,2013-11-07,Terra,MODIS,50.8,0,288.4,90,2013,11,2013-11-07,7,high,medium-high
39.649,-116.5815,2013-06-10,Terra,MODIS,24.7,0,290.3,58,2013,6,2013-06-10,10,medium,medium-low
39.6508,-116.5736,2013-06-10,Terra,MODIS,205.4,0,321.8,100,2013,6,2013-06-10,10,high,high
39.652,-116.6175,2013-06-10,Aqua,MODIS,136.6,0,311.7,86,2013,6,2013-06-10,10,high,high
39.6524,-116.5906,2013-06-10,Terra,MODIS,857.2,0,330.7,100,2013,6,2013-06-10,10,high,high
39.6535,-116.6093,2013-06-10,Aqua,MODIS,166.5,0,311.3,88,2013,6,2013-06-10,10,high,high
39.6541,-116.5736,2013-06-10,Aqua,MODIS,95.5,0,313.4,79,2013,6,2013-06-10,10,high,medium-high
39.6552,-116.5618,2013-06-10,Aqua,MODIS,163.3,0,314.5,82,2013,6,2013-06-10,10,high,high
39.6558,-116.5657,2013-06-10,Aqua,MODIS,49.2,0,313.3,60,2013,6,2013-06-10,10,medium,medium-high
39.6558,-116.5646,2013-06-10,Aqua,MODIS,227.6,0,314.3,86,2013,6,2013-06-10,10,high,high
39.6641,-121.197,2013-12-09,Aqua,MODIS,14.3,0,274.6,63,2013,12,2013-12-09,9,medium,low
39.6857,-121.8941,2013-06-19,Aqua,MODIS,43.7,0,308.5,84,2013,6,2013-06-19,19,high,medium-low
39.7,-122.2379,2013-10-04,Aqua,MODIS,15.8,0,303.7,81,2013,10,2013-10-04,4,high,low
39.7098,-122.1189,2013-12-13,Terra,MODIS,7.8,0,285.3,58,2013,12,2013-12-13,13,medium,low
39.7252,-120.5335,2013-11-14,Aqua,MODIS,48.7,0,292.9,93,2013,11,2013-11-14,14,high,medium-high
39.7256,-120.5278,2013-11-05,Terra,MODIS,43.0,0,282.9,71,2013,11,2013-11-05,5,high,medium-low
39.7277,-120.5336,2013-11-05,Aqua,MODIS,154.2,0,293.8,100,2013,11,2013-11-05,5,high,high
39.7293,-120.5221,2013-11-05,Aqua,MODIS,26.1,0,282.7,84,2013,11,2013-11-05,5,high,medium-low
39.7299,-121.9982,2013-12-20,Terra,MODIS,9.2,0,285.7,63,2013,12,2013-12-20,20,medium,low
39.7305,-120.5358,2013-03-04,Aqua,MODIS,42.4,0,284.7,63,2013,3,2013-03-04,4,medium,medium-low
39.7307,-120.5384,2013-11-07,Aqua,MODIS,103.4,0,296.7,100,2013,11,2013-11-07,7,high,medium-high
39.7325,-120.5542,2013-11-08,Aqua,MODIS,19.8,0,289.4,55,2013,11,2013-11-08,8,medium,low
39.7328,-120.5257,2013-11-07,Aqua,MODIS,25.7,0,290.7,83,2013,11,2013-11-07,7,high,medium-low
39.7455,-120.6972,2013-10-24,Aqua,MODIS,29.3,0,291.9,72,2013,10,2013-10-24,24,high,medium-low
39.747,-120.7028,2013-10-24,Aqua,MODIS,20.2,0,292.0,64,2013,10,2013-10-24,24,medium,low
39.7479,-121.1588,2013-12-05,Aqua,MODIS,81.3,0,274.8,95,2013,12,2013-12-05,5,high,medium-high
39.7495,-121.1452,2013-12-05,Aqua,MODIS,116.0,0,275.4,99,2013,12,2013-12-05,5,high,medium-high
39.7497,-122.1255,2013-02-12,Terra,MODIS,7.6,0,285.6,60,2013,2,2013-02-12,12,medium,low
39.751,-121.1314,2013-12-05,Aqua,MODIS,13.8,0,271.9,59,2013,12,2013-12-05,5,medium,low
39.7577,-121.16,2013-12-05,Aqua,MODIS,35.3,0,272.1,84,2013,12,2013-12-05,5,high,medium-low
39.7591,-121.1473,2013-12-05,Aqua,MODIS,71.8,0,271.2,94,2013,12,2013-12-05,5,high,medium-high
39.7626,-121.507,2013-12-09,Terra,MODIS,22.5,0,274.2,58,2013,12,2013-12-09,9,medium,medium-low
39.7627,-121.5078,2013-12-09,Aqua,MODIS,19.0,0,275.9,63,2013,12,2013-12-09,9,medium,low
39.7635,-122.6919,2013-06-13,Terra,MODIS,20.7,0,297.3,73,2013,6,2013-06-13,13,high,low
39.7662,-122.6978,2013-06-13,Terra,MODIS,31.0,0,297.4,81,2013,6,2013-06-13,13,high,medium-low
39.7696,-122.7059,2013-06-13,Terra,MODIS,59.7,0,283.3,89,2013,6,2013-06-13,13,high,medium-high
39.7705,-121.963,2013-10-30,Terra,MODIS,13.2,0,289.7,51,2013,10,2013-10-30,30,medium,low
39.7726,-121.9689,2013-10-30,Terra,MODIS,15.2,0,289.1,51,2013,10,2013-10-30,30,medium,low
39.7748,-122.7118,2013-06-13,Terra,MODIS,48.7,0,282.6,79,2013,6,2013-06-13,13,high,medium-high
39.8096,-121.5481,2013-02-26,Terra,MODIS,23.1,0,285.5,82,2013,2,2013-02-26,26,high,medium-low
39.8456,-121.968,2013-11-30,Terra,MODIS,9.0,0,290.7,58,2013,11,2013-11-30,30,medium,low
39.8506,-121.9818,2013-10-17,Terra,MODIS,10.2,0,299.6,74,2013,10,2013-10-17,17,high,low
39.8618,-119.4088,2013-05-31,Terra,MODIS,27.0,0,313.7,61,2013,5,2013-05-31,31,medium,medium-low
39.8619,-120.4959,2013-12-05,Aqua,MODIS,15.5,0,268.7,53,2013,12,2013-12-05,5,medium,low
39.8634,-121.0268,2013-11-14,Aqua,MODIS,17.6,0,285.4,78,2013,11,2013-11-14,14,high,low
39.8763,-121.5257,2013-02-04,Aqua,MODIS,54.8,0,287.0,92,2013,2,2013-02-04,4,high,medium-high
39.8778,-121.5123,2013-02-04,Aqua,MODIS,50.0,0,284.1,90,2013,2,2013-02-04,4,high,medium-high
39.8791,-122.2015,2013-09-06,Terra,MODIS,5.9,0,310.7,51,2013,9,2013-09-06,6,medium,low
39.887,-121.5153,2013-02-04,Terra,MODIS,36.2,0,283.8,56,2013,2,2013-02-04,4,medium,medium-low
39.8878,-121.51,2013-02-04,Terra,MODIS,34.9,0,283.4,52,2013,2,2013-02-04,4,medium,medium-low
39.8949,-122.2765,2013-04-25,Aqua,MODIS,16.4,0,311.3,71,2013,4,2013-04-25,25,high,low
39.9056,-120.3762,2013-04-22,Aqua,MODIS,27.4,0,299.8,79,2013,4,2013-04-22,22,high,medium-low
39.9074,-122.2561,2013-03-10,Terra,MODIS,25.6,0,293.0,74,2013,3,2013-03-10,10,high,medium-low
39.9087,-120.3915,2013-04-25,Aqua,MODIS,46.9,0,304.0,87,2013,4,2013-04-25,25,high,medium-high
39.9104,-120.3766,2013-04-25,Aqua,MODIS,41.5,0,300.9,85,2013,4,2013-04-25,25,high,medium-low
39.9122,-122.261,2013-03-10,Terra,MODIS,16.3,0,292.5,68,2013,3,2013-03-10,10,medium,low
39.9123,-119.9406,2013-07-02,Aqua,MODIS,17.3,0,275.2,87,2013,7,2013-07-02,2,high,low
39.9166,-120.0233,2013-07-01,Aqua,MODIS,2082.7,0,321.4,100,2013,7,2013-07-01,1,high,high
39.9185,-119.9804,2013-07-01,Aqua,MODIS,268.7,0,313.3,93,2013,7,2013-07-01,1,high,high
39.9214,-119.9387,2013-07-02,Aqua,MODIS,13.9,0,279.4,88,2013,7,2013-07-02,2,high,low
39.9217,-120.0296,2013-07-01,Aqua,MODIS,1802.5,0,318.6,100,2013,7,2013-07-01,1,high,high
39.9234,-119.9859,2013-07-01,Aqua,MODIS,457.8,0,312.3,99,2013,7,2013-07-01,1,high,high
39.9299,-122.1129,2013-06-20,Terra,MODIS,17.6,0,313.2,61,2013,6,2013-06-20,20,medium,low
39.9327,-121.66,2013-02-01,Terra,MODIS,15.5,0,285.1,72,2013,2,2013-02-01,1,high,low
39.9346,-120.571,2013-10-24,Aqua,MODIS,16.7,0,294.7,57,2013,10,2013-10-24,24,medium,low
39.935,-120.576,2013-10-24,Terra,MODIS,16.0,0,294.9,73,2013,10,2013-10-24,24,high,low
39.9453,-122.8342,2013-12-19,Terra,MODIS,23.2,0,275.1,97,2013,12,2013-12-19,19,high,medium-low
39.9498,-120.6838,2013-12-04,Aqua,MODIS,48.6,0,267.3,72,2013,12,2013-12-04,4,high,medium-high
39.954,-120.6636,2013-12-04,Aqua,MODIS,40.1,0,267.1,63,2013,12,2013-12-04,4,medium,medium-low
39.9575,-121.0072,2013-11-07,Aqua,MODIS,10.6,0,289.1,68,2013,11,2013-11-07,7,medium,low
39.9588,-121.659,2013-02-18,Aqua,MODIS,52.9,0,279.6,84,2013,2,2013-02-18,18,high,medium-high
39.9628,-122.6033,2013-02-15,Aqua,MODIS,6.5,0,295.8,67,2013,2,2013-02-15,15,medium,low
39.9721,-122.6061,2013-02-15,Aqua,MODIS,34.9,0,296.2,88,2013,2,2013-02-15,15,high,medium-low
39.9726,-122.5853,2013-02-15,Terra,MODIS,7.4,0,294.0,60,2013,2,2013-02-15,15,medium,low
39.9757,-122.6017,2013-02-15,Terra,MODIS,8.3,0,292.5,61,2013,2,2013-02-15,15,medium,low
39.9973,-120.8855,2013-11-07,Aqua,MODIS,27.6,0,293.3,84,2013,11,2013-11-07,7,high,medium-low
39.9995,-120.8724,2013-11-07,Aqua,MODIS,15.2,0,287.8,58,2013,11,2013-11-07,7,medium,low
40.001,-120.9038,2013-03-25,Aqua,MODIS,59.6,0,286.1,72,2013,3,2013-03-25,25,high,medium-high
40.0012,-120.9042,2013-03-29,Aqua,MODIS,37.1,0,286.0,67,2013,3,2013-03-29,29,medium,medium-low
40.0029,-120.8813,2013-03-29,Aqua,MODIS,78.2,0,287.3,82,2013,3,2013-03-29,29,high,medium-high
40.003,-120.9096,2013-03-25,Aqua,MODIS,50.3,0,286.0,67,2013,3,2013-03-25,25,medium,medium-high
40.0065,-120.8818,2013-04-19,Terra,MODIS,40.0,0,297.5,85,2013,4,2013-04-19,19,high,medium-low
40.0066,-120.8874,2013-11-07,Aqua,MODIS,24.5,0,294.2,82,2013,11,2013-11-07,7,high,medium-low
40.0079,-114.5038,2013-07-02,Aqua,MODIS,496.5,0,329.2,100,2013,7,2013-07-02,2,high,high
40.0082,-120.8975,2013-04-19,Terra,MODIS,12.8,0,294.7,55,2013,4,2013-04-19,19,medium,low
40.0091,-120.8955,2013-04-12,Aqua,MODIS,89.9,0,276.5,70,2013,4,2013-04-12,12,medium,medium-high
40.0094,-114.4899,2013-07-02,Aqua,MODIS,189.8,0,325.8,100,2013,7,2013-07-02,2,high,high
40.0188,-120.8706,2013-04-12,Terra,MODIS,24.3,0,287.7,64,2013,4,2013-04-12,12,medium,medium-low
40.0215,-114.4543,2013-07-01,Aqua,MODIS,122.6,0,312.6,95,2013,7,2013-07-01,1,high,high
40.0222,-121.612,2013-05-01,Terra,MODIS,50.8,0,301.4,93,2013,5,2013-05-01,1,high,medium-high
40.024,-121.6236,2013-05-01,Terra,MODIS,12.6,0,296.2,71,2013,5,2013-05-01,1,high,low
40.0413,-121.9046,2013-08-24,Aqua,MODIS,12.2,0,309.5,77,2013,8,2013-08-24,24,high,low
40.0424,-121.6485,2013-10-11,Terra,MODIS,22.4,0,289.1,57,2013,10,2013-10-11,11,medium,medium-low
40.0426,-121.8887,2013-08-24,Terra,MODIS,15.8,0,293.9,97,2013,8,2013-08-24,24,high,low
40.0429,-121.8928,2013-08-24,Aqua,MODIS,16.2,0,309.6,58,2013,8,2013-08-24,24,medium,low
40.0445,-121.8764,2013-08-24,Terra,MODIS,14.6,0,294.3,65,2013,8,2013-08-24,24,medium,low
40.0462,-121.6528,2013-10-11,Terra,MODIS,84.0,0,289.8,84,2013,10,2013-10-11,11,high,medium-high
40.0464,-121.8893,2013-08-24,Aqua,MODIS,18.2,0,292.5,100,2013,8,2013-08-24,24,high,low
40.0465,-121.68,2013-10-11,Aqua,MODIS,51.2,0,295.1,93,2013,10,2013-10-11,11,high,medium-high
40.0481,-121.6684,2013-10-11,Aqua,MODIS,136.0,0,297.9,100,2013,10,2013-10-11,11,high,high
40.0486,-121.6753,2013-10-11,Terra,MODIS,18.8,0,288.8,53,2013,10,2013-10-11,11,medium,low
40.0497,-121.6564,2013-10-11,Aqua,MODIS,12.8,0,287.1,71,2013,10,2013-10-11,11,high,low
40.0508,-121.8342,2013-08-24,Aqua,MODIS,33.2,0,310.3,91,2013,8,2013-08-24,24,high,medium-low
40.0517,-121.891,2013-08-24,Terra,MODIS,142.3,0,298.4,100,2013,8,2013-08-24,24,high,high
40.0518,-121.895,2013-08-24,Aqua,MODIS,33.6,0,306.7,91,2013,8,2013-08-24,24,high,medium-low
40.052,-121.6787,2013-10-11,Terra,MODIS,55.2,0,289.1,78,2013,10,2013-10-11,11,high,medium-high
40.0531,-114.9165,2013-08-08,Aqua,MODIS,59.7,0,312.0,55,2013,8,2013-08-08,8,medium,medium-high
40.0537,-121.8786,2013-08-24,Terra,MODIS,78.9,0,296.7,100,2013,8,2013-08-24,24,high,medium-high
40.0551,-121.6432,2013-10-11,Terra,MODIS,93.6,0,288.7,85,2013,10,2013-10-11,11,high,medium-high
40.0553,-121.8871,2013-08-24,Aqua,MODIS,15.6,0,292.9,96,2013,8,2013-08-24,24,high,low
40.0571,-121.6703,2013-10-11,Aqua,MODIS,8.9,0,289.2,64,2013,10,2013-10-11,11,medium,low
40.0582,-121.8479,2013-08-24,Aqua,MODIS,24.4,0,305.8,81,2013,8,2013-08-24,24,high,medium-low
40.0585,-121.8905,2013-08-24,Terra,MODIS,87.3,0,306.5,88,2013,8,2013-08-24,24,high,medium-high
40.0598,-121.8362,2013-08-24,Aqua,MODIS,395.8,0,320.4,100,2013,8,2013-08-24,24,high,high
40.0598,-121.8359,2013-08-24,Terra,MODIS,67.8,0,307.2,74,2013,8,2013-08-24,24,high,medium-high
40.0607,-121.8939,2013-08-24,Terra,MODIS,46.1,0,295.4,100,2013,8,2013-08-24,24,high,medium-low
40.0611,-121.8945,2013-08-24,Terra,MODIS,63.4,0,306.2,73,2013,8,2013-08-24,24,high,medium-high
40.0612,-121.6698,2013-10-11,Terra,MODIS,87.9,0,288.9,85,2013,10,2013-10-11,11,high,medium-high
40.0613,-121.8244,2013-08-24,Aqua,MODIS,237.2,0,314.9,100,2013,8,2013-08-24,24,high,high
40.0627,-121.8814,2013-08-24,Terra,MODIS,100.5,0,299.7,100,2013,8,2013-08-24,24,high,medium-high
40.064,-114.9277,2013-08-08,Terra,MODIS,109.4,0,307.4,86,2013,8,2013-08-08,8,high,medium-high
40.0642,-121.8846,2013-08-24,Aqua,MODIS,18.8,0,293.3,100,2013,8,2013-08-24,24,high,low
40.0647,-121.869,2013-08-24,Terra,MODIS,45.8,0,296.2,100,2013,8,2013-08-24,24,high,medium-low
40.0658,-114.9176,2013-08-08,Aqua,MODIS,522.9,0,317.7,100,2013,8,2013-08-08,8,high,high
40.0665,-121.8567,2013-08-24,Aqua,MODIS,81.3,0,303.8,100,2013,8,2013-08-24,24,high,medium-high
40.0674,-114.8973,2013-08-08,Aqua,MODIS,573.3,0,306.3,100,2013,8,2013-08-08,8,high,high
40.0681,-121.8449,2013-08-24,Aqua,MODIS,27.9,0,305.6,83,2013,8,2013-08-24,24,high,medium-low
40.0738,-121.8717,2013-08-24,Terra,MODIS,35.7,0,293.0,100,2013,8,2013-08-24,24,high,medium-low
40.0739,-121.8704,2013-08-24,Aqua,MODIS,20.9,0,301.0,57,2013,8,2013-08-24,24,medium,medium-low
40.0755,-121.8586,2013-08-24,Aqua,MODIS,218.2,0,305.2,100,2013,8,2013-08-24,24,high,high
40.0771,-121.8469,2013-08-24,Aqua,MODIS,41.3,0,301.3,92,2013,8,2013-08-24,24,high,medium-low
40.0779,-120.8805,2013-08-19,Terra,MODIS,40.2,0,292.2,100,2013,8,2013-08-19,19,high,medium-low
40.0787,-121.8797,2013-08-25,Terra,MODIS,27.0,0,308.1,84,2013,8,2013-08-25,25,high,medium-low
40.0804,-121.8661,2013-08-25,Terra,MODIS,45.1,0,283.6,91,2013,8,2013-08-25,25,high,medium-low
40.0813,-120.8633,2013-08-19,Terra,MODIS,16.0,0,290.2,73,2013,8,2013-08-19,19,high,low
40.0819,-114.884,2013-08-09,Aqua,MODIS,17.0,0,284.1,62,2013,8,2013-08-09,9,medium,low
40.0828,-120.8635,2013-08-19,Aqua,MODIS,10.0,0,288.5,56,2013,8,2013-08-19,19,medium,low
40.0875,-121.6485,2013-11-05,Aqua,MODIS,28.6,0,284.5,86,2013,11,2013-11-05,5,high,medium-low
40.089,-121.6347,2013-11-05,Terra,MODIS,18.5,0,276.5,55,2013,11,2013-11-05,5,medium,low
40.0986,-121.8181,2013-08-25,Terra,MODIS,20.8,0,306.1,73,2013,8,2013-08-25,25,high,medium-low
40.1018,-122.1932,2013-05-17,Terra,MODIS,6.6,0,301.4,58,2013,5,2013-05-17,17,medium,low
40.1052,-121.8224,2013-08-25,Terra,MODIS,24.8,0,308.7,80,2013,8,2013-08-25,25,high,medium-low
40.1091,-121.8154,2013-08-25,Terra,MODIS,28.2,0,307.7,80,2013,8,2013-08-25,25,high,medium-low
40.1439,-121.66,2013-05-02,Terra,MODIS,396.2,0,298.6,93,2013,5,2013-05-02,2,high,high
40.1461,-121.6915,2013-05-02,Aqua,MODIS,268.8,0,315.3,100,2013,5,2013-05-02,2,high,high
40.1477,-121.6763,2013-05-02,Aqua,MODIS,325.4,0,312.7,100,2013,5,2013-05-02,2,high,high
40.1477,-121.6524,2013-05-02,Terra,MODIS,396.3,0,298.4,93,2013,5,2013-05-02,2,high,high
40.1479,-121.6803,2013-05-02,Terra,MODIS,153.9,0,299.3,85,2013,5,2013-05-02,2,high,high
40.148,-118.4815,2013-03-09,Terra,MODIS,2.6,0,291.7,52,2013,3,2013-03-09,9,medium,low
40.1488,-121.6555,2013-05-04,Aqua,MODIS,29.1,0,290.3,100,2013,5,2013-05-04,4,high,medium-low
40.1494,-121.6599,2013-05-02,Aqua,MODIS,46.0,0,301.8,87,2013,5,2013-05-02,2,high,medium-low
40.1507,-121.6678,2013-05-04,Aqua,MODIS,114.9,0,290.9,100,2013,5,2013-05-04,4,high,medium-high
40.151,-121.6441,2013-05-02,Aqua,MODIS,22.2,0,300.2,52,2013,5,2013-05-02,2,medium,medium-low
40.1524,-121.5824,2013-02-06,Aqua,MODIS,26.9,0,281.1,84,2013,2,2013-02-06,6,high,medium-low
40.153,-121.6946,2013-05-02,Terra,MODIS,10.3,0,285.8,64,2013,5,2013-05-02,2,medium,low
40.1546,-121.6828,2013-05-02,Terra,MODIS,60.0,0,289.6,100,2013,5,2013-05-02,2,high,medium-high
40.1548,-121.6736,2013-05-02,Aqua,MODIS,35.0,0,284.5,86,2013,5,2013-05-02,2,high,medium-low
40.1561,-121.6709,2013-05-02,Terra,MODIS,108.4,0,293.6,100,2013,5,2013-05-02,2,high,medium-high
40.1563,-121.694,2013-05-02,Aqua,MODIS,35.2,0,304.0,83,2013,5,2013-05-02,2,high,medium-low
40.1568,-120.3457,2013-07-07,Aqua,MODIS,27.0,0,321.6,76,2013,7,2013-07-07,7,high,medium-low
40.1576,-121.6886,2013-05-02,Aqua,MODIS,51.0,0,286.2,100,2013,5,2013-05-02,2,high,medium-high
40.1578,-121.6587,2013-05-02,Terra,MODIS,101.2,0,294.8,100,2013,5,2013-05-02,2,high,medium-high
40.1584,-120.3326,2013-07-07,Aqua,MODIS,20.8,0,325.0,64,2013,7,2013-07-07,7,medium,medium-low
40.1594,-121.6464,2013-05-02,Terra,MODIS,17.5,0,289.0,82,2013,5,2013-05-02,2,high,low
40.1602,-121.7026,2013-05-02,Aqua,MODIS,12.4,0,285.2,62,2013,5,2013-05-02,2,medium,low
40.1605,-121.7082,2013-05-02,Terra,MODIS,14.9,0,287.4,78,2013,5,2013-05-02,2,high,low
40.1614,-121.6451,2013-05-02,Aqua,MODIS,25.0,0,302.2,61,2013,5,2013-05-02,2,medium,medium-low
40.162,-121.6967,2013-05-02,Terra,MODIS,153.6,0,295.0,100,2013,5,2013-05-02,2,high,high
40.1636,-121.6849,2013-05-02,Terra,MODIS,109.5,0,292.2,100,2013,5,2013-05-02,2,high,medium-high
40.1647,-120.3605,2013-07-07,Aqua,MODIS,125.0,0,329.9,100,2013,7,2013-07-07,7,high,high
40.1651,-121.6729,2013-05-02,Terra,MODIS,42.6,0,290.0,90,2013,5,2013-05-02,2,high,medium-low
40.1662,-120.3474,2013-07-07,Aqua,MODIS,847.1,0,400.1,100,2013,7,2013-07-07,7,high,high
40.1668,-121.6607,2013-05-02,Terra,MODIS,35.9,0,289.0,89,2013,5,2013-05-02,2,high,medium-low
40.1674,-121.6848,2013-05-02,Aqua,MODIS,33.2,0,286.3,80,2013,5,2013-05-02,2,high,medium-low
40.1678,-120.3343,2013-07-07,Aqua,MODIS,417.1,0,326.3,100,2013,7,2013-07-07,7,high,high
40.1688,-120.8946,2013-08-19,Terra,MODIS,9.3,0,292.6,52,2013,8,2013-08-19,19,medium,low
40.1699,-121.6986,2013-05-02,Aqua,MODIS,17.0,0,285.2,80,2013,5,2013-05-02,2,high,low
40.1723,-121.6863,2013-05-04,Aqua,MODIS,8.8,0,288.8,69,2013,5,2013-05-04,4,medium,low
40.1726,-121.6865,2013-05-02,Terra,MODIS,8.7,0,285.8,52,2013,5,2013-05-02,2,medium,low
40.1739,-121.6241,2013-05-01,Aqua,MODIS,260.3,0,303.6,100,2013,5,2013-05-01,1,high,high
40.1756,-120.3492,2013-07-07,Aqua,MODIS,41.9,0,326.4,91,2013,7,2013-07-07,7,high,medium-low
40.1767,-120.8754,2013-08-19,Aqua,MODIS,6.7,0,290.2,52,2013,8,2013-08-19,19,medium,low
40.177,-121.5951,2013-05-01,Terra,MODIS,52.6,0,300.3,94,2013,5,2013-05-01,1,high,medium-high
40.178,-121.6039,2013-05-01,Aqua,MODIS,378.3,0,307.0,100,2013,5,2013-05-01,1,high,high
40.1789,-121.6069,2013-05-01,Terra,MODIS,196.5,0,304.3,100,2013,5,2013-05-01,1,high,high
40.1832,-121.6071,2013-05-04,Aqua,MODIS,16.7,0,307.2,58,2013,5,2013-05-04,4,medium,low
40.1839,-122.7786,2013-03-01,Aqua,MODIS,13.8,0,297.1,78,2013,3,2013-03-01,1,high,low
40.1849,-121.6196,2013-05-02,Aqua,MODIS,82.1,0,302.2,94,2013,5,2013-05-02,2,high,medium-high
40.1853,-121.6257,2013-05-01,Aqua,MODIS,250.6,0,299.5,100,2013,5,2013-05-01,1,high,high
40.1859,-122.8061,2013-02-17,Aqua,MODIS,17.8,0,289.8,66,2013,2,2013-02-17,17,medium,low
40.186,-121.5929,2013-05-01,Terra,MODIS,85.8,0,302.5,100,2013,5,2013-05-01,1,high,medium-high
40.1862,-121.6054,2013-04-23,Aqua,MODIS,46.8,0,299.4,80,2013,4,2013-04-23,23,high,medium-high
40.1865,-121.6045,2013-05-02,Aqua,MODIS,47.3,0,297.4,83,2013,5,2013-05-02,2,high,medium-high
40.1867,-122.8124,2013-03-01,Terra,MODIS,43.2,0,278.4,73,2013,3,2013-03-01,1,high,medium-low
40.1878,-122.8156,2013-03-01,Aqua,MODIS,10.1,0,294.5,73,2013,3,2013-03-01,1,high,low
40.1879,-121.6414,2013-05-02,Terra,MODIS,27.3,0,287.0,80,2013,5,2013-05-02,2,high,medium-low
40.1879,-121.6048,2013-05-01,Terra,MODIS,321.4,0,313.7,100,2013,5,2013-05-01,1,high,high
40.1881,-121.6002,2013-04-23,Aqua,MODIS,60.3,0,299.4,85,2013,4,2013-04-23,23,high,medium-high
40.189,-122.8045,2013-03-01,Terra,MODIS,61.7,0,278.6,82,2013,3,2013-03-01,1,high,medium-high
40.1892,-121.6063,2013-05-01,Aqua,MODIS,210.8,0,297.2,100,2013,5,2013-05-01,1,high,high
40.1894,-121.6296,2013-05-02,Terra,MODIS,38.4,0,287.0,68,2013,5,2013-05-02,2,medium,medium-low
40.1895,-122.804,2013-03-01,Aqua,MODIS,31.2,0,297.1,89,2013,3,2013-03-01,1,high,medium-low
40.1897,-121.6166,2013-05-01,Terra,MODIS,16.3,0,295.8,75,2013,5,2013-05-01,1,high,low
40.1909,-122.8377,2013-02-16,Aqua,MODIS,21.4,0,279.5,51,2013,2,2013-02-16,16,medium,medium-low
40.1922,-121.6094,2013-05-04,Aqua,MODIS,21.5,0,303.3,64,2013,5,2013-05-04,4,medium,medium-low
40.1925,-121.6016,2013-05-02,Terra,MODIS,176.1,0,295.2,79,2013,5,2013-05-02,2,high,high
40.193000000000005,-122.8111,2013-02-16,Aqua,MODIS,21.3,0,280.9,58,2013,2,2013-02-16,16,medium,medium-low
40.1931,-121.616,2013-05-02,Terra,MODIS,73.4,0,296.8,64,2013,5,2013-05-02,2,medium,medium-high
40.1939,-121.5794,2013-02-05,Terra,MODIS,21.5,0,269.5,74,2013,2,2013-02-05,5,high,medium-low
40.1943,-121.6013,2013-05-03,Terra,MODIS,17.7,0,304.4,66,2013,5,2013-05-03,3,medium,low
40.1948,-121.6114,2013-05-04,Terra,MODIS,12.7,0,288.6,82,2013,5,2013-05-04,4,high,low
40.195,-121.6232,2013-05-02,Aqua,MODIS,96.2,0,300.6,96,2013,5,2013-05-02,2,high,medium-high
40.1965,-121.5916,2013-05-02,Terra,MODIS,108.2,0,293.7,61,2013,5,2013-05-02,2,medium,medium-high
40.1966,-121.6077,2013-05-02,Aqua,MODIS,136.5,0,296.6,100,2013,5,2013-05-02,2,high,high
40.197,-122.8089,2013-02-17,Aqua,MODIS,73.5,0,289.2,90,2013,2,2013-02-17,17,high,medium-high
40.197,-121.6068,2013-05-04,Aqua,MODIS,9.2,0,285.5,64,2013,5,2013-05-04,4,medium,low
40.2034,-122.8406,2013-02-16,Aqua,MODIS,122.6,0,279.2,91,2013,2,2013-02-16,16,high,high
40.2034,-122.8253,2013-02-14,Aqua,MODIS,110.3,0,291.5,82,2013,2,2013-02-14,14,high,medium-high
40.2055,-122.8131,2013-02-16,Aqua,MODIS,110.3,0,280.1,90,2013,2,2013-02-16,16,high,medium-high
40.2117,-123.7503,2013-07-14,Aqua,MODIS,20.3,0,308.5,74,2013,7,2013-07-14,14,high,low
40.2429,-122.9737,2013-11-11,Terra,MODIS,72.9,0,286.6,94,2013,11,2013-11-11,11,high,medium-high
40.2445,-122.9874,2013-11-11,Terra,MODIS,53.0,0,287.0,90,2013,11,2013-11-11,11,high,medium-high
40.2578,-123.0101,2013-11-12,Aqua,MODIS,10.9,0,272.2,67,2013,11,2013-11-12,12,medium,low
40.2595,-122.9985,2013-11-12,Aqua,MODIS,8.0,0,270.5,57,2013,11,2013-11-12,12,medium,low
40.3275,-122.6948,2013-03-08,Aqua,MODIS,4.8,0,294.4,66,2013,3,2013-03-08,8,medium,low
40.3327,-122.6885,2013-03-09,Terra,MODIS,4.7,0,294.2,58,2013,3,2013-03-09,9,medium,low
40.3425,-116.9675,2013-07-01,Terra,MODIS,38.5,0,293.1,56,2013,7,2013-07-01,1,medium,medium-low
40.346,-116.9512,2013-07-01,Terra,MODIS,58.3,0,324.9,96,2013,7,2013-07-01,1,high,medium-high
40.3471,-116.9237,2013-07-02,Terra,MODIS,23.4,0,279.0,100,2013,7,2013-07-02,2,high,medium-low
40.3516,-116.9215,2013-07-02,Aqua,MODIS,28.5,0,292.4,100,2013,7,2013-07-02,2,high,medium-low
40.3523,-116.9626,2013-07-01,Terra,MODIS,49.6,0,293.1,67,2013,7,2013-07-01,1,medium,medium-high
40.3552,-116.9446,2013-07-02,Aqua,MODIS,7.5,0,291.1,68,2013,7,2013-07-02,2,medium,low
40.3562,-116.9256,2013-07-02,Terra,MODIS,45.0,0,272.7,100,2013,7,2013-07-02,2,high,medium-low
40.3581,-116.9133,2013-07-02,Terra,MODIS,28.9,0,273.0,100,2013,7,2013-07-02,2,high,medium-low
40.3605,-116.9194,2013-07-02,Aqua,MODIS,25.9,0,290.4,100,2013,7,2013-07-02,2,high,medium-low
40.368,-121.4088,2013-10-24,Terra,MODIS,6.7,0,290.9,52,2013,10,2013-10-24,24,medium,low
40.3692,-122.7345,2013-07-09,Terra,MODIS,16.7,0,320.1,53,2013,7,2013-07-09,9,medium,low
40.3736,-122.544,2013-03-16,Terra,MODIS,3.9,0,296.4,64,2013,3,2013-03-16,16,medium,low
40.3752,-122.5571,2013-03-16,Terra,MODIS,8.9,0,297.5,73,2013,3,2013-03-16,16,high,low
40.4066,-122.1659,2013-03-09,Terra,MODIS,10.9,0,293.9,68,2013,3,2013-03-09,9,medium,low
40.4068,-122.1642,2013-02-24,Terra,MODIS,9.8,0,287.5,64,2013,2,2013-02-24,24,medium,low
40.4096,-122.1666,2013-02-22,Aqua,MODIS,5.3,0,292.5,63,2013,2,2013-02-22,22,medium,low
40.4213,-122.5311,2013-09-10,Terra,MODIS,32.5,0,296.0,82,2013,9,2013-09-10,10,high,medium-low
40.4225,-121.0089,2013-11-13,Aqua,MODIS,84.3,0,287.0,66,2013,11,2013-11-13,13,medium,medium-high
40.4305,-121.772,2013-11-25,Terra,MODIS,17.7,0,283.4,78,2013,11,2013-11-25,25,high,low
40.4308,-120.9877,2013-11-13,Terra,MODIS,68.9,0,288.2,92,2013,11,2013-11-13,13,high,medium-high
40.432,-120.9717,2013-11-13,Aqua,MODIS,100.6,0,288.6,79,2013,11,2013-11-13,13,high,medium-high
40.4338,-121.7782,2013-11-23,Aqua,MODIS,33.5,0,287.5,85,2013,11,2013-11-23,23,high,medium-low
40.4362,-121.7713,2013-11-23,Terra,MODIS,41.2,0,285.3,86,2013,11,2013-11-23,23,high,medium-low
40.4387,-122.1726,2013-02-28,Terra,MODIS,7.3,0,290.8,66,2013,2,2013-02-28,28,medium,low
40.4389,-121.7858,2013-11-23,Terra,MODIS,17.3,0,284.7,73,2013,11,2013-11-23,23,high,low
40.439,-122.5237,2013-09-09,Aqua,MODIS,24.2,0,303.9,77,2013,9,2013-09-09,9,high,medium-low
40.4406,-122.512,2013-09-09,Aqua,MODIS,22.0,0,304.6,78,2013,9,2013-09-09,9,high,medium-low
40.441,-120.986,2013-11-13,Terra,MODIS,100.6,0,291.3,96,2013,11,2013-11-13,13,high,medium-high
40.4467,-122.4729,2013-09-10,Aqua,MODIS,47.4,0,293.1,79,2013,9,2013-09-10,10,high,medium-high
40.4479,-122.5259,2013-09-09,Aqua,MODIS,701.5,0,328.6,100,2013,9,2013-09-09,9,high,high
40.4489,-122.5094,2013-09-10,Terra,MODIS,67.4,0,298.0,100,2013,9,2013-09-10,10,high,medium-high
40.4495,-122.5142,2013-09-09,Aqua,MODIS,266.2,0,313.1,100,2013,9,2013-09-09,9,high,high
40.4514,-122.5103,2013-09-10,Aqua,MODIS,78.8,0,294.4,78,2013,9,2013-09-10,10,high,medium-high
40.4521,-122.5062,2013-09-10,Aqua,MODIS,87.4,0,294.8,81,2013,9,2013-09-10,10,high,medium-high
40.455,-122.5037,2013-09-10,Aqua,MODIS,49.4,0,294.3,71,2013,9,2013-09-10,10,high,medium-high
40.4554,-122.5083,2013-09-10,Aqua,MODIS,41.8,0,293.8,71,2013,9,2013-09-10,10,high,medium-low
40.4568,-122.528,2013-09-09,Aqua,MODIS,741.9,0,400.1,100,2013,9,2013-09-09,9,high,high
40.4577,-122.8069,2013-04-20,Aqua,MODIS,18.0,0,296.6,76,2013,4,2013-04-20,20,high,low
40.4584,-122.5163,2013-09-09,Aqua,MODIS,755.5,0,340.1,100,2013,9,2013-09-09,9,high,high
40.46,-122.5046,2013-09-09,Aqua,MODIS,106.9,0,313.4,100,2013,9,2013-09-09,9,high,medium-high
40.4618,-122.511,2013-09-10,Terra,MODIS,57.1,0,297.1,100,2013,9,2013-09-10,10,high,medium-high
40.4649,-122.8221,2013-04-20,Aqua,MODIS,13.8,0,296.8,64,2013,4,2013-04-20,20,medium,low
40.4657,-122.5302,2013-09-09,Aqua,MODIS,199.2,0,326.7,100,2013,9,2013-09-09,9,high,high
40.4671,-122.8093,2013-04-20,Aqua,MODIS,13.2,0,295.0,64,2013,4,2013-04-20,20,medium,low
40.4673,-122.5185,2013-09-09,Aqua,MODIS,749.3,0,400.1,100,2013,9,2013-09-09,9,high,high
40.4689,-122.5068,2013-09-09,Aqua,MODIS,1124.0,0,400.1,100,2013,9,2013-09-09,9,high,high
40.4706,-122.4951,2013-09-09,Aqua,MODIS,98.7,0,319.6,100,2013,9,2013-09-09,9,high,medium-high
40.4713,-122.4932,2013-09-09,Terra,MODIS,20.4,0,311.5,57,2013,9,2013-09-09,9,medium,low
40.4746,-122.5323,2013-09-09,Aqua,MODIS,275.2,0,329.1,100,2013,9,2013-09-09,9,high,high
40.4762,-122.5206,2013-09-09,Aqua,MODIS,1143.2,0,400.1,100,2013,9,2013-09-09,9,high,high
40.4764,-122.5168,2013-09-09,Terra,MODIS,82.8,0,311.1,89,2013,9,2013-09-09,9,high,medium-high
40.4778,-122.5089,2013-09-09,Aqua,MODIS,626.5,0,400.1,100,2013,9,2013-09-09,9,high,high
40.478,-121.791,2013-04-09,Aqua,MODIS,16.1,0,294.7,73,2013,4,2013-04-09,9,high,low
40.4781,-122.5104,2013-09-09,Terra,MODIS,213.9,0,311.7,100,2013,9,2013-09-09,9,high,high
40.4794,-122.4972,2013-09-09,Aqua,MODIS,369.8,0,332.3,100,2013,9,2013-09-09,9,high,high
40.4818,-115.5812,2013-07-20,Aqua,MODIS,74.9,0,318.6,99,2013,7,2013-07-20,20,high,medium-high
40.4834,-122.4885,2013-09-09,Terra,MODIS,34.1,0,311.2,78,2013,9,2013-09-09,9,high,medium-low
40.4835,-115.5696,2013-07-20,Aqua,MODIS,135.9,0,316.6,100,2013,7,2013-07-20,20,high,high
40.4851,-122.5228,2013-09-09,Aqua,MODIS,155.1,0,326.7,100,2013,9,2013-09-09,9,high,high
40.4862,-115.5804,2013-07-20,Terra,MODIS,9.5,0,292.1,71,2013,7,2013-07-20,20,high,low
40.4867,-122.5111,2013-09-09,Aqua,MODIS,879.4,0,400.1,100,2013,9,2013-09-09,9,high,high
40.4867,-115.5862,2013-07-20,Terra,MODIS,118.1,0,322.7,83,2013,7,2013-07-20,20,high,medium-high
40.4883,-122.4994,2013-09-09,Aqua,MODIS,232.7,0,327.2,100,2013,9,2013-09-09,9,high,high
40.4885,-122.5121,2013-09-09,Terra,MODIS,118.1,0,312.3,93,2013,9,2013-09-09,9,high,medium-high
40.4901,-122.5056,2013-09-09,Terra,MODIS,27.1,0,311.3,71,2013,9,2013-09-09,9,high,medium-low
40.4919,-115.5898,2013-07-20,Terra,MODIS,64.8,0,323.6,59,2013,7,2013-07-20,20,medium,medium-high
40.4956,-122.5132,2013-09-09,Aqua,MODIS,15.0,0,316.7,80,2013,9,2013-09-09,9,high,low
40.4957,-115.5834,2013-07-20,Terra,MODIS,131.4,0,296.9,100,2013,7,2013-07-20,20,high,high
40.4982,-115.5684,2013-07-20,Terra,MODIS,33.1,0,291.5,100,2013,7,2013-07-20,20,high,medium-low
40.4999,-115.5676,2013-07-20,Aqua,MODIS,38.9,0,291.2,100,2013,7,2013-07-20,20,high,medium-low
40.5016,-115.5794,2013-07-20,Aqua,MODIS,47.9,0,291.0,100,2013,7,2013-07-20,20,high,medium-high
40.5051,-115.5868,2013-07-20,Terra,MODIS,52.7,0,293.2,100,2013,7,2013-07-20,20,high,medium-high
40.5076,-115.5724,2013-07-20,Terra,MODIS,23.5,0,291.6,100,2013,7,2013-07-20,20,high,medium-low
40.5136,-122.5649,2013-02-06,Aqua,MODIS,6.0,0,286.1,52,2013,2,2013-02-06,6,medium,low
40.514,-121.9714,2013-01-30,Aqua,MODIS,10.7,0,291.3,70,2013,1,2013-01-30,30,medium,low
40.5154,-122.5531,2013-02-06,Aqua,MODIS,6.9,0,286.7,58,2013,2,2013-02-06,6,medium,low
40.5186,-121.9697,2013-01-30,Terra,MODIS,23.2,0,288.0,73,2013,1,2013-01-30,30,high,medium-low
40.5367,-121.1604,2013-10-22,Aqua,MODIS,11.5,0,292.9,56,2013,10,2013-10-22,22,medium,low
40.5385,-122.5014,2013-03-06,Aqua,MODIS,11.1,0,284.1,55,2013,3,2013-03-06,6,medium,low
40.5612,-115.6088,2013-03-27,Terra,MODIS,5.9,0,295.8,61,2013,3,2013-03-27,27,medium,low
40.5637,-123.1561,2013-11-05,Aqua,MODIS,39.0,0,290.3,85,2013,11,2013-11-05,5,high,medium-low
40.5655,-123.1441,2013-11-05,Aqua,MODIS,7.1,0,287.8,58,2013,11,2013-11-05,5,medium,low
40.5867,-122.512,2013-02-26,Aqua,MODIS,16.7,0,285.6,59,2013,2,2013-02-26,26,medium,low
40.5888,-122.516,2013-02-26,Terra,MODIS,8.3,0,283.6,61,2013,2,2013-02-26,26,medium,low
40.6019,-122.7022,2013-11-07,Aqua,MODIS,19.7,0,283.6,75,2013,11,2013-11-07,7,high,low
40.6044,-122.6943,2013-11-07,Terra,MODIS,13.0,0,285.9,68,2013,11,2013-11-07,7,medium,low
40.6068,-122.7079,2013-11-07,Terra,MODIS,11.3,0,287.2,64,2013,11,2013-11-07,7,medium,low
40.6134,-115.0556,2013-07-20,Aqua,MODIS,172.8,0,326.0,100,2013,7,2013-07-20,20,high,high
40.6223,-115.0578,2013-07-20,Aqua,MODIS,90.6,0,313.4,79,2013,7,2013-07-20,20,high,medium-high
40.6252,-121.2766,2013-11-14,Terra,MODIS,12.9,0,284.9,54,2013,11,2013-11-14,14,medium,low
40.627,-121.2959,2013-11-14,Aqua,MODIS,11.4,0,287.2,69,2013,11,2013-11-14,14,medium,low
40.6288,-121.2945,2013-11-14,Terra,MODIS,16.2,0,285.2,62,2013,11,2013-11-14,14,medium,low
40.6288,-121.2841,2013-11-14,Aqua,MODIS,20.2,0,288.0,80,2013,11,2013-11-14,14,high,low
40.6331,-121.2849,2013-10-27,Terra,MODIS,34.0,0,290.0,69,2013,10,2013-10-27,27,medium,medium-low
40.6346,-121.291,2013-10-27,Aqua,MODIS,17.3,0,294.5,78,2013,10,2013-10-27,27,high,low
40.6373,-121.2901,2013-10-27,Terra,MODIS,27.5,0,290.3,64,2013,10,2013-10-27,27,medium,medium-low
40.6426,-122.3604,2013-10-03,Terra,MODIS,7.0,0,296.2,59,2013,10,2013-10-03,3,medium,low
40.6433,-122.4616,2013-09-04,Terra,MODIS,15.2,0,305.6,77,2013,9,2013-09-04,4,high,low
40.6442,-122.2952,2013-06-17,Aqua,MODIS,16.4,0,308.6,73,2013,6,2013-06-17,17,high,low
40.6452,-122.4623,2013-09-04,Aqua,MODIS,14.7,0,306.1,54,2013,9,2013-09-04,4,medium,low
40.6541,-122.7796,2013-10-31,Aqua,MODIS,12.3,0,288.6,58,2013,10,2013-10-31,31,medium,low
40.6551,-122.7855,2013-10-31,Aqua,MODIS,14.5,0,288.8,64,2013,10,2013-10-31,31,medium,low
40.6723,-122.3487,2013-05-24,Aqua,MODIS,56.8,0,299.3,89,2013,5,2013-05-24,24,high,medium-high
40.7186,-122.7039,2013-09-11,Terra,MODIS,15.7,0,298.7,72,2013,9,2013-09-11,11,high,low
40.7199,-123.3896,2013-03-22,Aqua,MODIS,13.6,0,283.5,59,2013,3,2013-03-22,22,medium,low
40.7212,-122.6975,2013-09-11,Aqua,MODIS,9.1,0,301.5,51,2013,9,2013-09-11,11,medium,low
40.7387,-121.2955,2013-11-14,Aqua,MODIS,26.1,0,289.4,85,2013,11,2013-11-14,14,high,medium-low
40.7405,-121.2837,2013-11-14,Aqua,MODIS,138.0,0,295.6,100,2013,11,2013-11-14,14,high,high
40.7423,-121.2719,2013-11-14,Aqua,MODIS,8.5,0,285.8,65,2013,11,2013-11-14,14,medium,low
40.7433,-122.9503,2013-11-07,Aqua,MODIS,16.2,0,292.9,73,2013,11,2013-11-07,7,high,low
40.7445,-121.3051,2013-11-13,Aqua,MODIS,42.9,0,286.7,58,2013,11,2013-11-13,13,medium,medium-low
40.7445,-121.3001,2013-11-12,Aqua,MODIS,41.7,0,284.5,90,2013,11,2013-11-12,12,high,medium-low
40.7461,-122.9353,2013-11-07,Aqua,MODIS,27.2,0,292.8,81,2013,11,2013-11-07,7,high,medium-low
40.7461,-121.2877,2013-11-12,Aqua,MODIS,60.4,0,282.5,95,2013,11,2013-11-12,12,high,medium-high
40.7521,-121.814,2013-12-15,Terra,MODIS,13.1,0,283.8,54,2013,12,2013-12-15,15,medium,low
40.784,-122.9182,2013-02-26,Aqua,MODIS,34.5,0,279.2,70,2013,2,2013-02-26,26,medium,medium-low
40.7957,-121.2756,2013-12-13,Terra,MODIS,11.6,0,274.0,60,2013,12,2013-12-13,13,medium,low
40.7973,-121.2879,2013-12-13,Terra,MODIS,16.4,0,274.8,71,2013,12,2013-12-13,13,high,low
40.8014,-123.7923,2013-12-09,Aqua,MODIS,18.0,0,273.8,59,2013,12,2013-12-09,9,medium,low
40.8067,-123.7935,2013-12-10,Aqua,MODIS,164.4,0,278.9,99,2013,12,2013-12-10,10,high,high
40.8088,-123.8008,2013-12-10,Aqua,MODIS,32.8,0,278.2,73,2013,12,2013-12-10,10,high,medium-low
40.8465,-121.1753,2013-04-20,Terra,MODIS,13.7,0,291.9,57,2013,4,2013-04-20,20,medium,low
40.8471,-121.1867,2013-04-20,Aqua,MODIS,57.9,0,295.2,95,2013,4,2013-04-20,20,high,medium-high
40.85,-121.1927,2013-04-20,Terra,MODIS,16.5,0,292.3,63,2013,4,2013-04-20,20,medium,low
40.8542,-121.201,2013-04-20,Aqua,MODIS,9.9,0,298.3,64,2013,4,2013-04-20,20,medium,low
40.856,-121.1891,2013-04-20,Aqua,MODIS,19.6,0,297.0,80,2013,4,2013-04-20,20,high,low
40.8661,-121.4426,2013-08-20,Terra,MODIS,10.3,0,288.9,59,2013,8,2013-08-20,20,medium,low
40.8987,-120.5734,2013-10-15,Aqua,MODIS,7.9,0,298.3,52,2013,10,2013-10-15,15,medium,low
40.9011,-120.5596,2013-10-15,Aqua,MODIS,129.2,0,302.5,100,2013,10,2013-10-15,15,high,high
40.9168,-122.7839,2013-12-09,Aqua,MODIS,37.8,0,273.1,79,2013,12,2013-12-09,9,high,medium-low
40.9194,-122.7699,2013-12-09,Aqua,MODIS,40.1,0,272.5,83,2013,12,2013-12-09,9,high,medium-low
40.9198,-122.7641,2013-12-09,Terra,MODIS,14.5,0,268.3,62,2013,12,2013-12-09,9,medium,low
40.9259,-120.5288,2013-10-15,Terra,MODIS,25.9,0,293.5,82,2013,10,2013-10-15,15,high,medium-low
40.9267,-122.7868,2013-12-09,Aqua,MODIS,20.2,0,272.4,71,2013,12,2013-12-09,9,high,low
40.9284,-120.5426,2013-10-15,Terra,MODIS,47.8,0,294.6,90,2013,10,2013-10-15,15,high,medium-high
40.9285,-123.5699,2013-03-15,Aqua,MODIS,9.8,0,285.8,63,2013,3,2013-03-15,15,medium,low
40.939,-122.7753,2013-12-09,Aqua,MODIS,18.6,0,272.8,68,2013,12,2013-12-09,9,medium,low
40.9875,-123.4595,2013-08-21,Aqua,MODIS,61.1,0,298.2,77,2013,8,2013-08-21,21,high,medium-high
40.9887,-122.0153,2013-12-09,Aqua,MODIS,178.0,0,276.3,100,2013,12,2013-12-09,9,high,high
40.99,-123.4686,2013-08-21,Terra,MODIS,45.0,0,299.9,92,2013,8,2013-08-21,21,high,medium-low
40.9904,-123.4727,2013-08-22,Terra,MODIS,13.5,0,291.8,91,2013,8,2013-08-22,22,high,low
40.9909,-122.0024,2013-12-09,Aqua,MODIS,66.4,0,273.5,93,2013,12,2013-12-09,9,high,medium-high
40.99100000000001,-123.4844,2013-08-19,Terra,MODIS,22.0,0,293.4,61,2013,8,2013-08-19,19,medium,medium-low
40.9916,-122.0223,2013-12-09,Aqua,MODIS,24.3,0,272.9,77,2013,12,2013-12-09,9,high,medium-low
40.9917,-123.4244,2013-08-24,Aqua,MODIS,27.4,0,293.8,78,2013,8,2013-08-24,24,high,medium-low
40.992,-123.4689,2013-08-19,Terra,MODIS,20.9,0,298.1,77,2013,8,2013-08-19,19,high,medium-low
40.9928,-123.4174,2013-08-24,Aqua,MODIS,18.6,0,286.0,97,2013,8,2013-08-24,24,high,low
40.9929,-123.4348,2013-08-21,Aqua,MODIS,102.2,0,299.6,90,2013,8,2013-08-21,21,high,medium-high
40.993,-123.4703,2013-08-18,Terra,MODIS,41.1,0,296.5,58,2013,8,2013-08-18,18,medium,medium-low
40.9932,-123.4779,2013-08-19,Aqua,MODIS,94.0,0,301.2,95,2013,8,2013-08-19,19,high,medium-high
40.9933,-123.4275,2013-08-24,Terra,MODIS,40.2,0,287.2,100,2013,8,2013-08-24,24,high,medium-low
40.9934,-123.4127,2013-08-24,Aqua,MODIS,76.2,0,296.9,99,2013,8,2013-08-24,24,high,medium-high
40.9939,-123.4305,2013-08-21,Terra,MODIS,16.3,0,300.0,77,2013,8,2013-08-21,21,high,low
40.9939,-122.0096,2013-12-09,Aqua,MODIS,95.9,0,275.0,98,2013,12,2013-12-09,9,high,medium-high
40.9954,-123.4152,2013-08-24,Terra,MODIS,42.5,0,288.4,100,2013,8,2013-08-24,24,high,medium-low
40.9955,-123.4423,2013-08-21,Terra,MODIS,17.2,0,298.7,68,2013,8,2013-08-21,21,medium,low
40.9957,-123.4587,2013-08-19,Aqua,MODIS,24.5,0,292.7,93,2013,8,2013-08-19,19,high,medium-low
40.9961,-123.4603,2013-08-19,Terra,MODIS,27.1,0,293.1,84,2013,8,2013-08-19,19,high,medium-low
40.9963,-123.4612,2013-08-19,Aqua,MODIS,77.4,0,299.4,93,2013,8,2013-08-19,19,high,medium-high
40.9969,-123.4775,2013-08-20,Terra,MODIS,14.0,0,292.3,55,2013,8,2013-08-20,20,medium,low
40.9969,-123.4586,2013-08-21,Terra,MODIS,124.8,0,292.1,100,2013,8,2013-08-21,21,high,high
40.9972,-123.4544,2013-08-21,Terra,MODIS,17.8,0,299.5,54,2013,8,2013-08-21,21,medium,low
40.9972,-123.45,2013-08-24,Aqua,MODIS,127.6,0,299.4,100,2013,8,2013-08-24,24,high,high
40.9974,-123.4773,2013-08-19,Aqua,MODIS,17.1,0,292.7,82,2013,8,2013-08-19,19,high,low
40.9976,-123.4522,2013-08-21,Terra,MODIS,130.6,0,292.3,100,2013,8,2013-08-21,21,high,high
40.9979,-123.4618,2013-08-19,Terra,MODIS,119.2,0,300.9,100,2013,8,2013-08-19,19,high,high
40.998000000000005,-123.468,2013-08-19,Terra,MODIS,50.6,0,293.9,100,2013,8,2013-08-19,19,high,medium-high
40.9983,-123.4651,2013-08-20,Terra,MODIS,83.6,0,293.1,100,2013,8,2013-08-20,20,high,medium-high
40.9984,-123.471,2013-08-15,Aqua,MODIS,13.6,0,301.6,55,2013,8,2013-08-15,15,medium,low
40.9989,-123.4383,2013-08-24,Aqua,MODIS,54.9,0,296.6,96,2013,8,2013-08-24,24,high,medium-high
40.9991,-123.4717,2013-08-18,Terra,MODIS,74.5,0,290.3,100,2013,8,2013-08-18,18,high,medium-high
40.9992,-123.475,2013-08-22,Terra,MODIS,16.9,0,292.2,68,2013,8,2013-08-22,22,medium,low
40.9993,-123.4648,2013-08-21,Aqua,MODIS,64.8,0,298.9,61,2013,8,2013-08-21,21,medium,medium-high
41.0,-123.4744,2013-08-19,Terra,MODIS,70.7,0,301.4,97,2013,8,2013-08-19,19,high,medium-high
41.0006,-123.4782,2013-08-21,Terra,MODIS,32.7,0,302.5,88,2013,8,2013-08-21,21,high,medium-low
41.0012,-123.4778,2013-08-15,Terra,MODIS,9.8,0,288.7,74,2013,8,2013-08-15,15,high,low
41.0013,-123.477,2013-08-17,Aqua,MODIS,66.1,0,304.1,96,2013,8,2013-08-17,17,high,medium-high
41.0014,-123.5035,2013-08-21,Terra,MODIS,47.5,0,290.3,83,2013,8,2013-08-21,21,high,medium-high
41.0014,-123.4869,2013-08-14,Terra,MODIS,81.7,0,288.2,85,2013,8,2013-08-14,14,high,medium-high
41.0015,-123.472,2013-08-20,Terra,MODIS,642.4,0,290.9,100,2013,8,2013-08-20,20,high,high
41.0017,-123.4151,2013-08-24,Aqua,MODIS,14.0,0,285.5,73,2013,8,2013-08-24,24,high,low
41.0021,-123.486,2013-08-17,Terra,MODIS,23.6,0,288.0,78,2013,8,2013-08-17,17,high,medium-low
41.0021,-123.4364,2013-08-23,Aqua,MODIS,54.8,0,295.9,65,2013,8,2013-08-23,23,medium,medium-high
41.0022,-123.4288,2013-08-23,Aqua,MODIS,48.2,0,295.3,61,2013,8,2013-08-23,23,medium,medium-high
41.0023,-123.4973,2013-08-21,Terra,MODIS,72.7,0,290.5,96,2013,8,2013-08-21,21,high,medium-high
41.0025,-123.4894,2013-08-24,Terra,MODIS,17.3,0,286.8,75,2013,8,2013-08-24,24,high,low
41.0027,-123.458,2013-08-18,Terra,MODIS,72.6,0,299.6,72,2013,8,2013-08-18,18,high,medium-high
41.0027,-123.4516,2013-08-22,Terra,MODIS,97.3,0,295.9,100,2013,8,2013-08-22,22,high,medium-high
41.0028,-123.4887,2013-08-24,Aqua,MODIS,21.5,0,286.3,100,2013,8,2013-08-24,24,high,medium-low
41.0028,-123.4283,2013-08-21,Terra,MODIS,68.1,0,306.3,98,2013,8,2013-08-21,21,high,medium-high
41.003,-123.4616,2013-08-19,Aqua,MODIS,66.2,0,295.1,100,2013,8,2013-08-19,19,high,medium-high
41.0032,-123.4451,2013-08-18,Aqua,MODIS,43.8,0,288.4,91,2013,8,2013-08-18,18,high,medium-low
41.0033,-123.465,2013-08-15,Terra,MODIS,21.9,0,289.1,100,2013,8,2013-08-15,15,high,medium-low
41.0033,-123.4643,2013-08-17,Aqua,MODIS,42.4,0,300.9,90,2013,8,2013-08-17,17,high,medium-low
41.0036,-123.4796,2013-08-19,Aqua,MODIS,28.6,0,300.0,77,2013,8,2013-08-19,19,high,medium-low
41.0036,-123.4662,2013-08-16,Terra,MODIS,45.5,0,299.3,84,2013,8,2013-08-16,16,high,medium-low
41.0039,-123.4591,2013-08-17,Terra,MODIS,36.1,0,297.4,80,2013,8,2013-08-17,17,high,medium-low
41.0044,-123.4401,2013-08-21,Terra,MODIS,123.6,0,305.8,100,2013,8,2013-08-21,21,high,high
41.0044,-123.4398,2013-08-22,Terra,MODIS,310.2,0,305.0,100,2013,8,2013-08-22,22,high,high
41.0048,-123.4394,2013-08-21,Aqua,MODIS,160.2,0,300.8,96,2013,8,2013-08-21,21,high,high
41.0053,-123.4236,2013-08-21,Aqua,MODIS,65.9,0,272.8,95,2013,8,2013-08-21,21,high,medium-high
41.0055,-123.47,2013-08-13,Aqua,MODIS,115.9,0,303.7,99,2013,8,2013-08-13,13,high,medium-high
41.0056,-123.4673,2013-08-17,Terra,MODIS,106.9,0,289.4,100,2013,8,2013-08-17,17,high,medium-high
41.0058,-123.4873,2013-08-16,Aqua,MODIS,79.2,0,292.9,50,2013,8,2013-08-16,16,medium,medium-high
41.0058,-123.4648,2013-08-18,Terra,MODIS,64.3,0,300.3,71,2013,8,2013-08-18,18,high,medium-high
41.0059,-123.463,2013-08-14,Terra,MODIS,70.8,0,304.0,96,2013,8,2013-08-14,14,high,medium-high
41.0061,-123.4808,2013-08-20,Terra,MODIS,50.8,0,294.1,100,2013,8,2013-08-20,20,high,medium-high
41.0061,-123.4522,2013-08-21,Terra,MODIS,48.0,0,300.1,93,2013,8,2013-08-21,21,high,medium-high
41.0061,-123.4281,2013-08-22,Terra,MODIS,53.8,0,295.2,100,2013,8,2013-08-22,22,high,medium-high
41.0063,-123.4235,2013-08-20,Terra,MODIS,862.4,0,286.3,75,2013,8,2013-08-20,20,high,high
41.0064,-123.489,2013-08-22,Terra,MODIS,31.5,0,292.9,100,2013,8,2013-08-22,22,high,medium-low
41.0064,-123.4557,2013-08-19,Aqua,MODIS,44.2,0,293.3,100,2013,8,2013-08-19,19,high,medium-low
41.0067,-123.4609,2013-08-15,Aqua,MODIS,12.4,0,287.2,63,2013,8,2013-08-15,15,medium,low
41.0067,-123.458,2013-08-17,Aqua,MODIS,20.8,0,287.8,98,2013,8,2013-08-17,17,high,medium-low
41.0068,-123.4193,2013-08-21,Terra,MODIS,91.7,0,291.7,100,2013,8,2013-08-21,21,high,medium-high
41.0069,-123.4144,2013-08-21,Terra,MODIS,59.7,0,291.2,89,2013,8,2013-08-21,21,high,medium-high
41.0074,-123.4736,2013-08-15,Aqua,MODIS,132.6,0,306.8,100,2013,8,2013-08-15,15,high,high
41.0075,-123.4757,2013-08-14,Terra,MODIS,31.6,0,299.8,86,2013,8,2013-08-14,14,high,medium-low
41.0077,-123.4748,2013-08-13,Terra,MODIS,27.0,0,286.0,100,2013,8,2013-08-13,13,high,medium-low
41.0077,-123.4641,2013-08-18,Aqua,MODIS,108.7,0,290.0,100,2013,8,2013-08-18,18,high,medium-high
41.0079,-123.4718,2013-08-19,Aqua,MODIS,46.3,0,293.5,100,2013,8,2013-08-19,19,high,medium-low
41.008,-123.4683,2013-08-20,Terra,MODIS,726.1,0,292.3,87,2013,8,2013-08-20,20,high,high
41.0082,-123.4701,2013-08-17,Aqua,MODIS,21.8,0,287.2,100,2013,8,2013-08-17,17,high,medium-low
41.0088,-123.4705,2013-08-18,Aqua,MODIS,79.4,0,289.5,100,2013,8,2013-08-18,18,high,medium-high
41.0088,-123.4674,2013-08-14,Aqua,MODIS,391.9,0,300.4,100,2013,8,2013-08-14,14,high,high
41.0089,-123.4304,2013-08-21,Aqua,MODIS,81.8,0,269.4,100,2013,8,2013-08-21,21,high,medium-high
41.00899999999999,-123.4935,2013-08-14,Terra,MODIS,62.1,0,287.9,72,2013,8,2013-08-14,14,high,medium-high
41.0093,-123.4628,2013-08-13,Terra,MODIS,52.2,0,287.9,100,2013,8,2013-08-13,13,high,medium-high
41.0099,-123.4521,2013-08-13,Terra,MODIS,113.0,0,295.5,82,2013,8,2013-08-13,13,high,medium-high
41.01,-123.4142,2013-08-21,Terra,MODIS,7.7,0,302.5,66,2013,8,2013-08-21,21,medium,low
41.0111,-123.4876,2013-08-21,Terra,MODIS,48.7,0,303.4,93,2013,8,2013-08-21,21,high,medium-high
41.0111,-123.462,2013-08-15,Terra,MODIS,156.7,0,296.0,94,2013,8,2013-08-15,15,high,high
41.0114,-123.4683,2013-08-15,Terra,MODIS,144.5,0,295.8,92,2013,8,2013-08-15,15,high,high
41.0115,-123.4538,2013-08-22,Terra,MODIS,17.5,0,292.0,54,2013,8,2013-08-22,22,medium,low
41.0116,-123.486,2013-08-24,Aqua,MODIS,10.1,0,285.4,51,2013,8,2013-08-24,24,medium,low
41.0117,-123.4261,2013-08-21,Terra,MODIS,25.6,0,309.2,85,2013,8,2013-08-21,21,high,medium-low
41.0119,-123.458,2013-08-13,Aqua,MODIS,27.0,0,286.0,100,2013,8,2013-08-13,13,high,medium-low
41.0122,-123.4603,2013-08-21,Terra,MODIS,197.9,0,291.9,100,2013,8,2013-08-21,21,high,high
41.0123,-123.4672,2013-08-15,Terra,MODIS,32.3,0,289.2,100,2013,8,2013-08-15,15,high,medium-low
41.0123,-123.4557,2013-08-13,Terra,MODIS,95.3,0,295.4,79,2013,8,2013-08-13,13,high,medium-high
41.0124,-123.4283,2013-08-20,Terra,MODIS,86.3,0,286.6,100,2013,8,2013-08-20,20,high,medium-high
41.0126,-123.455,2013-08-21,Terra,MODIS,233.8,0,292.5,100,2013,8,2013-08-21,21,high,high
41.0132,-123.4812,2013-08-21,Terra,MODIS,160.9,0,282.9,72,2013,8,2013-08-21,21,high,high
41.0133,-123.4379,2013-08-21,Terra,MODIS,26.0,0,307.9,86,2013,8,2013-08-21,21,high,medium-low
41.0134,-123.4702,2013-08-16,Terra,MODIS,43.0,0,286.5,56,2013,8,2013-08-16,16,medium,medium-low
41.0136,-123.4484,2013-08-14,Terra,MODIS,10.2,0,298.5,53,2013,8,2013-08-14,14,medium,low
41.0139,-123.4154,2013-08-20,Terra,MODIS,98.2,0,284.8,100,2013,8,2013-08-20,20,high,medium-high
41.0142,-123.4554,2013-08-15,Terra,MODIS,22.6,0,290.6,68,2013,8,2013-08-15,15,medium,medium-low
41.0142,-123.441,2013-08-21,Terra,MODIS,226.9,0,284.5,89,2013,8,2013-08-21,21,high,high
41.0145,-123.4334,2013-08-21,Terra,MODIS,181.4,0,284.5,66,2013,8,2013-08-21,21,medium,high
41.015,-123.45,2013-08-21,Terra,MODIS,15.1,0,299.2,52,2013,8,2013-08-21,21,medium,low
41.0152,-123.4608,2013-08-14,Terra,MODIS,558.9,0,316.8,100,2013,8,2013-08-14,14,high,high
41.0153,-123.4912,2013-08-22,Terra,MODIS,16.6,0,292.0,52,2013,8,2013-08-22,22,medium,low
41.0155,-123.4154,2013-08-20,Aqua,MODIS,280.6,0,274.9,100,2013,8,2013-08-20,20,high,high
41.0155,-123.4018,2013-08-20,Terra,MODIS,16.7,0,281.5,97,2013,8,2013-08-20,20,high,low
41.0156,-123.5098,2013-08-21,Terra,MODIS,29.2,0,290.4,65,2013,8,2013-08-21,21,medium,medium-low
41.0163,-123.5042,2013-08-21,Terra,MODIS,35.1,0,290.8,71,2013,8,2013-08-21,21,high,medium-low
41.0168,-123.4736,2013-08-14,Terra,MODIS,71.8,0,297.8,97,2013,8,2013-08-14,14,high,medium-high
41.0171,-123.4928,2013-08-14,Terra,MODIS,96.9,0,288.1,92,2013,8,2013-08-14,14,high,medium-high
41.0171,-123.4902,2013-09-11,Aqua,MODIS,7.4,0,291.2,50,2013,9,2013-09-11,11,medium,low
41.0176,-123.5034,2013-08-20,Terra,MODIS,261.4,0,291.8,72,2013,8,2013-08-20,20,high,high
41.0177,-123.4993,2013-08-21,Aqua,MODIS,52.5,0,296.4,58,2013,8,2013-08-21,21,medium,medium-high
41.0179,-123.4638,2013-08-15,Aqua,MODIS,133.2,0,306.8,100,2013,8,2013-08-15,15,high,high
41.0186,-123.4342,2013-08-11,Terra,MODIS,116.2,0,291.0,60,2013,8,2013-08-11,11,medium,medium-high
41.0187,-123.4699,2013-08-19,Aqua,MODIS,13.1,0,292.2,53,2013,8,2013-08-19,19,medium,low
41.0187,-123.4317,2013-08-20,Aqua,MODIS,216.5,0,278.1,100,2013,8,2013-08-20,20,high,high
41.0197,-123.4089,2013-08-20,Aqua,MODIS,159.4,0,269.2,100,2013,8,2013-08-20,20,high,high
41.0201,-123.4856,2013-08-21,Terra,MODIS,47.4,0,298.6,93,2013,8,2013-08-21,21,high,medium-high
41.0203,-123.4434,2013-08-20,Terra,MODIS,22.0,0,289.3,61,2013,8,2013-08-20,20,medium,medium-low
41.0213,-123.4698,2013-08-15,Terra,MODIS,50.2,0,289.1,96,2013,8,2013-08-15,15,high,medium-high
41.0213,-123.4691,2013-08-17,Aqua,MODIS,30.0,0,300.4,70,2013,8,2013-08-17,17,medium,medium-low
41.0215,-123.4235,2013-08-21,Terra,MODIS,125.9,0,291.4,100,2013,8,2013-08-21,21,high,high
41.0218,-123.4978,2013-08-21,Terra,MODIS,43.3,0,297.8,92,2013,8,2013-08-21,21,high,medium-low
41.0218,-123.4306,2013-08-20,Terra,MODIS,954.2,0,305.9,100,2013,8,2013-08-20,20,high,high
41.0218,-123.4176,2013-08-21,Terra,MODIS,80.3,0,291.0,99,2013,8,2013-08-21,21,high,medium-high
41.0221,-122.0187,2013-12-09,Aqua,MODIS,18.5,0,272.6,70,2013,12,2013-12-09,9,medium,low
41.023,-123.4333,2013-08-19,Aqua,MODIS,144.5,0,304.4,100,2013,8,2013-08-19,19,high,high
41.023,-123.4252,2013-08-20,Aqua,MODIS,432.4,0,289.4,100,2013,8,2013-08-20,20,high,high
41.0231,-123.5056,2013-08-14,Terra,MODIS,127.3,0,288.5,100,2013,8,2013-08-14,14,high,high
41.0232,-123.7493,2013-05-15,Terra,MODIS,42.4,0,275.7,80,2013,5,2013-05-15,15,high,medium-low
41.0233,-123.4577,2013-08-15,Terra,MODIS,122.5,0,295.7,100,2013,8,2013-08-15,15,high,high
41.0233,-123.4177,2013-08-20,Terra,MODIS,756.2,0,299.9,100,2013,8,2013-08-20,20,high,high
41.0234,-123.4574,2013-08-15,Terra,MODIS,155.6,0,295.6,94,2013,8,2013-08-15,15,high,high
41.0237,-123.4636,2013-08-15,Terra,MODIS,126.8,0,295.4,91,2013,8,2013-08-15,15,high,high
41.0238,-123.4894,2013-08-15,Aqua,MODIS,30.4,0,299.8,74,2013,8,2013-08-15,15,high,medium-low
41.0239,-123.5048,2013-08-12,Aqua,MODIS,29.9,0,297.0,67,2013,8,2013-08-12,12,medium,medium-low
41.0241,-123.4935,2013-08-22,Terra,MODIS,22.9,0,292.7,87,2013,8,2013-08-22,22,high,medium-low
41.0243,-123.4881,2013-08-13,Aqua,MODIS,58.4,0,301.1,91,2013,8,2013-08-13,13,high,medium-high
41.0244,-123.4562,2013-08-15,Aqua,MODIS,63.7,0,291.3,100,2013,8,2013-08-15,15,high,medium-high
41.0245,-123.4822,2013-08-11,Aqua,MODIS,89.6,0,296.9,87,2013,8,2013-08-11,11,high,medium-high
41.0247,-123.4985,2013-09-12,Terra,MODIS,9.1,0,290.6,53,2013,9,2013-09-12,12,medium,low
41.0248,-123.4472,2013-08-13,Terra,MODIS,109.8,0,295.7,82,2013,8,2013-08-13,13,high,medium-high
41.025,-123.404,2013-08-20,Terra,MODIS,76.6,0,282.1,100,2013,8,2013-08-20,20,high,medium-high
41.0252,-123.6638,2013-10-16,Aqua,MODIS,14.0,0,294.3,70,2013,10,2013-10-16,16,medium,low
41.0255,-123.4963,2013-08-12,Aqua,MODIS,181.5,0,300.7,100,2013,8,2013-08-12,12,high,high
41.0259,-123.4734,2013-08-13,Aqua,MODIS,61.8,0,302.2,92,2013,8,2013-08-13,13,high,medium-high
41.0261,-123.4165,2013-08-19,Aqua,MODIS,72.4,0,302.4,92,2013,8,2013-08-19,19,high,medium-high
41.0261,-123.4126,2013-08-20,Aqua,MODIS,93.8,0,276.7,100,2013,8,2013-08-20,20,high,medium-high
41.0262,-123.461,2013-08-11,Aqua,MODIS,454.9,0,301.3,100,2013,8,2013-08-11,11,high,high
41.0264,-123.4968,2013-08-17,Aqua,MODIS,27.8,0,300.8,61,2013,8,2013-08-17,17,medium,medium-low
41.0265,-123.4663,2013-08-21,Terra,MODIS,50.1,0,291.1,84,2013,8,2013-08-21,21,high,medium-high
41.0268,-123.6483,2013-10-16,Aqua,MODIS,52.3,0,293.3,89,2013,10,2013-10-16,16,high,medium-high
41.0268,-123.4611,2013-08-21,Terra,MODIS,45.3,0,291.0,82,2013,8,2013-08-21,21,high,medium-low
41.0269,-123.4658,2013-08-15,Aqua,MODIS,41.4,0,301.6,80,2013,8,2013-08-15,15,high,medium-low
41.0271,-123.4325,2013-08-17,Aqua,MODIS,29.1,0,300.4,86,2013,8,2013-08-17,17,high,medium-low
41.0273,-123.4514,2013-08-13,Terra,MODIS,171.0,0,296.5,87,2013,8,2013-08-13,13,high,high
41.0275,-123.4583,2013-08-13,Aqua,MODIS,547.4,0,311.7,100,2013,8,2013-08-13,13,high,high
41.0278,-123.485,2013-08-14,Terra,MODIS,54.8,0,299.0,93,2013,8,2013-08-14,14,high,medium-high
41.0284,-123.4156,2013-08-19,Terra,MODIS,100.9,0,303.3,100,2013,8,2013-08-19,19,high,medium-high
41.0285,-123.4536,2013-08-15,Aqua,MODIS,28.6,0,303.4,50,2013,8,2013-08-15,15,medium,medium-low
41.0287,-123.4819,2013-08-12,Aqua,MODIS,488.4,0,308.8,100,2013,8,2013-08-12,12,high,high
41.0288,-123.4903,2013-08-11,Aqua,MODIS,127.8,0,298.4,92,2013,8,2013-08-11,11,high,high
41.0291,-123.4282,2013-08-20,Aqua,MODIS,67.2,0,284.5,100,2013,8,2013-08-20,20,high,medium-high
41.0291,-123.4199,2013-08-17,Aqua,MODIS,13.7,0,300.0,73,2013,8,2013-08-17,17,high,low
41.0291,-123.4184,2013-08-17,Terra,MODIS,18.0,0,297.1,65,2013,8,2013-08-17,17,medium,low
41.0292,-123.4863,2013-08-12,Terra,MODIS,15.5,0,295.7,77,2013,8,2013-08-12,12,high,low
41.0292,-123.4423,2013-08-13,Aqua,MODIS,222.5,0,302.5,100,2013,8,2013-08-13,13,high,high
41.0295,-123.4981,2013-08-14,Terra,MODIS,15.8,0,297.6,66,2013,8,2013-08-14,14,medium,low
41.0298,-123.4749,2013-08-12,Aqua,MODIS,758.3,0,310.6,100,2013,8,2013-08-12,12,high,high
41.0298,-123.452,2013-08-14,Aqua,MODIS,99.7,0,286.1,100,2013,8,2013-08-14,14,high,medium-high
41.0299,-123.4434,2013-08-14,Terra,MODIS,311.8,0,288.5,100,2013,8,2013-08-14,14,high,high
41.03,-123.4659,2013-08-15,Terra,MODIS,33.5,0,289.7,61,2013,8,2013-08-15,15,medium,medium-low
41.0302,-123.4419,2013-08-18,Aqua,MODIS,125.8,0,301.3,87,2013,8,2013-08-18,18,high,high
41.0303,-123.5139,2013-08-21,Terra,MODIS,78.9,0,291.3,98,2013,8,2013-08-21,21,high,medium-high
41.0304,-123.4799,2013-08-16,Aqua,MODIS,88.6,0,295.6,51,2013,8,2013-08-16,16,medium,medium-high
41.0304,-123.4683,2013-08-11,Aqua,MODIS,575.2,0,305.5,100,2013,8,2013-08-11,11,high,high
41.0304,-123.4275,2013-08-19,Terra,MODIS,138.7,0,306.7,100,2013,8,2013-08-19,19,high,high
41.0309,-123.5063,2013-08-19,Aqua,MODIS,43.1,0,300.7,80,2013,8,2013-08-19,19,high,medium-low
41.031000000000006,-123.4445,2013-08-14,Aqua,MODIS,143.9,0,286.2,100,2013,8,2013-08-14,14,high,high
41.0311,-123.5081,2013-08-21,Terra,MODIS,87.0,0,291.1,100,2013,8,2013-08-21,21,high,medium-high
41.0313,-123.4323,2013-08-20,Terra,MODIS,71.1,0,291.3,100,2013,8,2013-08-20,20,high,medium-high
41.0316,-123.4794,2013-08-11,Terra,MODIS,344.3,0,291.6,87,2013,8,2013-08-11,11,high,high
41.0316,-123.4653,2013-08-14,Terra,MODIS,164.8,0,286.3,100,2013,8,2013-08-14,14,high,high
41.0317,-123.4571,2013-08-12,Aqua,MODIS,29.3,0,284.2,79,2013,8,2013-08-12,12,high,medium-low
41.0318,-123.4161,2013-08-18,Aqua,MODIS,125.0,0,301.3,87,2013,8,2013-08-18,18,high,high
41.032,-123.4536,2013-08-15,Terra,MODIS,50.3,0,291.6,94,2013,8,2013-08-15,15,high,medium-high
41.0321,-123.4488,2013-08-11,Terra,MODIS,119.6,0,295.0,81,2013,8,2013-08-11,11,high,high
41.0321,-123.4379,2013-08-16,Aqua,MODIS,113.2,0,294.2,73,2013,8,2013-08-16,16,high,medium-high
41.0322,-123.445,2013-08-11,Aqua,MODIS,138.2,0,297.1,93,2013,8,2013-08-11,11,high,high
41.0322,-123.4442,2013-08-14,Terra,MODIS,55.7,0,304.0,94,2013,8,2013-08-14,14,high,medium-high
41.0323,-123.4466,2013-08-13,Aqua,MODIS,14.6,0,285.7,78,2013,8,2013-08-13,13,high,low
41.0324,-123.4396,2013-08-19,Terra,MODIS,36.0,0,302.4,89,2013,8,2013-08-19,19,high,medium-low
41.0327,-123.4987,2013-08-10,Terra,MODIS,35.9,0,282.9,92,2013,8,2013-08-10,10,high,medium-low
41.0327,-123.492,2013-08-15,Aqua,MODIS,26.7,0,303.0,62,2013,8,2013-08-15,15,medium,medium-low
41.0327,-123.4488,2013-08-12,Terra,MODIS,16.7,0,298.6,80,2013,8,2013-08-12,12,high,low
41.0328,-123.4198,2013-08-20,Terra,MODIS,167.0,0,290.5,100,2013,8,2013-08-20,20,high,high
41.0329,-123.5002,2013-08-20,Terra,MODIS,16.6,0,294.3,96,2013,8,2013-08-20,20,high,low
41.0329,-123.4847,2013-08-11,Terra,MODIS,311.6,0,291.7,85,2013,8,2013-08-11,11,high,high
41.0329,-123.4616,2013-08-12,Aqua,MODIS,228.5,0,304.2,100,2013,8,2013-08-12,12,high,high
41.033,-123.5014,2013-08-12,Terra,MODIS,86.2,0,285.4,100,2013,8,2013-08-12,12,high,medium-high
41.0332,-123.4873,2013-08-13,Terra,MODIS,25.2,0,287.2,100,2013,8,2013-08-13,13,high,medium-low
41.0332,-123.4258,2013-08-19,Terra,MODIS,86.5,0,294.7,100,2013,8,2013-08-19,19,high,medium-high
41.0335,-123.4785,2013-08-12,Aqua,MODIS,43.1,0,285.1,95,2013,8,2013-08-12,12,high,medium-low
41.0335,-123.4223,2013-08-20,Aqua,MODIS,58.7,0,283.5,71,2013,8,2013-08-20,20,high,medium-high
41.0338,-123.4669,2013-08-13,Aqua,MODIS,22.1,0,286.9,87,2013,8,2013-08-13,13,high,medium-low
41.0338,-123.4566,2013-08-14,Terra,MODIS,77.9,0,305.1,98,2013,8,2013-08-14,14,high,medium-high
41.0338,-123.4551,2013-08-12,Aqua,MODIS,175.1,0,302.2,100,2013,8,2013-08-12,12,high,high
41.0341,-123.4824,2013-08-11,Terra,MODIS,135.8,0,293.8,83,2013,8,2013-08-11,11,high,high
41.0342,-123.484,2013-08-13,Terra,MODIS,112.7,0,296.0,82,2013,8,2013-08-13,13,high,medium-high
41.0343,-123.4915,2013-08-13,Aqua,MODIS,172.2,0,306.8,100,2013,8,2013-08-13,13,high,high
41.0343,-123.4877,2013-08-20,Terra,MODIS,16.6,0,292.2,68,2013,8,2013-08-20,20,medium,low
41.0344,-123.4875,2013-08-19,Aqua,MODIS,40.7,0,304.3,74,2013,8,2013-08-19,19,high,medium-low
41.0344,-123.442,2013-08-11,Terra,MODIS,98.6,0,294.7,78,2013,8,2013-08-11,11,high,medium-high
41.0344,-123.4063,2013-08-20,Terra,MODIS,16.2,0,284.7,94,2013,8,2013-08-20,20,high,low
41.0345,-123.4606,2013-08-12,Terra,MODIS,146.0,0,306.9,100,2013,8,2013-08-12,12,high,high
41.0348,-123.502,2013-08-20,Terra,MODIS,237.9,0,291.4,73,2013,8,2013-08-20,20,high,high
41.0348,-123.4753,2013-08-13,Terra,MODIS,39.6,0,289.6,100,2013,8,2013-08-13,13,high,medium-low
41.0349,-123.5061,2013-08-11,Aqua,MODIS,45.2,0,295.3,74,2013,8,2013-08-11,11,high,medium-low
41.035,-123.4613,2013-08-13,Aqua,MODIS,33.4,0,287.0,100,2013,8,2013-08-13,13,high,medium-low
41.035,-123.4254,2013-08-17,Terra,MODIS,43.1,0,287.8,100,2013,8,2013-08-17,17,high,medium-low
41.035,-123.4117,2013-08-19,Aqua,MODIS,65.3,0,294.3,100,2013,8,2013-08-19,19,high,medium-high
41.0351,-123.4927,2013-08-15,Terra,MODIS,27.0,0,287.3,100,2013,8,2013-08-15,15,high,medium-low
41.0353,-123.431,2013-08-21,Terra,MODIS,54.4,0,290.8,86,2013,8,2013-08-21,21,high,medium-high
41.0354,-123.4694,2013-08-14,Terra,MODIS,68.5,0,303.0,96,2013,8,2013-08-14,14,high,medium-high
41.0355,-123.4753,2013-08-14,Aqua,MODIS,141.7,0,300.4,89,2013,8,2013-08-14,14,high,high
41.0356,-123.5056,2013-08-12,Aqua,MODIS,46.5,0,289.2,78,2013,8,2013-08-12,12,high,medium-low
41.0356,-123.4922,2013-08-11,Terra,MODIS,20.7,0,282.2,84,2013,8,2013-08-11,11,high,low
41.0356,-123.4249,2013-08-21,Terra,MODIS,51.5,0,290.9,67,2013,8,2013-08-21,21,medium,medium-high
41.0359,-123.4764,2013-08-13,Aqua,MODIS,213.9,0,312.7,100,2013,8,2013-08-13,13,high,high
41.0361,-123.4352,2013-08-17,Aqua,MODIS,58.5,0,302.8,95,2013,8,2013-08-17,17,high,medium-high
41.0361,-123.4019,2013-08-21,Terra,MODIS,21.0,0,301.8,54,2013,8,2013-08-21,21,medium,medium-low
41.0362,-123.7538,2013-05-03,Terra,MODIS,90.6,0,287.4,99,2013,5,2013-05-03,3,high,medium-high
41.0362,-123.4746,2013-08-11,Terra,MODIS,182.1,0,294.3,89,2013,8,2013-08-11,11,high,high
41.0363,-123.4724,2013-08-12,Terra,MODIS,417.7,0,312.2,100,2013,8,2013-08-12,12,high,high
41.0364,-123.4814,2013-08-13,Aqua,MODIS,19.9,0,285.8,51,2013,8,2013-08-13,13,medium,low
41.0364,-123.4633,2013-08-13,Terra,MODIS,70.1,0,291.1,100,2013,8,2013-08-13,13,high,medium-high
41.0364,-123.4349,2013-08-16,Terra,MODIS,38.2,0,298.5,53,2013,8,2013-08-16,16,medium,medium-low
41.0365,-123.4868,2013-08-11,Aqua,MODIS,211.9,0,296.9,99,2013,8,2013-08-11,11,high,high
41.0366,-123.4884,2013-08-13,Terra,MODIS,96.4,0,295.9,79,2013,8,2013-08-13,13,high,medium-high
41.0366,-123.4433,2013-08-12,Aqua,MODIS,21.8,0,297.3,58,2013,8,2013-08-12,12,medium,medium-low
41.0367,-123.5072,2013-08-20,Terra,MODIS,15.1,0,294.2,91,2013,8,2013-08-20,20,high,low
41.0368,-123.4305,2013-08-19,Aqua,MODIS,121.9,0,295.2,100,2013,8,2013-08-19,19,high,high
41.037,-123.4978,2013-08-12,Aqua,MODIS,380.2,0,291.2,100,2013,8,2013-08-12,12,high,high
41.037,-123.4821,2013-08-14,Terra,MODIS,38.1,0,304.3,83,2013,8,2013-08-14,14,high,medium-low
41.0373,-123.4295,2013-08-18,Terra,MODIS,30.4,0,289.2,94,2013,8,2013-08-18,18,high,medium-low
41.0374,-123.4511,2013-08-14,Terra,MODIS,412.2,0,289.4,100,2013,8,2013-08-14,14,high,high
41.0376,-123.7619,2013-05-03,Terra,MODIS,75.1,0,287.4,92,2013,5,2013-05-03,3,high,medium-high
41.0376,-123.4611,2013-08-13,Aqua,MODIS,237.3,0,313.0,100,2013,8,2013-08-13,13,high,high
41.0377,-123.4758,2013-08-13,Aqua,MODIS,30.7,0,286.8,100,2013,8,2013-08-13,13,high,medium-low
41.0377,-123.4137,2013-08-21,Terra,MODIS,41.8,0,301.6,89,2013,8,2013-08-21,21,high,medium-low
41.0379,-123.4512,2013-08-13,Terra,MODIS,169.1,0,294.1,100,2013,8,2013-08-13,13,high,high
41.038,-123.4959,2013-08-16,Aqua,MODIS,225.4,0,293.4,86,2013,8,2013-08-16,16,high,high
41.0381,-123.495,2013-08-20,Terra,MODIS,91.6,0,296.0,100,2013,8,2013-08-20,20,high,medium-high
41.0381,-123.4841,2013-08-12,Terra,MODIS,181.2,0,305.4,100,2013,8,2013-08-12,12,high,high
41.0381,-123.4226,2013-08-17,Aqua,MODIS,108.5,0,302.5,100,2013,8,2013-08-17,17,high,medium-high
41.0383,-123.4643,2013-08-11,Aqua,MODIS,412.8,0,298.8,100,2013,8,2013-08-11,11,high,high
41.0389,-123.4908,2013-08-16,Aqua,MODIS,275.6,0,296.3,91,2013,8,2013-08-16,16,high,high
41.0389,-123.4404,2013-08-13,Terra,MODIS,266.6,0,299.4,83,2013,8,2013-08-13,13,high,high
41.0393,-123.4447,2013-08-13,Aqua,MODIS,25.4,0,299.6,77,2013,8,2013-08-13,13,high,medium-low
41.0393,-123.4136,2013-08-17,Terra,MODIS,37.7,0,297.3,82,2013,8,2013-08-17,17,high,medium-low
41.0395,-123.4251,2013-08-19,Terra,MODIS,27.7,0,304.6,85,2013,8,2013-08-19,19,high,medium-low
41.0397,-123.4426,2013-08-13,Terra,MODIS,383.7,0,298.5,97,2013,8,2013-08-13,13,high,high
41.04,-123.5006,2013-08-18,Aqua,MODIS,150.3,0,300.2,90,2013,8,2013-08-18,18,high,high
41.0401,-123.5098,2013-08-22,Terra,MODIS,39.1,0,293.2,100,2013,8,2013-08-22,22,high,medium-low
41.0402,-123.4831,2013-08-12,Aqua,MODIS,1076.8,0,303.3,94,2013,8,2013-08-12,12,high,high
41.0403,-123.4991,2013-08-21,Terra,MODIS,35.9,0,299.6,64,2013,8,2013-08-21,21,medium,medium-low
41.0403,-123.464,2013-08-14,Terra,MODIS,186.1,0,285.8,100,2013,8,2013-08-14,14,high,high
41.0404,-123.4233,2013-08-17,Aqua,MODIS,32.9,0,287.5,100,2013,8,2013-08-17,17,high,medium-low
41.0407,-123.4321,2013-08-13,Terra,MODIS,228.2,0,298.8,80,2013,8,2013-08-13,13,high,high
41.0408,-123.4964,2013-08-19,Aqua,MODIS,117.6,0,306.8,99,2013,8,2013-08-19,19,high,medium-high
41.0408,-123.4901,2013-08-19,Terra,MODIS,98.0,0,306.1,100,2013,8,2013-08-19,19,high,medium-high
41.0408,-123.4678,2013-08-12,Terra,MODIS,135.8,0,285.2,100,2013,8,2013-08-12,12,high,high
41.0408,-123.4342,2013-08-20,Terra,MODIS,15.4,0,289.7,57,2013,8,2013-08-20,20,medium,low
41.0409,-123.4937,2013-08-13,Terra,MODIS,296.7,0,297.0,85,2013,8,2013-08-13,13,high,high
41.041,-123.5136,2013-08-14,Aqua,MODIS,169.2,0,298.2,82,2013,8,2013-08-14,14,high,high
41.0411,-123.5026,2013-08-14,Terra,MODIS,411.2,0,289.1,100,2013,8,2013-08-14,14,high,high
41.0413,-123.4761,2013-08-12,Aqua,MODIS,865.1,0,301.3,100,2013,8,2013-08-12,12,high,high
41.0414,-123.4869,2013-08-16,Terra,MODIS,83.6,0,298.5,71,2013,8,2013-08-16,16,high,medium-high
41.0414,-123.4419,2013-08-14,Terra,MODIS,34.0,0,304.6,87,2013,8,2013-08-14,14,high,medium-low
41.0415,-123.5067,2013-08-19,Terra,MODIS,1067.2,0,302.7,100,2013,8,2013-08-19,19,high,high
41.0415,-123.4465,2013-08-12,Terra,MODIS,38.1,0,302.9,91,2013,8,2013-08-12,12,high,medium-low
41.0416,-123.4759,2013-08-18,Aqua,MODIS,91.9,0,301.9,77,2013,8,2013-08-18,18,high,medium-high
41.0418,-123.498,2013-08-22,Terra,MODIS,14.2,0,289.3,75,2013,8,2013-08-22,22,high,low
41.0419,-123.4822,2013-08-19,Aqua,MODIS,155.7,0,297.5,100,2013,8,2013-08-19,19,high,high
41.042,-123.5112,2013-08-21,Terra,MODIS,53.6,0,297.5,94,2013,8,2013-08-21,21,high,medium-high
41.0421,-123.444,2013-08-13,Aqua,MODIS,45.6,0,288.0,100,2013,8,2013-08-13,13,high,medium-low
41.0422,-123.4896,2013-08-13,Terra,MODIS,11.3,0,285.2,74,2013,8,2013-08-13,13,high,low
41.0422,-123.4818,2013-08-13,Terra,MODIS,374.4,0,298.3,90,2013,8,2013-08-13,13,high,high
41.0423,-123.4212,2013-08-20,Terra,MODIS,17.9,0,288.2,97,2013,8,2013-08-20,20,high,low
41.0425,-123.4302,2013-08-17,Terra,MODIS,33.4,0,298.1,59,2013,8,2013-08-17,17,medium,medium-low
41.0426,-123.4479,2013-08-13,Terra,MODIS,424.3,0,298.7,99,2013,8,2013-08-13,13,high,high
41.0427,-123.5075,2013-08-17,Aqua,MODIS,19.5,0,298.0,54,2013,8,2013-08-17,17,medium,low
41.0428,-123.5036,2013-08-23,Terra,MODIS,28.5,0,295.9,58,2013,8,2013-08-23,23,medium,medium-low
41.0428,-123.5021,2013-08-19,Terra,MODIS,73.6,0,302.8,97,2013,8,2013-08-19,19,high,medium-high
41.043,-123.4541,2013-08-14,Terra,MODIS,22.3,0,302.3,81,2013,8,2013-08-14,14,high,medium-low
41.0432,-123.4887,2013-08-18,Terra,MODIS,210.4,0,292.7,100,2013,8,2013-08-18,18,high,high
41.0432,-123.4825,2013-08-15,Aqua,MODIS,51.8,0,304.4,91,2013,8,2013-08-15,15,high,medium-high
41.0433,-123.4838,2013-08-14,Aqua,MODIS,748.7,0,304.5,100,2013,8,2013-08-14,14,high,high
41.0433,-123.4584,2013-08-12,Terra,MODIS,41.2,0,304.2,92,2013,8,2013-08-12,12,high,medium-low
41.0434,-123.5155,2013-08-24,Aqua,MODIS,11.6,0,285.6,76,2013,8,2013-08-24,24,high,low
41.0435,-123.4534,2013-08-12,Aqua,MODIS,64.3,0,284.7,100,2013,8,2013-08-12,12,high,medium-high
41.0436,-123.4748,2013-08-18,Terra,MODIS,94.7,0,303.8,72,2013,8,2013-08-18,18,high,medium-high
41.0437,-123.4778,2013-08-13,Terra,MODIS,93.9,0,292.0,100,2013,8,2013-08-13,13,high,medium-high
41.0438,-123.5018,2013-08-19,Aqua,MODIS,84.0,0,294.6,100,2013,8,2013-08-19,19,high,medium-high
41.0443,-123.4635,2013-08-12,Aqua,MODIS,107.1,0,297.6,94,2013,8,2013-08-12,12,high,medium-high
41.0443,-123.4415,2013-08-14,Aqua,MODIS,241.6,0,285.4,100,2013,8,2013-08-14,14,high,high
41.0446,-123.474,2013-08-16,Aqua,MODIS,38.4,0,283.6,53,2013,8,2013-08-16,16,medium,medium-low
41.0446,-123.4667,2013-08-14,Terra,MODIS,40.0,0,303.3,77,2013,8,2013-08-14,14,high,medium-low
41.0447,-123.4947,2013-08-17,Aqua,MODIS,57.3,0,303.8,95,2013,8,2013-08-17,17,high,medium-high
41.0449,-123.4593,2013-08-13,Aqua,MODIS,72.8,0,289.9,100,2013,8,2013-08-13,13,high,medium-high
41.045,-123.7637,2013-05-14,Terra,MODIS,30.8,0,281.1,91,2013,5,2013-05-14,14,high,medium-low
41.045,-123.4291,2013-08-17,Terra,MODIS,37.2,0,286.6,100,2013,8,2013-08-17,17,high,medium-low
41.0451,-123.4702,2013-08-12,Terra,MODIS,18.9,0,296.5,60,2013,8,2013-08-12,12,medium,low
41.0452,-123.5026,2013-08-16,Aqua,MODIS,148.0,0,291.4,76,2013,8,2013-08-16,16,high,high
41.0452,-123.4738,2013-08-12,Aqua,MODIS,53.1,0,283.3,100,2013,8,2013-08-12,12,high,medium-high
41.0453,-123.4657,2013-08-13,Terra,MODIS,167.8,0,293.8,100,2013,8,2013-08-13,13,high,high
41.0453,-123.4406,2013-08-14,Aqua,MODIS,55.6,0,285.4,52,2013,8,2013-08-14,14,medium,medium-high
41.0456,-123.5058,2013-08-20,Terra,MODIS,774.9,0,293.7,87,2013,8,2013-08-20,20,high,high
41.0456,-123.471,2013-08-13,Aqua,MODIS,685.9,0,321.0,100,2013,8,2013-08-13,13,high,high
41.0458,-123.5151,2013-08-21,Terra,MODIS,105.5,0,291.6,100,2013,8,2013-08-21,21,high,medium-high
41.0459,-123.4798,2013-08-13,Aqua,MODIS,734.6,0,313.9,100,2013,8,2013-08-13,13,high,high
41.0459,-123.4284,2013-08-20,Terra,MODIS,21.2,0,289.4,99,2013,8,2013-08-20,20,high,medium-low
41.0461,-123.5096,2013-08-20,Terra,MODIS,50.6,0,294.3,100,2013,8,2013-08-20,20,high,medium-high
41.0462,-123.4824,2013-08-15,Terra,MODIS,24.3,0,286.0,54,2013,8,2013-08-15,15,medium,medium-low
41.0462,-123.4794,2013-08-14,Terra,MODIS,122.2,0,305.2,100,2013,8,2013-08-14,14,high,high
41.0464,-123.4861,2013-08-16,Aqua,MODIS,406.7,0,295.7,96,2013,8,2013-08-16,16,high,high
41.0468,-123.482,2013-08-17,Aqua,MODIS,85.6,0,309.0,100,2013,8,2013-08-17,17,high,medium-high
41.0468,-123.4739,2013-08-17,Aqua,MODIS,21.0,0,285.2,50,2013,8,2013-08-17,17,medium,medium-low
41.047,-123.4716,2013-08-14,Aqua,MODIS,194.3,0,285.6,100,2013,8,2013-08-14,14,high,high
41.0472,-123.4551,2013-08-13,Aqua,MODIS,105.1,0,300.8,98,2013,8,2013-08-13,13,high,medium-high
41.0475,-123.4972,2013-08-20,Terra,MODIS,52.0,0,292.9,100,2013,8,2013-08-20,20,high,medium-high
41.0475,-123.4738,2013-08-13,Aqua,MODIS,64.7,0,288.0,100,2013,8,2013-08-13,13,high,medium-high
41.0476,-123.4786,2013-08-19,Terra,MODIS,755.0,0,300.1,100,2013,8,2013-08-19,19,high,high
41.0476,-123.4728,2013-08-14,Terra,MODIS,283.8,0,286.0,100,2013,8,2013-08-14,14,high,high
41.0476,-123.4642,2013-08-13,Aqua,MODIS,574.2,0,309.6,100,2013,8,2013-08-13,13,high,high
41.0477,-123.5132,2013-08-14,Terra,MODIS,292.7,0,288.2,100,2013,8,2013-08-14,14,high,high
41.0481,-123.5239,2013-08-14,Aqua,MODIS,63.4,0,295.3,73,2013,8,2013-08-14,14,high,medium-high
41.0483,-123.4853,2013-08-16,Terra,MODIS,53.8,0,285.2,65,2013,8,2013-08-16,16,medium,medium-high
41.0484,-123.4532,2013-08-14,Aqua,MODIS,273.4,0,285.3,100,2013,8,2013-08-14,14,high,high
41.0485,-123.487,2013-08-17,Aqua,MODIS,58.7,0,287.9,100,2013,8,2013-08-17,17,high,medium-high
41.049,-123.512,2013-08-22,Terra,MODIS,33.0,0,292.8,100,2013,8,2013-08-22,22,high,medium-low
41.0491,-123.5036,2013-08-17,Terra,MODIS,113.8,0,288.7,100,2013,8,2013-08-17,17,high,medium-high
41.0492,-123.4775,2013-08-14,Aqua,MODIS,983.7,0,305.0,100,2013,8,2013-08-14,14,high,high
41.0496,-123.4595,2013-08-14,Terra,MODIS,58.7,0,302.6,95,2013,8,2013-08-14,14,high,medium-high
41.0497,-123.436,2013-08-21,Terra,MODIS,76.0,0,289.9,89,2013,8,2013-08-21,21,high,medium-high
41.0498,-123.482,2013-08-13,Terra,MODIS,498.3,0,298.1,100,2013,8,2013-08-13,13,high,high
41.0498,-123.431,2013-08-21,Terra,MODIS,79.2,0,290.2,98,2013,8,2013-08-21,21,high,medium-high
41.0499,-123.5298,2013-08-24,Aqua,MODIS,17.9,0,284.5,56,2013,8,2013-08-24,24,medium,low
41.05,-123.4879,2013-08-19,Terra,MODIS,26.4,0,305.2,54,2013,8,2013-08-19,19,medium,medium-low
41.0501,-123.4547,2013-08-14,Aqua,MODIS,147.2,0,296.7,83,2013,8,2013-08-14,14,high,high
41.0502,-123.5004,2013-08-17,Aqua,MODIS,42.7,0,286.4,100,2013,8,2013-08-17,17,high,medium-low
41.0504,-123.5163,2013-08-17,Terra,MODIS,19.3,0,286.5,82,2013,8,2013-08-17,17,high,low
41.0504,-123.4658,2013-08-16,Terra,MODIS,79.9,0,301.3,76,2013,8,2013-08-16,16,high,medium-high
41.0506,-123.5065,2013-08-24,Aqua,MODIS,24.5,0,284.7,93,2013,8,2013-08-24,24,high,medium-low
41.0507,-123.7584,2013-10-08,Terra,MODIS,32.3,0,280.2,86,2013,10,2013-10-08,8,high,medium-low
41.0507,-123.4965,2013-08-15,Aqua,MODIS,73.2,0,303.2,98,2013,8,2013-08-15,15,high,medium-high
41.0509,-123.5087,2013-08-21,Terra,MODIS,42.3,0,300.0,75,2013,8,2013-08-21,21,high,medium-low
41.051,-123.4991,2013-08-19,Aqua,MODIS,79.2,0,304.8,94,2013,8,2013-08-19,19,high,medium-high
41.0512,-123.4789,2013-08-18,Aqua,MODIS,141.0,0,290.4,100,2013,8,2013-08-18,18,high,high
41.0512,-123.4723,2013-08-14,Terra,MODIS,518.3,0,315.6,100,2013,8,2013-08-14,14,high,high
41.0515,-123.5213,2013-08-23,Terra,MODIS,31.1,0,286.0,50,2013,8,2013-08-23,23,medium,medium-low
41.0516,-123.518,2013-08-24,Aqua,MODIS,36.0,0,288.2,87,2013,8,2013-08-24,24,high,medium-low
41.052,-123.5,2013-08-19,Terra,MODIS,29.7,0,304.5,66,2013,8,2013-08-19,19,medium,medium-low
41.052,-123.486,2013-08-13,Terra,MODIS,365.0,0,296.8,97,2013,8,2013-08-13,13,high,high
41.0521,-123.484,2013-08-16,Terra,MODIS,271.2,0,301.5,100,2013,8,2013-08-16,16,high,high
41.0522,-123.5011,2013-08-20,Terra,MODIS,1334.4,0,293.8,75,2013,8,2013-08-20,20,high,high
41.0522,-123.4847,2013-08-15,Aqua,MODIS,173.4,0,307.8,100,2013,8,2013-08-15,15,high,high
41.0523,-123.5185,2013-08-24,Aqua,MODIS,21.4,0,285.7,75,2013,8,2013-08-24,24,high,medium-low
41.0524,-123.4862,2013-08-17,Terra,MODIS,131.1,0,289.5,100,2013,8,2013-08-17,17,high,high
41.0525,-123.4819,2013-08-17,Terra,MODIS,201.1,0,303.7,100,2013,8,2013-08-17,17,high,high
41.0526,-123.5083,2013-08-18,Terra,MODIS,34.1,0,288.2,65,2013,8,2013-08-18,18,medium,medium-low
41.0526,-123.5028,2013-08-13,Aqua,MODIS,54.1,0,299.8,89,2013,8,2013-08-13,13,high,medium-high
41.0526,-123.4794,2013-08-19,Aqua,MODIS,43.0,0,293.4,100,2013,8,2013-08-19,19,high,medium-low
41.0528,-123.4855,2013-08-14,Terra,MODIS,363.1,0,308.5,100,2013,8,2013-08-14,14,high,high
41.0532,-123.4975,2013-08-15,Terra,MODIS,45.2,0,288.5,100,2013,8,2013-08-15,15,high,medium-low
41.0533,-123.5044,2013-08-18,Aqua,MODIS,89.6,0,298.2,80,2013,8,2013-08-18,18,high,medium-high
41.0533,-123.4803,2013-08-16,Terra,MODIS,67.0,0,285.7,87,2013,8,2013-08-16,16,high,medium-high
41.0536,-123.4986,2013-08-17,Terra,MODIS,193.8,0,288.2,100,2013,8,2013-08-17,17,high,high
41.0538,-123.4728,2013-08-15,Aqua,MODIS,140.7,0,306.5,100,2013,8,2013-08-15,15,high,high
41.0538,-123.454,2013-08-14,Terra,MODIS,295.9,0,287.4,100,2013,8,2013-08-14,14,high,high
41.0539,-123.5094,2013-08-19,Terra,MODIS,44.8,0,292.6,100,2013,8,2013-08-19,19,high,medium-low
41.054,-123.4993,2013-08-20,Terra,MODIS,226.9,0,282.5,77,2013,8,2013-08-20,20,high,high
41.0542,-123.491,2013-08-18,Terra,MODIS,81.3,0,289.0,100,2013,8,2013-08-18,18,high,medium-high
41.0544,-123.4766,2013-08-15,Terra,MODIS,304.8,0,298.1,100,2013,8,2013-08-15,15,high,high
41.0545,-123.4988,2013-08-14,Terra,MODIS,79.7,0,299.5,97,2013,8,2013-08-14,14,high,medium-high
41.0545,-123.4985,2013-08-19,Aqua,MODIS,31.2,0,293.1,90,2013,8,2013-08-19,19,high,medium-low
41.0546,-123.4732,2013-08-15,Aqua,MODIS,34.8,0,289.7,96,2013,8,2013-08-15,15,high,medium-low
41.0547,-123.5082,2013-08-14,Terra,MODIS,178.9,0,284.5,100,2013,8,2013-08-14,14,high,high
41.055,-123.4951,2013-08-16,Aqua,MODIS,156.0,0,293.2,76,2013,8,2013-08-16,16,high,high
41.0552,-123.485,2013-08-15,Terra,MODIS,106.4,0,293.9,100,2013,8,2013-08-15,15,high,medium-high
41.0556,-123.4695,2013-08-17,Terra,MODIS,14.3,0,284.7,54,2013,8,2013-08-17,17,medium,low
41.0557,-123.4733,2013-08-13,Aqua,MODIS,23.7,0,294.8,72,2013,8,2013-08-13,13,high,medium-low
41.0558,-123.4846,2013-08-17,Aqua,MODIS,18.5,0,300.9,72,2013,8,2013-08-17,17,high,low
41.0559,-123.765,2013-05-14,Terra,MODIS,53.0,0,281.4,100,2013,5,2013-05-14,14,high,medium-high
41.0561,-123.4717,2013-08-17,Aqua,MODIS,48.8,0,286.9,100,2013,8,2013-08-17,17,high,medium-high
41.0562,-123.5013,2013-08-18,Aqua,MODIS,47.0,0,288.9,92,2013,8,2013-08-18,18,high,medium-high
41.0564,-123.4885,2013-08-14,Aqua,MODIS,298.2,0,296.6,99,2013,8,2013-08-14,14,high,high
41.0564,-123.4848,2013-08-15,Aqua,MODIS,40.0,0,288.4,97,2013,8,2013-08-15,15,high,medium-low
41.0564,-123.4683,2013-08-14,Terra,MODIS,342.3,0,285.5,100,2013,8,2013-08-14,14,high,high
41.0566,-123.4718,2013-08-18,Terra,MODIS,61.0,0,301.6,55,2013,8,2013-08-18,18,medium,medium-high
41.0568,-123.5085,2013-08-14,Terra,MODIS,201.6,0,286.9,100,2013,8,2013-08-14,14,high,high
41.0568,-123.4817,2013-08-17,Terra,MODIS,82.0,0,287.1,100,2013,8,2013-08-17,17,high,medium-high
41.0569,-123.4994,2013-08-20,Terra,MODIS,31.3,0,291.6,100,2013,8,2013-08-20,20,high,medium-low
41.0572,-123.4725,2013-08-15,Terra,MODIS,149.2,0,295.9,100,2013,8,2013-08-15,15,high,high
41.0578,-123.5143,2013-08-22,Terra,MODIS,14.4,0,291.3,55,2013,8,2013-08-22,22,medium,low
41.0578,-123.485,2013-08-17,Aqua,MODIS,53.9,0,287.2,100,2013,8,2013-08-17,17,high,medium-high
41.0582,-123.4965,2013-08-15,Aqua,MODIS,17.4,0,284.4,90,2013,8,2013-08-15,15,high,low
41.0583,-123.4452,2013-08-14,Aqua,MODIS,110.5,0,283.8,82,2013,8,2013-08-14,14,high,medium-high
41.0584,-123.4865,2013-08-20,Terra,MODIS,18.8,0,291.1,97,2013,8,2013-08-20,20,high,low
41.0588,-123.5319,2013-08-24,Aqua,MODIS,25.4,0,286.9,85,2013,8,2013-08-24,24,high,medium-low
41.0591,-123.4853,2013-08-19,Terra,MODIS,80.3,0,305.1,99,2013,8,2013-08-19,19,high,medium-high
41.0592,-123.4602,2013-08-15,Terra,MODIS,27.9,0,286.0,62,2013,8,2013-08-15,15,medium,medium-low
41.0595,-123.4836,2013-08-19,Terra,MODIS,53.0,0,293.4,100,2013,8,2013-08-19,19,high,medium-high
41.0595,-123.4689,2013-08-16,Aqua,MODIS,62.3,0,283.6,78,2013,8,2013-08-16,16,high,medium-high
41.0601,-123.4964,2013-08-14,Aqua,MODIS,118.1,0,284.3,76,2013,8,2013-08-14,14,high,medium-high
41.0603,-123.4773,2013-08-14,Aqua,MODIS,245.9,0,286.0,100,2013,8,2013-08-14,14,high,high
41.0604,-123.5198,2013-08-21,Terra,MODIS,118.8,0,292.1,100,2013,8,2013-08-21,21,high,medium-high
41.0605,-123.4702,2013-08-14,Terra,MODIS,151.1,0,299.5,100,2013,8,2013-08-14,14,high,high
41.0611,-123.4975,2013-08-19,Terra,MODIS,86.3,0,304.9,99,2013,8,2013-08-19,19,high,medium-high
41.0612,-123.5025,2013-08-19,Aqua,MODIS,46.3,0,303.3,86,2013,8,2013-08-19,19,high,medium-low
41.0612,-123.4867,2013-08-15,Aqua,MODIS,247.0,0,307.5,100,2013,8,2013-08-15,15,high,high
41.0612,-123.4627,2013-08-14,Terra,MODIS,304.2,0,286.6,100,2013,8,2013-08-14,14,high,high
41.0614,-123.4696,2013-08-14,Aqua,MODIS,299.8,0,285.9,100,2013,8,2013-08-14,14,high,high
41.0618,-123.4866,2013-08-16,Terra,MODIS,57.0,0,286.1,94,2013,8,2013-08-16,16,high,medium-high
41.0623,-123.513,2013-08-14,Terra,MODIS,87.0,0,283.5,82,2013,8,2013-08-14,14,high,medium-high
41.0628,-123.4748,2013-08-15,Aqua,MODIS,117.5,0,300.2,100,2013,8,2013-08-15,15,high,medium-high
41.0633,-123.5401,2013-08-22,Terra,MODIS,8.7,0,291.5,77,2013,8,2013-08-22,22,high,low
41.0634,-123.474,2013-08-18,Aqua,MODIS,49.7,0,288.3,97,2013,8,2013-08-18,18,high,medium-high
41.0635,-123.5067,2013-08-14,Aqua,MODIS,33.2,0,283.5,56,2013,8,2013-08-14,14,medium,medium-low
41.0635,-123.4922,2013-08-20,Terra,MODIS,337.3,0,284.0,93,2013,8,2013-08-20,20,high,high
41.0635,-123.478,2013-08-19,Aqua,MODIS,59.3,0,293.4,100,2013,8,2013-08-19,19,high,medium-high
41.0636,-123.4651,2013-08-15,Aqua,MODIS,57.6,0,288.7,100,2013,8,2013-08-15,15,high,medium-high
41.0638,-123.474,2013-08-14,Terra,MODIS,98.6,0,283.8,88,2013,8,2013-08-14,14,high,medium-high
41.0642,-123.4877,2013-08-15,Terra,MODIS,13.0,0,285.3,83,2013,8,2013-08-15,15,high,low
41.0642,-123.4862,2013-08-19,Aqua,MODIS,88.1,0,304.2,95,2013,8,2013-08-19,19,high,medium-high
41.0646,-123.5252,2013-08-28,Terra,MODIS,8.9,0,292.4,58,2013,8,2013-08-28,28,medium,low
41.065,-123.5283,2013-08-22,Terra,MODIS,115.4,0,296.4,100,2013,8,2013-08-22,22,high,medium-high
41.0651,-123.5232,2013-08-23,Terra,MODIS,17.7,0,290.2,55,2013,8,2013-08-23,23,medium,low
41.0653,-123.4969,2013-08-19,Aqua,MODIS,31.4,0,292.1,98,2013,8,2013-08-19,19,high,medium-low
41.0654,-123.4923,2013-08-18,Terra,MODIS,16.5,0,287.4,62,2013,8,2013-08-18,18,medium,low
41.0654,-123.4767,2013-08-15,Aqua,MODIS,48.5,0,288.2,100,2013,8,2013-08-15,15,high,medium-high
41.0654,-123.47,2013-08-17,Aqua,MODIS,8.4,0,284.8,52,2013,8,2013-08-17,17,medium,low
41.0662,-123.4754,2013-08-15,Terra,MODIS,9.2,0,285.3,63,2013,8,2013-08-15,15,medium,low
41.0665,-123.4713,2013-08-15,Terra,MODIS,191.9,0,294.9,96,2013,8,2013-08-15,15,high,high
41.0671,-123.4833,2013-08-17,Aqua,MODIS,11.0,0,284.8,73,2013,8,2013-08-17,17,high,low
41.0677,-123.4932,2013-08-20,Terra,MODIS,760.3,0,290.1,87,2013,8,2013-08-20,20,high,high
41.0679,-123.4881,2013-08-20,Terra,MODIS,19.8,0,291.9,97,2013,8,2013-08-20,20,high,low
41.0681,-123.4825,2013-08-19,Terra,MODIS,33.4,0,303.5,87,2013,8,2013-08-19,19,high,medium-low
41.0688,-123.5291,2013-08-24,Terra,MODIS,12.7,0,285.3,73,2013,8,2013-08-24,24,high,low
41.0688,-123.5254,2013-08-31,Aqua,MODIS,11.8,0,297.4,50,2013,8,2013-08-31,31,medium,low
41.0701,-123.4803,2013-08-21,Terra,MODIS,37.3,0,289.4,71,2013,8,2013-08-21,21,high,medium-low
41.1431,-123.8869,2013-10-24,Aqua,MODIS,29.1,0,293.2,67,2013,10,2013-10-24,24,medium,medium-low
41.1484,-123.8663,2013-10-24,Aqua,MODIS,21.6,0,290.6,59,2013,10,2013-10-24,24,medium,medium-low
41.1598,-116.1851,2013-07-18,Aqua,MODIS,11.0,0,285.3,72,2013,7,2013-07-18,18,high,low
41.1604,-116.1935,2013-07-18,Terra,MODIS,24.5,0,287.6,100,2013,7,2013-07-18,18,high,medium-low
41.1621,-116.1817,2013-07-18,Terra,MODIS,48.4,0,294.3,100,2013,7,2013-07-18,18,high,medium-high
41.1625,-121.8159,2013-12-12,Aqua,MODIS,33.2,0,275.1,58,2013,12,2013-12-12,12,medium,medium-low
41.1639,-116.1699,2013-07-18,Terra,MODIS,115.2,0,300.5,100,2013,7,2013-07-18,18,high,medium-high
41.1657,-116.1582,2013-07-18,Terra,MODIS,115.9,0,301.7,100,2013,7,2013-07-18,18,high,medium-high
41.1665,-116.2298,2013-07-17,Aqua,MODIS,30.9,0,314.7,53,2013,7,2013-07-17,17,medium,medium-low
41.1701,-120.8151,2013-02-12,Terra,MODIS,19.1,0,276.2,76,2013,2,2013-02-12,12,high,low
41.1717,-116.2066,2013-07-17,Aqua,MODIS,44.8,0,315.5,67,2013,7,2013-07-17,17,medium,medium-low
41.1728,-116.1722,2013-07-18,Terra,MODIS,24.0,0,293.6,100,2013,7,2013-07-18,18,high,medium-low
41.1744,-121.8024,2013-12-12,Aqua,MODIS,44.0,0,274.1,85,2013,12,2013-12-12,12,high,medium-low
41.1776,-122.6853,2013-07-27,Aqua,MODIS,14.6,0,298.4,53,2013,7,2013-07-27,27,medium,low
41.1786,-122.0197,2013-12-09,Aqua,MODIS,14.0,0,270.5,60,2013,12,2013-12-09,9,medium,low
41.2034,-123.5951,2013-11-01,Terra,MODIS,21.6,0,283.4,99,2013,11,2013-11-01,1,high,medium-low
41.2071,-123.4488,2013-09-06,Aqua,MODIS,24.3,0,291.5,61,2013,9,2013-09-06,6,medium,medium-low
41.2096,-123.4577,2013-09-06,Aqua,MODIS,41.9,0,291.2,74,2013,9,2013-09-06,6,high,medium-low
41.2096,-121.8486,2013-12-13,Aqua,MODIS,72.5,0,277.8,79,2013,12,2013-12-13,13,high,medium-high
41.2099,-123.4233,2013-09-11,Aqua,MODIS,15.7,0,298.8,70,2013,9,2013-09-11,11,medium,low
41.2102,-121.8388,2013-12-13,Terra,MODIS,30.3,0,276.1,84,2013,12,2013-12-13,13,high,medium-low
41.2119,-121.8517,2013-12-13,Terra,MODIS,18.2,0,275.9,55,2013,12,2013-12-13,13,medium,low
41.2123,-123.4247,2013-09-06,Aqua,MODIS,106.4,0,294.7,89,2013,9,2013-09-06,6,high,medium-high
41.213,-123.4253,2013-09-07,Aqua,MODIS,9.9,0,297.5,53,2013,9,2013-09-07,7,medium,low
41.2148,-123.4352,2013-09-11,Terra,MODIS,12.3,0,291.4,64,2013,9,2013-09-11,11,medium,low
41.2148,-123.4318,2013-09-09,Aqua,MODIS,19.9,0,301.6,79,2013,9,2013-09-09,9,high,low
41.2149,-123.4311,2013-09-09,Terra,MODIS,14.3,0,291.3,88,2013,9,2013-09-09,9,high,low
41.2152,-123.4325,2013-09-06,Aqua,MODIS,338.2,0,298.5,100,2013,9,2013-09-06,6,high,high
41.2165,-123.4202,2013-09-09,Aqua,MODIS,13.2,0,302.5,72,2013,9,2013-09-09,9,high,low
41.2167,-123.4333,2013-09-11,Terra,MODIS,20.4,0,297.8,77,2013,9,2013-09-11,11,high,low
41.217,-123.4393,2013-09-11,Aqua,MODIS,44.4,0,302.2,88,2013,9,2013-09-11,11,high,medium-low
41.2172,-123.4257,2013-09-11,Terra,MODIS,19.9,0,298.7,75,2013,9,2013-09-11,11,high,low
41.2175,-123.4195,2013-09-08,Terra,MODIS,13.8,0,297.6,66,2013,9,2013-09-08,8,medium,low
41.218,-123.4205,2013-09-09,Aqua,MODIS,7.7,0,290.3,66,2013,9,2013-09-09,9,medium,low
41.2189,-123.3757,2013-08-18,Aqua,MODIS,70.3,0,301.3,74,2013,8,2013-08-18,18,high,medium-high
41.2192,-123.4524,2013-09-06,Aqua,MODIS,111.4,0,292.2,90,2013,9,2013-09-06,6,high,medium-high
41.2192,-123.4267,2013-09-11,Aqua,MODIS,18.3,0,303.8,74,2013,9,2013-09-11,11,high,low
41.2194,-123.4135,2013-09-06,Aqua,MODIS,34.5,0,294.1,70,2013,9,2013-09-06,6,medium,medium-low
41.2196,-121.8371,2013-12-13,Terra,MODIS,28.8,0,275.8,83,2013,12,2013-12-13,13,high,medium-low
41.2204,-123.4077,2013-09-06,Terra,MODIS,14.2,0,291.4,77,2013,9,2013-09-06,6,high,low
41.2206,-123.4252,2013-09-08,Aqua,MODIS,92.2,0,299.3,75,2013,9,2013-09-08,8,high,medium-high
41.2208,-123.4412,2013-09-07,Aqua,MODIS,31.5,0,298.5,83,2013,9,2013-09-07,7,high,medium-low
41.2208,-123.3478,2013-08-18,Aqua,MODIS,169.1,0,301.7,91,2013,8,2013-08-18,18,high,high
41.2212,-123.4313,2013-09-08,Aqua,MODIS,103.1,0,298.9,77,2013,9,2013-09-08,8,high,medium-high
41.2212,-123.4223,2013-09-09,Terra,MODIS,20.8,0,299.2,59,2013,9,2013-09-09,9,medium,medium-low
41.2212,-121.85,2013-12-13,Terra,MODIS,15.8,0,276.2,66,2013,12,2013-12-13,13,medium,low
41.222,-123.4195,2013-09-06,Terra,MODIS,83.6,0,296.1,99,2013,9,2013-09-06,6,high,medium-high
41.2223,-123.3757,2013-08-21,Terra,MODIS,27.3,0,290.8,63,2013,8,2013-08-21,21,medium,medium-low
41.2224,-123.4272,2013-09-07,Aqua,MODIS,84.1,0,300.2,97,2013,9,2013-09-07,7,high,medium-high
41.2226,-123.3646,2013-08-21,Aqua,MODIS,19.7,0,296.9,50,2013,8,2013-08-21,21,medium,low
41.2234,-123.3568,2013-08-21,Terra,MODIS,29.4,0,300.3,87,2013,8,2013-08-21,21,high,medium-low
41.2237,-123.4341,2013-09-09,Aqua,MODIS,66.6,0,304.7,97,2013,9,2013-09-09,9,high,medium-high
41.2243,-123.4289,2013-09-06,Aqua,MODIS,158.9,0,296.1,95,2013,9,2013-09-06,6,high,high
41.2244,-123.4337,2013-09-09,Terra,MODIS,6.9,0,290.2,60,2013,9,2013-09-09,9,medium,low
41.2252,-123.4161,2013-08-18,Aqua,MODIS,264.9,0,300.7,98,2013,8,2013-08-18,18,high,high
41.2253,-123.4224,2013-09-09,Aqua,MODIS,141.4,0,309.4,100,2013,9,2013-09-09,9,high,high
41.2255,-123.4121,2013-08-23,Terra,MODIS,12.8,0,289.3,63,2013,8,2013-08-23,23,medium,low
41.2261,-121.8425,2013-12-13,Terra,MODIS,29.1,0,276.2,55,2013,12,2013-12-13,13,medium,medium-low
41.2263,-123.4191,2013-08-23,Terra,MODIS,12.0,0,289.6,58,2013,8,2013-08-23,23,medium,low
41.2265,-123.4213,2013-09-09,Terra,MODIS,7.2,0,292.0,62,2013,9,2013-09-09,9,medium,low
41.2268,-123.344,2013-08-19,Terra,MODIS,27.5,0,294.4,86,2013,8,2013-08-19,19,high,medium-low
41.2291,-123.3547,2013-08-18,Aqua,MODIS,252.9,0,303.4,97,2013,8,2013-08-18,18,high,high
41.2295,-123.4239,2013-08-20,Terra,MODIS,91.4,0,299.6,100,2013,8,2013-08-20,20,high,medium-high
41.2298,-116.1259,2013-08-20,Aqua,MODIS,849.5,0,300.9,100,2013,8,2013-08-20,20,high,high
41.2312,-123.4087,2013-08-20,Terra,MODIS,47.0,0,297.9,100,2013,8,2013-08-20,20,high,medium-high
41.2314,-123.3359,2013-08-19,Aqua,MODIS,8.4,0,292.3,54,2013,8,2013-08-19,19,medium,low
41.2326,-116.1338,2013-08-20,Aqua,MODIS,1529.0,0,303.4,100,2013,8,2013-08-20,20,high,high
41.234,-123.3668,2013-08-21,Terra,MODIS,16.6,0,297.6,79,2013,8,2013-08-21,21,high,low
41.2341,-116.0815,2013-08-20,Aqua,MODIS,1370.5,0,285.6,87,2013,8,2013-08-20,20,high,high
41.2347,-123.3571,2013-08-17,Terra,MODIS,11.8,0,289.2,70,2013,8,2013-08-17,17,medium,low
41.2351,-123.3679,2013-08-19,Terra,MODIS,16.3,0,298.6,54,2013,8,2013-08-19,19,medium,low
41.2358,-123.379,2013-08-21,Terra,MODIS,35.5,0,297.6,89,2013,8,2013-08-21,21,high,medium-low
41.2359,-123.3681,2013-08-20,Terra,MODIS,13.4,0,296.1,89,2013,8,2013-08-20,20,high,low
41.2362,-123.4191,2013-08-19,Terra,MODIS,34.1,0,294.1,92,2013,8,2013-08-19,19,high,medium-low
41.2366,-123.3401,2013-08-17,Aqua,MODIS,9.7,0,297.1,57,2013,8,2013-08-17,17,medium,low
41.2372,-123.3433,2013-08-17,Terra,MODIS,12.4,0,290.4,72,2013,8,2013-08-17,17,high,low
41.2375,-123.4388,2013-08-20,Terra,MODIS,17.5,0,293.8,96,2013,8,2013-08-20,20,high,low
41.2384,-123.406,2013-08-19,Aqua,MODIS,14.7,0,292.8,66,2013,8,2013-08-19,19,medium,low
41.2385,-123.411,2013-08-18,Aqua,MODIS,21.9,0,288.1,65,2013,8,2013-08-18,18,medium,medium-low
41.2389,-123.4153,2013-08-18,Aqua,MODIS,154.4,0,299.7,90,2013,8,2013-08-18,18,high,high
41.2391,-123.4247,2013-08-20,Terra,MODIS,176.9,0,303.0,100,2013,8,2013-08-20,20,high,high
41.2398,-123.3787,2013-08-19,Aqua,MODIS,107.3,0,307.1,98,2013,8,2013-08-19,19,high,medium-high
41.2401,-123.4013,2013-08-19,Terra,MODIS,36.6,0,295.7,95,2013,8,2013-08-19,19,high,medium-low
41.2407,-123.4105,2013-08-20,Terra,MODIS,28.3,0,297.2,100,2013,8,2013-08-20,20,high,medium-low
41.2418,-123.4235,2013-08-17,Aqua,MODIS,16.0,0,297.9,54,2013,8,2013-08-17,17,medium,low
41.2418,-123.3605,2013-08-15,Terra,MODIS,8.9,0,289.7,51,2013,8,2013-08-15,15,medium,low
41.2424,-123.3993,2013-08-14,Aqua,MODIS,155.1,0,294.9,90,2013,8,2013-08-14,14,high,high
41.2425,-123.3955,2013-08-20,Terra,MODIS,31.2,0,298.3,100,2013,8,2013-08-20,20,high,medium-low
41.2426,-123.3432,2013-08-17,Aqua,MODIS,9.5,0,288.3,69,2013,8,2013-08-17,17,medium,low
41.2427,-123.3725,2013-08-19,Aqua,MODIS,284.9,0,309.4,100,2013,8,2013-08-19,19,high,high
41.2428,-123.3625,2013-08-19,Aqua,MODIS,108.3,0,305.8,99,2013,8,2013-08-19,19,high,medium-high
41.2429,-123.4129,2013-08-18,Terra,MODIS,69.0,0,291.2,100,2013,8,2013-08-18,18,high,medium-high
41.2436,-123.3487,2013-08-15,Terra,MODIS,9.5,0,290.8,52,2013,8,2013-08-15,15,medium,low
41.2437,-123.4116,2013-08-17,Aqua,MODIS,37.9,0,298.1,89,2013,8,2013-08-17,17,high,medium-low
41.244,-123.3824,2013-08-20,Terra,MODIS,23.1,0,297.7,100,2013,8,2013-08-20,20,high,medium-low
41.2441,-123.4436,2013-08-21,Aqua,MODIS,79.0,0,297.2,86,2013,8,2013-08-21,21,high,medium-high
41.2447,-123.3475,2013-08-13,Terra,MODIS,26.7,0,290.6,100,2013,8,2013-08-13,13,high,medium-low
41.2449,-123.3914,2013-08-18,Terra,MODIS,16.9,0,290.6,53,2013,8,2013-08-18,18,medium,low
41.2455,-123.3693,2013-08-20,Terra,MODIS,10.3,0,296.4,78,2013,8,2013-08-20,20,high,low
41.2455,-123.3369,2013-08-15,Terra,MODIS,14.9,0,291.4,93,2013,8,2013-08-15,15,high,low
41.2459,-123.4117,2013-08-17,Terra,MODIS,43.2,0,289.4,100,2013,8,2013-08-17,17,high,medium-low
41.2466,-123.3294,2013-08-15,Aqua,MODIS,8.6,0,288.6,58,2013,8,2013-08-15,15,medium,low
41.2468,-123.4487,2013-08-21,Aqua,MODIS,61.8,0,296.8,80,2013,8,2013-08-21,21,high,medium-high
41.2468,-123.4469,2013-08-24,Aqua,MODIS,37.4,0,287.8,78,2013,8,2013-08-24,24,high,medium-low
41.2472,-123.3402,2013-08-14,Terra,MODIS,65.4,0,289.6,79,2013,8,2013-08-14,14,high,medium-high
41.2473,-123.3251,2013-08-15,Terra,MODIS,23.1,0,292.3,100,2013,8,2013-08-15,15,high,medium-low
41.2474,-123.3879,2013-08-17,Aqua,MODIS,11.8,0,296.7,65,2013,8,2013-08-17,17,medium,low
41.2475,-123.3819,2013-08-17,Aqua,MODIS,30.6,0,289.2,100,2013,8,2013-08-17,17,high,medium-low
41.2477,-123.327,2013-08-15,Aqua,MODIS,20.1,0,298.2,78,2013,8,2013-08-15,15,high,low
41.2481,-123.425,2013-08-21,Aqua,MODIS,32.5,0,297.7,72,2013,8,2013-08-21,21,high,medium-low
41.2485,-123.3976,2013-08-17,Terra,MODIS,33.0,0,290.0,100,2013,8,2013-08-17,17,high,medium-low
41.2487,-123.4257,2013-08-20,Terra,MODIS,24.4,0,296.5,100,2013,8,2013-08-20,20,high,medium-low
41.2492,-123.3952,2013-08-17,Aqua,MODIS,15.8,0,288.8,89,2013,8,2013-08-17,17,high,low
41.25,-123.4028,2013-08-18,Aqua,MODIS,20.4,0,289.0,59,2013,8,2013-08-18,18,medium,low
41.2501,-123.3542,2013-08-13,Aqua,MODIS,55.0,0,299.9,63,2013,8,2013-08-13,13,medium,medium-high
41.2501,-116.1321,2013-08-20,Aqua,MODIS,1648.6,0,305.8,100,2013,8,2013-08-20,20,high,high
41.2502,-123.3533,2013-08-15,Aqua,MODIS,22.1,0,289.2,100,2013,8,2013-08-15,15,high,medium-low
41.2502,-116.1362,2013-08-20,Aqua,MODIS,968.9,0,306.1,100,2013,8,2013-08-20,20,high,high
41.2506,-123.4097,2013-08-14,Aqua,MODIS,103.2,0,294.9,82,2013,8,2013-08-14,14,high,medium-high
41.2508,-123.4077,2013-08-17,Aqua,MODIS,32.2,0,290.2,100,2013,8,2013-08-17,17,high,medium-low
41.2514,-116.0846,2013-08-20,Aqua,MODIS,1223.1,0,298.9,100,2013,8,2013-08-20,20,high,high
41.2515,-123.3813,2013-08-17,Terra,MODIS,14.2,0,289.6,53,2013,8,2013-08-17,17,medium,low
41.2516,-116.0805,2013-08-20,Aqua,MODIS,1442.8,0,297.7,94,2013,8,2013-08-20,20,high,high
41.2518,-123.4065,2013-08-19,Terra,MODIS,19.4,0,294.6,72,2013,8,2013-08-19,19,high,low
41.2518,-123.3737,2013-08-17,Aqua,MODIS,17.0,0,288.5,92,2013,8,2013-08-17,17,high,low
41.2523,-123.4196,2013-08-17,Terra,MODIS,16.1,0,288.8,60,2013,8,2013-08-17,17,medium,low
41.2525,-123.4374,2013-08-21,Aqua,MODIS,35.2,0,291.1,84,2013,8,2013-08-21,21,high,medium-low
41.2534,-123.3871,2013-08-17,Aqua,MODIS,27.8,0,289.3,100,2013,8,2013-08-17,17,high,medium-low
41.2536,-123.4186,2013-08-20,Aqua,MODIS,24.1,0,274.4,80,2013,8,2013-08-20,20,high,medium-low
41.2538,-123.3769,2013-08-15,Aqua,MODIS,13.3,0,288.7,89,2013,8,2013-08-15,15,high,low
41.2545,-123.4173,2013-08-15,Aqua,MODIS,26.7,0,297.6,83,2013,8,2013-08-15,15,high,medium-low
41.2551,-123.4056,2013-08-14,Aqua,MODIS,42.4,0,294.6,52,2013,8,2013-08-14,14,medium,medium-low
41.2551,-123.405,2013-08-17,Terra,MODIS,40.2,0,290.3,100,2013,8,2013-08-17,17,high,medium-low
41.2551,-123.4002,2013-08-17,Aqua,MODIS,29.8,0,289.9,100,2013,8,2013-08-17,17,high,medium-low
41.2554,-123.3367,2013-08-13,Terra,MODIS,16.0,0,291.2,63,2013,8,2013-08-13,13,medium,low
41.2554,-123.3268,2013-08-15,Aqua,MODIS,15.1,0,289.1,83,2013,8,2013-08-15,15,high,low
41.2558,-123.3906,2013-08-15,Terra,MODIS,12.3,0,291.4,60,2013,8,2013-08-15,15,medium,low
41.2558,-123.3483,2013-08-14,Terra,MODIS,74.5,0,289.6,60,2013,8,2013-08-14,14,medium,medium-high
41.2561,-123.4049,2013-08-15,Aqua,MODIS,15.5,0,297.3,74,2013,8,2013-08-15,15,high,low
41.2563,-123.3279,2013-08-15,Terra,MODIS,11.6,0,291.6,86,2013,8,2013-08-15,15,high,low
41.2565,-123.4422,2013-08-20,Terra,MODIS,22.7,0,295.2,100,2013,8,2013-08-20,20,high,medium-low
41.2566,-123.4124,2013-08-17,Aqua,MODIS,22.4,0,289.1,100,2013,8,2013-08-17,17,high,medium-low
41.2567,-123.4319,2013-08-21,Terra,MODIS,48.9,0,291.4,86,2013,8,2013-08-21,21,high,medium-high
41.2569,-123.3826,2013-08-14,Aqua,MODIS,208.3,0,296.0,94,2013,8,2013-08-14,14,high,high
41.2574,-123.4003,2013-08-15,Aqua,MODIS,8.1,0,288.5,56,2013,8,2013-08-15,15,medium,low
41.2582,-123.4278,2013-08-20,Terra,MODIS,43.6,0,297.1,100,2013,8,2013-08-20,20,high,medium-low
41.2593,-123.4124,2013-08-15,Aqua,MODIS,10.4,0,288.0,77,2013,8,2013-08-15,15,high,low
41.2603,-123.3563,2013-08-13,Aqua,MODIS,162.0,0,302.6,100,2013,8,2013-08-13,13,high,high
41.2606,-123.3949,2013-08-14,Terra,MODIS,49.2,0,289.1,63,2013,8,2013-08-14,14,medium,medium-high
41.261,-123.4168,2013-08-15,Terra,MODIS,18.7,0,290.1,99,2013,8,2013-08-15,15,high,low
41.2611,-123.3642,2013-08-13,Terra,MODIS,40.2,0,290.9,100,2013,8,2013-08-13,13,high,medium-low
41.2613,-123.4242,2013-08-16,Terra,MODIS,18.2,0,292.6,58,2013,8,2013-08-16,16,medium,low
41.2615,-123.3695,2013-08-12,Terra,MODIS,14.8,0,293.9,56,2013,8,2013-08-12,12,medium,low
41.2615,-123.3424,2013-08-13,Aqua,MODIS,62.5,0,289.5,100,2013,8,2013-08-13,13,high,medium-high
41.2618,-123.432,2013-08-15,Aqua,MODIS,26.7,0,296.3,83,2013,8,2013-08-15,15,high,medium-low
41.2628,-123.3515,2013-08-13,Terra,MODIS,20.0,0,290.6,76,2013,8,2013-08-13,13,high,low
41.2629,-123.405,2013-08-15,Terra,MODIS,13.7,0,290.8,58,2013,8,2013-08-15,15,medium,low
41.2634,-123.4199,2013-08-15,Aqua,MODIS,26.4,0,297.3,83,2013,8,2013-08-15,15,high,medium-low
41.2639,-123.4232,2013-08-13,Aqua,MODIS,53.5,0,299.0,86,2013,8,2013-08-13,13,high,medium-high
41.2647,-123.3934,2013-08-15,Terra,MODIS,27.7,0,291.9,100,2013,8,2013-08-15,15,high,medium-low
41.2648,-123.5616,2013-10-25,Aqua,MODIS,21.6,0,291.0,81,2013,10,2013-10-25,25,high,medium-low
41.2649,-123.5553,2013-10-27,Aqua,MODIS,12.1,0,289.5,72,2013,10,2013-10-27,27,high,low
41.2649,-123.386,2013-08-14,Aqua,MODIS,46.4,0,286.2,77,2013,8,2013-08-14,14,high,medium-low
41.2657,-123.4062,2013-08-13,Aqua,MODIS,38.3,0,298.1,56,2013,8,2013-08-13,13,medium,medium-low
41.2659,-123.4446,2013-08-20,Terra,MODIS,25.2,0,295.8,100,2013,8,2013-08-20,20,high,medium-low
41.2663,-123.549,2013-10-25,Aqua,MODIS,39.6,0,291.1,89,2013,10,2013-10-25,25,high,medium-low
41.2666,-123.5434,2013-10-27,Aqua,MODIS,41.2,0,289.7,91,2013,10,2013-10-27,27,high,medium-low
41.2666,-123.414,2013-08-14,Aqua,MODIS,64.4,0,285.4,89,2013,8,2013-08-14,14,high,medium-high
41.2671,-123.3898,2013-08-13,Terra,MODIS,11.0,0,290.2,56,2013,8,2013-08-13,13,medium,low
41.2673,-123.4222,2013-08-17,Aqua,MODIS,11.3,0,288.1,74,2013,8,2013-08-17,17,high,low
41.2676,-123.4306,2013-08-20,Terra,MODIS,12.6,0,295.7,69,2013,8,2013-08-20,20,medium,low
41.2678,-123.3961,2013-08-12,Aqua,MODIS,29.6,0,286.1,82,2013,8,2013-08-12,12,high,medium-low
41.2682,-123.431,2013-08-15,Terra,MODIS,13.0,0,288.3,70,2013,8,2013-08-15,15,medium,low
41.2682,-123.4101,2013-08-15,Aqua,MODIS,19.7,0,288.2,100,2013,8,2013-08-15,15,high,low
41.2683,-123.4263,2013-08-12,Terra,MODIS,64.7,0,287.3,97,2013,8,2013-08-12,12,high,medium-high
41.2688,-123.4308,2013-08-17,Aqua,MODIS,18.6,0,297.9,75,2013,8,2013-08-17,17,high,low
41.2689,-123.5506,2013-11-01,Aqua,MODIS,9.3,0,287.8,55,2013,11,2013-11-01,1,medium,low
41.2693,-123.4132,2013-08-12,Aqua,MODIS,20.5,0,285.5,65,2013,8,2013-08-12,12,medium,low
41.2695,-123.4488,2013-09-11,Aqua,MODIS,26.4,0,301.3,79,2013,9,2013-09-11,11,high,medium-low
41.2699,-120.3151,2013-11-25,Aqua,MODIS,9.9,0,284.5,50,2013,11,2013-11-25,25,medium,low
41.27,-123.4221,2013-08-15,Aqua,MODIS,23.1,0,288.2,100,2013,8,2013-08-15,15,high,medium-low
41.27,-123.3748,2013-08-09,Terra,MODIS,50.3,0,287.7,99,2013,8,2013-08-09,9,high,medium-high
41.2701,-123.4188,2013-08-15,Terra,MODIS,13.0,0,288.9,69,2013,8,2013-08-15,15,medium,low
41.2706,-123.2942,2013-08-15,Aqua,MODIS,50.4,0,300.9,93,2013,8,2013-08-15,15,high,medium-high
41.2707,-123.4186,2013-08-17,Aqua,MODIS,52.4,0,297.7,93,2013,8,2013-08-17,17,high,medium-high
41.2714,-123.4337,2013-08-18,Terra,MODIS,59.3,0,298.2,74,2013,8,2013-08-18,18,high,medium-high
41.2716,-123.4301,2013-08-19,Terra,MODIS,11.6,0,299.4,55,2013,8,2013-08-19,19,medium,low
41.2717,-123.4357,2013-08-19,Aqua,MODIS,30.6,0,303.0,78,2013,8,2013-08-19,19,high,medium-low
41.2719,-123.4327,2013-08-19,Terra,MODIS,29.9,0,294.3,90,2013,8,2013-08-19,19,high,medium-low
41.272,-123.3488,2013-08-09,Terra,MODIS,26.9,0,287.2,76,2013,8,2013-08-09,9,high,medium-low
41.2723,-123.3451,2013-08-15,Terra,MODIS,20.5,0,292.7,100,2013,8,2013-08-15,15,high,low
41.2725,-123.4538,2013-09-14,Aqua,MODIS,26.6,0,299.6,76,2013,9,2013-09-14,14,high,medium-low
41.2737,-123.411,2013-08-10,Aqua,MODIS,12.7,0,291.6,71,2013,8,2013-08-10,10,high,low
41.2738,-123.4022,2013-08-12,Terra,MODIS,50.5,0,288.6,90,2013,8,2013-08-12,12,high,medium-high
41.2741,-123.4333,2013-08-19,Aqua,MODIS,17.5,0,292.4,79,2013,8,2013-08-19,19,high,low
41.2742,-123.564,2013-10-25,Aqua,MODIS,16.8,0,289.9,77,2013,10,2013-10-25,25,high,low
41.2742,-123.4369,2013-09-14,Aqua,MODIS,41.3,0,301.4,84,2013,9,2013-09-14,14,high,medium-low
41.2743,-123.4064,2013-08-12,Aqua,MODIS,34.5,0,286.5,90,2013,8,2013-08-12,12,high,medium-low
41.2744,-123.4213,2013-08-19,Aqua,MODIS,23.0,0,303.1,73,2013,8,2013-08-19,19,high,medium-low
41.275,-123.4382,2013-08-19,Terra,MODIS,33.4,0,294.0,92,2013,8,2013-08-19,19,high,medium-low
41.2754,-123.4357,2013-08-21,Aqua,MODIS,33.1,0,296.8,56,2013,8,2013-08-21,21,medium,medium-low
41.2756,-123.4269,2013-08-19,Aqua,MODIS,21.5,0,292.9,89,2013,8,2013-08-19,19,high,medium-low
41.2757,-123.5513,2013-10-25,Aqua,MODIS,13.4,0,288.8,74,2013,10,2013-10-25,25,high,low
41.2766,-123.4647,2013-09-11,Aqua,MODIS,30.3,0,299.1,82,2013,9,2013-09-11,11,high,medium-low
41.277,-123.433,2013-08-20,Terra,MODIS,42.6,0,297.5,100,2013,8,2013-08-20,20,high,medium-low
41.2771,-123.3807,2013-08-08,Aqua,MODIS,22.5,0,296.0,84,2013,8,2013-08-08,8,high,medium-low
41.2773,-123.3116,2013-08-16,Aqua,MODIS,115.1,0,295.0,70,2013,8,2013-08-16,16,medium,medium-high
41.2784,-123.459,2013-09-12,Aqua,MODIS,25.0,0,294.9,52,2013,9,2013-09-12,12,medium,medium-low
41.2784,-123.3958,2013-08-08,Terra,MODIS,28.5,0,291.3,96,2013,8,2013-08-08,8,high,medium-low
41.2787,-123.4182,2013-08-20,Terra,MODIS,16.5,0,296.5,97,2013,8,2013-08-20,20,high,low
41.2788,-123.3689,2013-08-08,Aqua,MODIS,20.7,0,295.7,83,2013,8,2013-08-08,8,high,low
41.279,-123.4198,2013-08-19,Terra,MODIS,12.5,0,294.4,53,2013,8,2013-08-19,19,medium,low
41.2791,-123.4508,2013-09-11,Aqua,MODIS,44.1,0,299.6,88,2013,9,2013-09-11,11,high,medium-low
41.2793,-121.1164,2013-11-10,Aqua,MODIS,23.8,0,290.9,77,2013,11,2013-11-10,10,high,medium-low
41.2796,-123.2966,2013-08-15,Aqua,MODIS,76.2,0,301.0,98,2013,8,2013-08-15,15,high,medium-high
41.2799,-120.3181,2013-11-25,Aqua,MODIS,11.4,0,284.2,58,2013,11,2013-11-25,25,medium,low
41.2801,-123.4551,2013-09-13,Aqua,MODIS,18.4,0,299.7,57,2013,9,2013-09-13,13,medium,low
41.2801,-123.1215,2013-10-31,Aqua,MODIS,24.5,0,287.0,72,2013,10,2013-10-31,31,high,medium-low
41.2803,-123.305,2013-08-16,Terra,MODIS,33.3,0,288.9,74,2013,8,2013-08-16,16,high,medium-low
41.2805,-123.4001,2013-08-09,Terra,MODIS,20.7,0,287.1,59,2013,8,2013-08-09,9,medium,low
41.2805,-123.3836,2013-08-08,Terra,MODIS,13.8,0,290.4,64,2013,8,2013-08-08,8,medium,low
41.2807,-122.0452,2013-11-05,Terra,MODIS,46.7,0,280.3,78,2013,11,2013-11-05,5,high,medium-high
41.2822,-123.4439,2013-09-15,Terra,MODIS,16.2,0,295.3,75,2013,9,2013-09-15,15,high,low
41.2822,-123.2736,2013-08-16,Terra,MODIS,36.4,0,289.6,77,2013,8,2013-08-16,16,high,medium-low
41.2824,-123.4541,2013-09-16,Aqua,MODIS,8.5,0,294.7,59,2013,9,2013-09-16,16,medium,low
41.2824,-123.4454,2013-08-13,Aqua,MODIS,27.0,0,297.7,74,2013,8,2013-08-13,13,high,medium-low
41.2825,-123.4664,2013-09-12,Aqua,MODIS,17.6,0,295.5,60,2013,9,2013-09-12,12,medium,low
41.2826,-123.4507,2013-09-11,Terra,MODIS,12.0,0,297.6,60,2013,9,2013-09-11,11,medium,low
41.2826,-123.3731,2013-08-09,Terra,MODIS,29.2,0,287.7,80,2013,8,2013-08-09,9,high,medium-low
41.2828,-123.272,2013-08-15,Aqua,MODIS,30.2,0,299.5,86,2013,8,2013-08-15,15,high,medium-low
41.2829,-123.3701,2013-08-08,Terra,MODIS,6.9,0,289.8,54,2013,8,2013-08-08,8,medium,low
41.2838,-123.437,2013-08-19,Terra,MODIS,14.5,0,293.5,68,2013,8,2013-08-19,19,medium,low
41.2843,-123.1176,2013-10-31,Terra,MODIS,8.6,0,284.4,61,2013,10,2013-10-31,31,medium,low
41.2844,-123.4268,2013-08-13,Aqua,MODIS,23.9,0,299.0,65,2013,8,2013-08-13,13,medium,medium-low
41.2846,-123.451,2013-09-12,Terra,MODIS,17.1,0,290.7,81,2013,9,2013-09-12,12,high,low
41.2846,-122.0568,2013-11-05,Aqua,MODIS,61.4,0,293.0,95,2013,11,2013-11-05,5,high,medium-high
41.2852,-120.3087,2013-11-29,Terra,MODIS,15.2,0,281.7,64,2013,11,2013-11-29,29,medium,low
41.2855,-123.4004,2013-08-07,Terra,MODIS,70.3,0,284.1,52,2013,8,2013-08-07,7,medium,medium-high
41.2856,-123.3845,2013-08-08,Aqua,MODIS,12.9,0,288.6,58,2013,8,2013-08-08,8,medium,low
41.2857,-123.2599,2013-08-15,Terra,MODIS,7.6,0,291.1,67,2013,8,2013-08-15,15,medium,low
41.286,-123.3042,2013-08-15,Aqua,MODIS,15.5,0,299.5,59,2013,8,2013-08-15,15,medium,low
41.2863,-122.0451,2013-11-05,Aqua,MODIS,15.1,0,286.2,76,2013,11,2013-11-05,5,high,low
41.287,-122.0676,2013-11-01,Aqua,MODIS,37.8,0,292.9,81,2013,11,2013-11-01,1,high,medium-low
41.2872,-123.3101,2013-08-15,Terra,MODIS,9.4,0,289.7,76,2013,8,2013-08-15,15,high,low
41.2873,-123.3963,2013-08-08,Aqua,MODIS,19.8,0,289.2,78,2013,8,2013-08-08,8,high,low
41.2876,-123.4384,2013-09-13,Terra,MODIS,9.6,0,300.5,52,2013,9,2013-09-13,13,medium,low
41.2876,-123.2919,2013-08-15,Aqua,MODIS,33.5,0,299.4,87,2013,8,2013-08-15,15,high,medium-low
41.2877,-123.3993,2013-08-08,Terra,MODIS,26.8,0,291.2,81,2013,8,2013-08-08,8,high,medium-low
41.2884,-123.4542,2013-09-11,Aqua,MODIS,24.2,0,299.3,77,2013,9,2013-09-11,11,high,medium-low
41.2888,-122.0487,2013-11-01,Aqua,MODIS,18.2,0,291.3,69,2013,11,2013-11-01,1,medium,low
41.2889,-123.4079,2013-08-08,Aqua,MODIS,18.4,0,287.7,99,2013,8,2013-08-08,8,high,low
41.2891,-123.2979,2013-08-15,Terra,MODIS,27.5,0,291.7,100,2013,8,2013-08-15,15,high,medium-low
41.2892,-123.4342,2013-08-13,Terra,MODIS,15.4,0,287.9,92,2013,8,2013-08-13,13,high,low
41.2894,-123.3036,2013-08-14,Aqua,MODIS,89.7,0,298.2,80,2013,8,2013-08-14,14,high,medium-high
41.2895,-123.251,2013-08-12,Terra,MODIS,14.1,0,296.5,65,2013,8,2013-08-12,12,medium,low
41.2898,-123.4022,2013-08-07,Aqua,MODIS,53.6,0,293.7,63,2013,8,2013-08-07,7,medium,medium-high
41.29,-123.4032,2013-08-06,Terra,MODIS,13.2,0,293.5,91,2013,8,2013-08-06,6,high,low
41.29,-123.3863,2013-08-08,Terra,MODIS,13.6,0,290.6,65,2013,8,2013-08-08,8,medium,low
41.2905,-123.4307,2013-08-09,Terra,MODIS,32.6,0,286.4,84,2013,8,2013-08-09,9,high,medium-low
41.2914,-123.2631,2013-08-12,Terra,MODIS,14.2,0,297.4,62,2013,8,2013-08-12,12,medium,low
41.2917,-123.3915,2013-08-06,Terra,MODIS,15.0,0,293.9,97,2013,8,2013-08-06,6,high,low
41.2917,-123.2859,2013-08-17,Aqua,MODIS,27.0,0,304.1,85,2013,8,2013-08-17,17,high,medium-low
41.2917,-123.2626,2013-08-12,Terra,MODIS,33.0,0,288.7,72,2013,8,2013-08-12,12,high,medium-low
41.292,-123.2703,2013-08-13,Terra,MODIS,18.8,0,289.7,100,2013,8,2013-08-13,13,high,low
41.2922,-123.3734,2013-08-08,Terra,MODIS,8.4,0,290.3,64,2013,8,2013-08-08,8,medium,low
41.2929,-123.4268,2013-08-08,Terra,MODIS,10.7,0,286.8,61,2013,8,2013-08-08,8,medium,low
41.2929,-123.2736,2013-08-15,Terra,MODIS,10.9,0,291.3,70,2013,8,2013-08-15,15,medium,low
41.2933,-123.3951,2013-08-06,Aqua,MODIS,58.1,0,294.8,100,2013,8,2013-08-06,6,high,medium-high
41.2934,-123.3797,2013-08-06,Terra,MODIS,13.0,0,293.6,92,2013,8,2013-08-06,6,high,low
41.2935,-123.4414,2013-09-12,Terra,MODIS,12.2,0,290.4,75,2013,9,2013-09-12,12,high,low
41.2936,-123.2977,2013-08-14,Aqua,MODIS,148.9,0,298.1,90,2013,8,2013-08-14,14,high,high
41.2937,-123.2577,2013-08-13,Terra,MODIS,15.5,0,289.8,82,2013,8,2013-08-13,13,high,low
41.2938,-123.4516,2013-09-11,Terra,MODIS,13.5,0,293.5,72,2013,9,2013-09-11,11,high,low
41.294,-123.5639,2013-07-30,Terra,MODIS,22.6,0,291.2,100,2013,7,2013-07-30,30,high,medium-low
41.2942,-123.4366,2013-08-08,Terra,MODIS,20.9,0,289.5,69,2013,8,2013-08-08,8,medium,medium-low
41.2943,-123.451,2013-08-20,Terra,MODIS,28.2,0,294.7,100,2013,8,2013-08-20,20,high,medium-low
41.2943,-123.2465,2013-08-08,Terra,MODIS,48.8,0,290.3,100,2013,8,2013-08-08,8,high,medium-high
41.2944,-123.2723,2013-08-12,Aqua,MODIS,71.9,0,299.9,90,2013,8,2013-08-12,12,high,medium-high
41.2955,-123.4461,2013-08-15,Aqua,MODIS,15.2,0,294.3,69,2013,8,2013-08-15,15,medium,low
41.2955,-123.4084,2013-08-06,Aqua,MODIS,90.7,0,293.9,100,2013,8,2013-08-06,6,high,medium-high
41.2956,-123.2514,2013-08-08,Aqua,MODIS,20.6,0,299.6,54,2013,8,2013-08-08,8,medium,low
41.2959,-123.5517,2013-07-30,Terra,MODIS,19.3,0,292.7,100,2013,7,2013-07-30,30,high,low
41.2959,-123.4458,2013-09-07,Aqua,MODIS,12.7,0,286.7,79,2013,9,2013-09-07,7,high,low
41.2959,-123.4373,2013-08-20,Terra,MODIS,41.4,0,295.4,100,2013,8,2013-08-20,20,high,medium-low
41.2959,-123.2757,2013-08-14,Aqua,MODIS,177.0,0,301.2,92,2013,8,2013-08-14,14,high,high
41.2959,-123.234,2013-08-06,Terra,MODIS,5.9,0,292.3,62,2013,8,2013-08-06,6,medium,low
41.2961,-123.2771,2013-08-14,Terra,MODIS,24.3,0,300.5,82,2013,8,2013-08-14,14,high,medium-low
41.2969,-123.4608,2013-08-22,Terra,MODIS,5.6,0,291.5,59,2013,8,2013-08-22,22,medium,low
41.2972,-123.4172,2013-08-06,Terra,MODIS,9.4,0,292.3,74,2013,8,2013-08-06,6,high,low
41.2975,-123.2534,2013-08-12,Aqua,MODIS,23.9,0,286.4,72,2013,8,2013-08-12,12,high,medium-low
41.2975,-123.2154,2013-08-04,Terra,MODIS,59.8,0,298.8,56,2013,8,2013-08-04,4,medium,medium-high
41.2977,-123.2898,2013-08-14,Terra,MODIS,12.3,0,298.8,70,2013,8,2013-08-14,14,medium,low
41.298,-123.4537,2013-08-24,Terra,MODIS,10.2,0,286.3,64,2013,8,2013-08-24,24,medium,low
41.2984,-123.3974,2013-08-04,Aqua,MODIS,62.9,0,301.3,86,2013,8,2013-08-04,4,high,medium-high
41.2986,-123.449,2013-08-22,Terra,MODIS,7.1,0,291.7,68,2013,8,2013-08-22,22,medium,low
41.2989,-123.4055,2013-08-06,Terra,MODIS,46.3,0,296.8,100,2013,8,2013-08-06,6,high,medium-low
41.2991,-123.2842,2013-08-13,Aqua,MODIS,25.3,0,299.8,64,2013,8,2013-08-13,13,medium,medium-low
41.2995,-123.4176,2013-08-08,Aqua,MODIS,11.9,0,287.0,84,2013,8,2013-08-08,8,high,low
41.2996,-123.4549,2013-08-21,Terra,MODIS,25.5,0,291.1,63,2013,8,2013-08-21,21,medium,medium-low
41.2999,-123.2699,2013-08-14,Aqua,MODIS,124.2,0,301.5,87,2013,8,2013-08-14,14,high,high
41.3,-123.4429,2013-08-08,Terra,MODIS,21.4,0,287.7,70,2013,8,2013-08-08,8,medium,medium-low
41.3,-123.3915,2013-08-04,Aqua,MODIS,109.6,0,301.9,94,2013,8,2013-08-04,4,high,medium-high
41.3002,-123.2269,2013-08-06,Aqua,MODIS,14.4,0,290.5,87,2013,8,2013-08-06,6,high,low
41.3003,-123.3793,2013-08-06,Aqua,MODIS,13.3,0,290.9,85,2013,8,2013-08-06,6,high,low
41.3004,-123.3754,2013-08-04,Aqua,MODIS,47.4,0,300.2,81,2013,8,2013-08-04,4,high,medium-high
41.3005,-123.2763,2013-08-11,Aqua,MODIS,117.9,0,297.6,91,2013,8,2013-08-11,11,high,medium-high
41.3005,-123.249,2013-08-08,Terra,MODIS,56.8,0,293.5,84,2013,8,2013-08-08,8,high,medium-high
41.3005,-123.2326,2013-08-08,Terra,MODIS,23.7,0,293.9,70,2013,8,2013-08-08,8,medium,medium-low
41.3006,-123.3937,2013-08-06,Terra,MODIS,76.6,0,297.8,100,2013,8,2013-08-06,6,high,medium-high
41.3008,-123.2393,2013-08-04,Aqua,MODIS,96.5,0,308.4,92,2013,8,2013-08-04,4,high,medium-high
41.3009,-123.2672,2013-08-13,Aqua,MODIS,74.1,0,303.7,93,2013,8,2013-08-13,13,high,medium-high
41.3011,-123.4292,2013-08-08,Aqua,MODIS,11.7,0,287.3,81,2013,8,2013-08-08,8,high,low
41.3015,-123.4547,2013-08-21,Terra,MODIS,19.6,0,295.6,80,2013,8,2013-08-21,21,high,low
41.3023,-123.382,2013-08-06,Terra,MODIS,5.3,0,293.2,53,2013,8,2013-08-06,6,medium,low
41.3024,-123.3923,2013-08-06,Aqua,MODIS,9.7,0,291.7,74,2013,8,2013-08-06,6,high,low
41.3025,-123.2191,2013-08-04,Aqua,MODIS,129.7,0,307.4,97,2013,8,2013-08-04,4,high,high
41.3026,-123.2603,2013-08-13,Terra,MODIS,14.3,0,289.7,66,2013,8,2013-08-13,13,medium,low
41.3027,-123.2479,2013-08-11,Aqua,MODIS,85.2,0,300.3,86,2013,8,2013-08-11,11,high,medium-high
41.3027,-123.2146,2013-08-05,Terra,MODIS,34.6,0,291.6,54,2013,8,2013-08-05,5,medium,medium-low
41.3029,-123.2448,2013-08-08,Aqua,MODIS,8.6,0,286.5,62,2013,8,2013-08-08,8,medium,low
41.3031,-123.2346,2013-08-04,Aqua,MODIS,380.7,0,314.1,100,2013,8,2013-08-04,4,high,high
41.3036,-123.3985,2013-08-05,Terra,MODIS,30.0,0,292.2,63,2013,8,2013-08-05,5,medium,medium-low
41.3038,-121.7021,2013-10-31,Aqua,MODIS,76.1,0,288.1,93,2013,10,2013-10-31,31,high,medium-high
41.3039,-123.4522,2013-08-20,Terra,MODIS,9.6,0,295.0,80,2013,8,2013-08-20,20,high,low
41.3039,-123.2483,2013-08-08,Terra,MODIS,10.5,0,288.0,71,2013,8,2013-08-08,8,high,low
41.3045,-123.405,2013-08-06,Aqua,MODIS,18.8,0,291.8,97,2013,8,2013-08-06,6,high,low
41.3048,-123.2363,2013-08-06,Terra,MODIS,22.6,0,293.0,100,2013,8,2013-08-06,6,high,medium-low
41.3048,-123.1599,2013-08-28,Terra,MODIS,6.4,0,297.5,59,2013,8,2013-08-28,28,medium,low
41.3049,-123.1696,2013-08-24,Aqua,MODIS,16.8,0,296.3,70,2013,8,2013-08-24,24,medium,low
41.305,-123.5541,2013-07-30,Terra,MODIS,24.8,0,292.0,100,2013,7,2013-07-30,30,high,medium-low
41.305,-123.2143,2013-08-04,Aqua,MODIS,144.6,0,307.3,98,2013,8,2013-08-04,4,high,high
41.3051,-123.4538,2013-08-21,Aqua,MODIS,16.6,0,290.3,55,2013,8,2013-08-21,21,medium,low
41.3052,-123.2557,2013-08-08,Terra,MODIS,37.6,0,292.7,78,2013,8,2013-08-08,8,high,medium-low
41.3053,-121.6975,2013-10-31,Terra,MODIS,8.6,0,284.8,57,2013,10,2013-10-31,31,medium,low
41.3056,-123.4252,2013-08-06,Terra,MODIS,11.7,0,292.8,83,2013,8,2013-08-06,6,high,low
41.3058,-123.2225,2013-08-06,Terra,MODIS,106.6,0,297.6,84,2013,8,2013-08-06,6,high,medium-high
41.3061,-123.3953,2013-08-05,Aqua,MODIS,18.0,0,290.0,51,2013,8,2013-08-05,5,medium,low
41.3061,-123.2251,2013-08-03,Aqua,MODIS,76.6,0,304.9,94,2013,8,2013-08-03,3,high,medium-high
41.3065,-121.6874,2013-10-31,Aqua,MODIS,9.1,0,287.1,53,2013,10,2013-10-31,31,medium,low
41.3066,-123.418,2013-08-06,Aqua,MODIS,28.9,0,293.0,100,2013,8,2013-08-06,6,high,medium-low
41.3066,-123.1578,2013-08-24,Aqua,MODIS,20.0,0,296.2,76,2013,8,2013-08-24,24,high,low
41.3073,-123.4134,2013-08-06,Terra,MODIS,16.5,0,294.5,99,2013,8,2013-08-06,6,high,low
41.3076,-123.2073,2013-08-01,Aqua,MODIS,266.5,0,308.5,100,2013,8,2013-08-01,1,high,high
41.3077,-123.4192,2013-08-05,Aqua,MODIS,23.0,0,289.8,65,2013,8,2013-08-05,5,medium,medium-low
41.3078,-123.2303,2013-08-05,Aqua,MODIS,18.8,0,289.5,52,2013,8,2013-08-05,5,medium,low
41.3081,-123.1648,2013-08-24,Terra,MODIS,11.6,0,288.5,72,2013,8,2013-08-24,24,high,low
41.3087,-123.4306,2013-08-06,Aqua,MODIS,15.4,0,290.5,89,2013,8,2013-08-06,6,high,low
41.3088,-123.2132,2013-08-05,Aqua,MODIS,27.9,0,290.2,73,2013,8,2013-08-05,5,high,medium-low
41.3089,-123.2577,2013-08-12,Aqua,MODIS,264.8,0,301.5,100,2013,8,2013-08-12,12,high,high
41.309,-123.4017,2013-08-06,Terra,MODIS,20.3,0,295.1,100,2013,8,2013-08-06,6,high,low
41.3092,-123.279,2013-08-14,Aqua,MODIS,83.2,0,297.7,78,2013,8,2013-08-14,14,high,medium-high
41.3093,-123.263,2013-08-13,Aqua,MODIS,13.5,0,286.9,52,2013,8,2013-08-13,13,medium,low
41.3093,-123.2196,2013-08-04,Terra,MODIS,211.7,0,299.8,85,2013,8,2013-08-04,4,high,high
41.3095,-123.1952,2013-08-01,Aqua,MODIS,53.2,0,299.1,94,2013,8,2013-08-01,1,high,medium-high
41.3099,-123.4023,2013-08-05,Aqua,MODIS,28.4,0,290.6,73,2013,8,2013-08-05,5,high,medium-low
41.3102,-123.435,2013-08-05,Terra,MODIS,42.9,0,291.4,79,2013,8,2013-08-05,5,high,medium-low
41.3102,-123.1649,2013-08-24,Terra,MODIS,21.8,0,292.2,63,2013,8,2013-08-24,24,medium,medium-low
41.3104,-123.478,2013-09-13,Aqua,MODIS,37.8,0,298.9,74,2013,9,2013-09-13,13,high,medium-low
41.3106,-123.2316,2013-08-04,Terra,MODIS,36.1,0,291.7,100,2013,8,2013-08-04,4,high,medium-low
41.3107,-123.3899,2013-08-06,Terra,MODIS,9.1,0,293.8,80,2013,8,2013-08-06,6,high,low
41.3111,-123.27,2013-08-13,Aqua,MODIS,98.2,0,303.0,97,2013,8,2013-08-13,13,high,medium-high
41.3113,-123.1491,2013-08-18,Aqua,MODIS,55.5,0,303.1,71,2013,8,2013-08-18,18,high,medium-high
41.3116,-123.2628,2013-08-13,Terra,MODIS,17.0,0,288.6,86,2013,8,2013-08-13,13,high,low
41.3118,-123.4722,2013-09-13,Aqua,MODIS,51.1,0,299.2,83,2013,9,2013-09-13,13,high,medium-high
41.3118,-123.2446,2013-08-04,Aqua,MODIS,1130.1,0,326.0,100,2013,8,2013-08-04,4,high,high
41.3122,-123.2175,2013-08-04,Terra,MODIS,35.0,0,292.5,100,2013,8,2013-08-04,4,high,medium-low
41.3125,-123.2114,2013-08-03,Terra,MODIS,27.3,0,291.9,57,2013,8,2013-08-03,3,medium,medium-low
41.3129,-123.2528,2013-08-13,Aqua,MODIS,25.3,0,305.1,58,2013,8,2013-08-13,13,medium,medium-low
41.3129,-123.1357,2013-08-14,Terra,MODIS,13.8,0,297.2,71,2013,8,2013-08-14,14,high,low
41.3132,-123.1711,2013-08-01,Aqua,MODIS,34.9,0,297.6,87,2013,8,2013-08-01,1,high,medium-low
41.3134,-123.2253,2013-08-04,Aqua,MODIS,1883.8,0,324.6,100,2013,8,2013-08-04,4,high,high
41.3136,-123.2303,2013-08-03,Aqua,MODIS,117.9,0,306.3,99,2013,8,2013-08-03,3,high,medium-high
41.3137,-123.2413,2013-08-03,Aqua,MODIS,46.9,0,298.7,88,2013,8,2013-08-03,3,high,medium-high
41.31399999999999,-123.2405,2013-08-04,Aqua,MODIS,1956.3,0,331.1,100,2013,8,2013-08-04,4,high,high
41.3142,-123.2577,2013-08-06,Terra,MODIS,53.5,0,296.6,72,2013,8,2013-08-06,6,high,medium-high
41.3142,-123.1369,2013-08-13,Aqua,MODIS,47.7,0,301.0,86,2013,8,2013-08-13,13,high,medium-high
41.3143,-123.2119,2013-08-04,Terra,MODIS,202.0,0,298.9,84,2013,8,2013-08-04,4,high,high
41.3145,-123.4275,2013-08-06,Terra,MODIS,5.7,0,292.7,54,2013,8,2013-08-06,6,medium,low
41.3146,-123.3948,2013-08-03,Terra,MODIS,11.3,0,296.9,66,2013,8,2013-08-03,3,medium,low
41.3148,-123.254,2013-08-11,Aqua,MODIS,34.8,0,294.2,61,2013,8,2013-08-11,11,medium,medium-low
41.3148,-123.2252,2013-08-03,Terra,MODIS,111.2,0,297.6,100,2013,8,2013-08-03,3,high,medium-high
41.3148,-123.2209,2013-08-01,Aqua,MODIS,10.6,0,297.3,59,2013,8,2013-08-01,1,medium,low
41.3149,-123.4564,2013-09-13,Aqua,MODIS,22.0,0,297.8,56,2013,9,2013-09-13,13,medium,medium-low
41.3149,-123.396,2013-08-02,Terra,MODIS,19.1,0,285.1,68,2013,8,2013-08-02,2,medium,low
41.315,-123.3979,2013-08-02,Aqua,MODIS,33.7,0,298.8,56,2013,8,2013-08-02,2,medium,medium-low
41.3151,-123.1589,2013-08-01,Aqua,MODIS,22.5,0,296.6,80,2013,8,2013-08-01,1,high,medium-low
41.3155,-123.2513,2013-08-14,Aqua,MODIS,39.1,0,303.4,52,2013,8,2013-08-14,14,medium,medium-low
41.3158,-123.2208,2013-08-04,Aqua,MODIS,1077.7,0,312.5,100,2013,8,2013-08-04,4,high,high
41.3158,-123.1553,2013-08-24,Aqua,MODIS,24.5,0,287.3,100,2013,8,2013-08-24,24,high,medium-low
41.316,-123.2534,2013-08-03,Terra,MODIS,31.0,0,287.8,83,2013,8,2013-08-03,3,high,medium-low
41.3162,-123.4157,2013-08-06,Terra,MODIS,16.6,0,294.0,99,2013,8,2013-08-06,6,high,low
41.3164,-123.254,2013-08-05,Aqua,MODIS,40.3,0,303.1,58,2013,8,2013-08-05,5,medium,medium-low
41.3164,-123.2156,2013-08-03,Aqua,MODIS,32.4,0,302.8,55,2013,8,2013-08-03,3,medium,medium-low
41.3164,-123.1538,2013-08-18,Aqua,MODIS,39.6,0,303.4,62,2013,8,2013-08-18,18,medium,medium-low
41.3166,-123.2251,2013-08-03,Aqua,MODIS,134.4,0,304.2,100,2013,8,2013-08-03,3,high,high
41.3166,-123.2105,2013-08-03,Aqua,MODIS,24.6,0,287.9,55,2013,8,2013-08-03,3,medium,medium-low
41.3166,-123.2092,2013-08-01,Aqua,MODIS,659.3,0,327.0,100,2013,8,2013-08-01,1,high,high
41.3166,-123.1269,2013-08-12,Terra,MODIS,12.8,0,296.1,75,2013,8,2013-08-12,12,high,low
41.3172,-123.3816,2013-08-01,Aqua,MODIS,11.3,0,297.6,65,2013,8,2013-08-01,1,medium,low
41.3174,-123.1676,2013-08-24,Terra,MODIS,12.2,0,288.2,78,2013,8,2013-08-24,24,high,low
41.3175,-123.1672,2013-08-24,Aqua,MODIS,7.2,0,285.3,50,2013,8,2013-08-24,24,medium,low
41.3178,-123.4043,2013-08-05,Terra,MODIS,59.3,0,292.3,89,2013,8,2013-08-05,5,high,medium-high
41.318000000000005,-123.1976,2013-08-04,Aqua,MODIS,54.5,0,295.8,70,2013,8,2013-08-04,4,medium,medium-high
41.3181,-123.2251,2013-08-03,Aqua,MODIS,24.0,0,286.2,64,2013,8,2013-08-03,3,medium,medium-low
41.3184,-123.1975,2013-08-01,Aqua,MODIS,240.5,0,304.5,100,2013,8,2013-08-01,1,high,high
41.3185,-123.2708,2013-08-13,Terra,MODIS,9.5,0,286.3,71,2013,8,2013-08-13,13,high,low
41.3185,-123.1375,2013-08-13,Terra,MODIS,14.4,0,287.6,88,2013,8,2013-08-13,13,high,low
41.3195,-121.9704,2013-12-09,Aqua,MODIS,52.4,0,273.2,90,2013,12,2013-12-09,9,high,medium-high
41.3196,-123.4667,2013-09-13,Terra,MODIS,7.8,0,297.9,61,2013,9,2013-09-13,13,medium,low
41.3197,-123.154,2013-08-24,Terra,MODIS,10.6,0,289.1,72,2013,8,2013-08-24,24,high,low
41.3198,-123.164,2013-08-01,Terra,MODIS,44.0,0,294.8,83,2013,8,2013-08-01,1,high,medium-low
41.3199,-123.2357,2013-08-04,Terra,MODIS,30.2,0,290.2,100,2013,8,2013-08-04,4,high,medium-low
41.3201,-123.3811,2013-08-01,Terra,MODIS,14.1,0,288.0,71,2013,8,2013-08-01,1,high,low
41.3201,-123.2588,2013-08-13,Terra,MODIS,17.8,0,287.7,94,2013,8,2013-08-13,13,high,low
41.3202,-123.1458,2013-08-20,Terra,MODIS,8.3,0,296.0,72,2013,8,2013-08-20,20,high,low
41.3203,-123.1979,2013-08-02,Aqua,MODIS,39.2,0,293.2,57,2013,8,2013-08-02,2,medium,medium-low
41.3204,-123.1446,2013-08-04,Aqua,MODIS,46.0,0,302.8,70,2013,8,2013-08-04,4,medium,medium-low
41.3206,-123.2043,2013-08-02,Terra,MODIS,24.2,0,285.5,76,2013,8,2013-08-02,2,high,medium-low
41.3209,-123.4005,2013-08-04,Aqua,MODIS,26.8,0,300.9,66,2013,8,2013-08-04,4,medium,medium-low
41.3212,-123.4501,2013-09-15,Terra,MODIS,9.9,0,293.9,65,2013,9,2013-09-15,15,medium,low
41.3212,-123.2465,2013-08-03,Aqua,MODIS,34.7,0,296.6,80,2013,8,2013-08-03,3,high,medium-low
41.3213,-123.2289,2013-08-03,Terra,MODIS,101.6,0,291.6,100,2013,8,2013-08-03,3,high,medium-high
41.3215,-123.2217,2013-08-04,Terra,MODIS,13.9,0,290.2,70,2013,8,2013-08-04,4,medium,low
41.3216,-123.2296,2013-08-05,Aqua,MODIS,364.2,0,309.4,100,2013,8,2013-08-05,5,high,high
41.3216,-123.1584,2013-08-04,Aqua,MODIS,56.3,0,304.4,72,2013,8,2013-08-04,4,high,medium-high
41.3217,-123.4295,2013-09-11,Terra,MODIS,13.4,0,295.1,73,2013,9,2013-09-11,11,high,low
41.322,-123.2077,2013-08-02,Terra,MODIS,41.6,0,292.7,66,2013,8,2013-08-02,2,medium,medium-low
41.3222,-123.1735,2013-08-01,Aqua,MODIS,25.5,0,294.1,82,2013,8,2013-08-01,1,high,medium-low
41.3222,-123.1659,2013-08-02,Aqua,MODIS,38.9,0,293.5,57,2013,8,2013-08-02,2,medium,medium-low
41.3237,-123.4612,2013-09-14,Aqua,MODIS,27.7,0,301.0,77,2013,9,2013-09-14,14,high,medium-low
41.3239,-123.3807,2013-08-01,Terra,MODIS,35.3,0,292.9,80,2013,8,2013-08-01,1,high,medium-low
41.3241,-123.4009,2013-08-03,Aqua,MODIS,17.0,0,298.7,59,2013,8,2013-08-03,3,medium,low
41.3241,-123.1611,2013-08-01,Aqua,MODIS,21.6,0,293.5,79,2013,8,2013-08-01,1,high,medium-low
41.3242,-123.2304,2013-08-03,Aqua,MODIS,133.4,0,298.4,100,2013,8,2013-08-03,3,high,high
41.3242,-123.2238,2013-08-03,Terra,MODIS,79.3,0,297.4,98,2013,8,2013-08-03,3,high,medium-high
41.3242,-123.2175,2013-08-05,Terra,MODIS,54.8,0,309.9,96,2013,8,2013-08-05,5,high,medium-high
41.3242,-123.1637,2013-08-02,Terra,MODIS,24.4,0,286.4,53,2013,8,2013-08-02,2,medium,medium-low
41.3243,-123.2324,2013-08-04,Aqua,MODIS,103.0,0,295.7,92,2013,8,2013-08-04,4,high,medium-high
41.3243,-123.1315,2013-08-11,Aqua,MODIS,23.6,0,296.9,51,2013,8,2013-08-11,11,medium,medium-low
41.3244,-123.3956,2013-08-01,Aqua,MODIS,44.7,0,299.3,91,2013,8,2013-08-01,1,high,medium-low
41.3245,-123.1309,2013-08-15,Terra,MODIS,7.0,0,289.6,60,2013,8,2013-08-15,15,medium,low
41.3252,-123.2365,2013-08-05,Terra,MODIS,64.1,0,288.3,85,2013,8,2013-08-05,5,high,medium-high
41.3254,-123.4392,2013-09-14,Aqua,MODIS,8.2,0,290.1,55,2013,9,2013-09-14,14,medium,low
41.3256,-123.4438,2013-09-14,Aqua,MODIS,12.8,0,300.1,59,2013,9,2013-09-14,14,medium,low
41.3256,-123.4316,2013-08-13,Aqua,MODIS,21.7,0,296.9,70,2013,8,2013-08-13,13,medium,medium-low
41.3256,-123.211,2013-08-01,Aqua,MODIS,10.1,0,294.7,56,2013,8,2013-08-01,1,medium,low
41.3256,-123.2092,2013-08-03,Terra,MODIS,26.7,0,288.9,79,2013,8,2013-08-03,3,high,medium-low
41.3257,-123.2099,2013-08-05,Aqua,MODIS,69.9,0,303.0,71,2013,8,2013-08-05,5,high,medium-high
41.3258,-123.2336,2013-08-05,Aqua,MODIS,387.8,0,309.0,100,2013,8,2013-08-05,5,high,high
41.3258,-123.2174,2013-08-06,Terra,MODIS,11.7,0,291.3,87,2013,8,2013-08-06,6,high,low
41.3259,-123.229,2013-08-05,Terra,MODIS,160.9,0,313.7,100,2013,8,2013-08-05,5,high,high
41.3261,-123.2291,2013-08-04,Aqua,MODIS,32.0,0,287.9,78,2013,8,2013-08-04,4,high,medium-low
41.3261,-123.1238,2013-08-13,Aqua,MODIS,23.5,0,300.7,72,2013,8,2013-08-13,13,high,medium-low
41.3263,-123.3838,2013-08-01,Aqua,MODIS,112.1,0,303.1,100,2013,8,2013-08-01,1,high,medium-high
41.3264,-123.4579,2013-09-14,Terra,MODIS,65.7,0,294.4,100,2013,9,2013-09-14,14,high,medium-high
41.3264,-123.2371,2013-08-03,Terra,MODIS,55.5,0,296.3,94,2013,8,2013-08-03,3,high,medium-high
41.3265,-123.2428,2013-08-05,Terra,MODIS,46.4,0,287.7,68,2013,8,2013-08-05,5,medium,medium-low
41.3265,-123.1183,2013-08-15,Terra,MODIS,6.5,0,288.0,51,2013,8,2013-08-15,15,medium,low
41.3267,-123.437,2013-08-21,Terra,MODIS,7.4,0,295.5,59,2013,8,2013-08-21,21,medium,low
41.3267,-123.4063,2013-08-06,Terra,MODIS,11.6,0,294.1,89,2013,8,2013-08-06,6,high,low
41.3268,-123.2164,2013-08-03,Aqua,MODIS,84.3,0,296.9,95,2013,8,2013-08-03,3,high,medium-high
41.327,-123.1445,2013-08-06,Terra,MODIS,9.0,0,293.2,58,2013,8,2013-08-06,6,medium,low
41.3271,-123.1127,2013-08-08,Terra,MODIS,12.2,0,287.9,66,2013,8,2013-08-08,8,medium,low
41.3272,-123.1434,2013-08-05,Aqua,MODIS,79.2,0,302.4,85,2013,8,2013-08-05,5,high,medium-high
41.3275,-123.2408,2013-08-05,Terra,MODIS,26.8,0,304.0,66,2013,8,2013-08-05,5,medium,medium-low
41.328,-123.4455,2013-09-14,Terra,MODIS,61.2,0,294.3,100,2013,9,2013-09-14,14,high,medium-high
41.3282,-123.4548,2013-09-14,Aqua,MODIS,13.4,0,290.3,78,2013,9,2013-09-14,14,high,low
41.3283,-123.379,2013-08-01,Aqua,MODIS,42.1,0,287.1,100,2013,8,2013-08-01,1,high,medium-low
41.3285,-123.2211,2013-08-03,Aqua,MODIS,41.5,0,288.5,100,2013,8,2013-08-03,3,high,medium-low
41.3286,-123.1273,2013-08-09,Terra,MODIS,22.3,0,285.6,60,2013,8,2013-08-09,9,medium,medium-low
41.3287,-123.1327,2013-08-06,Terra,MODIS,9.6,0,292.5,81,2013,8,2013-08-06,6,high,low
41.3289,-123.2529,2013-08-03,Terra,MODIS,94.3,0,286.2,100,2013,8,2013-08-03,3,high,medium-high
41.3292,-123.2395,2013-08-04,Terra,MODIS,15.9,0,287.0,86,2013,8,2013-08-04,4,high,low
41.3292,-123.1272,2013-08-13,Terra,MODIS,14.9,0,286.8,88,2013,8,2013-08-13,13,high,low
41.3293,-123.2027,2013-08-03,Aqua,MODIS,60.5,0,298.3,88,2013,8,2013-08-03,3,high,medium-high
41.3294,-123.1912,2013-08-03,Terra,MODIS,23.5,0,288.9,74,2013,8,2013-08-03,3,high,medium-low
41.3296,-123.1507,2013-08-04,Terra,MODIS,16.6,0,291.5,90,2013,8,2013-08-04,4,high,low
41.3297,-123.4326,2013-09-14,Terra,MODIS,9.7,0,291.8,79,2013,9,2013-09-14,14,high,low
41.3298,-123.403,2013-08-06,Aqua,MODIS,15.5,0,291.4,81,2013,8,2013-08-06,6,high,low
41.3299,-123.3916,2013-08-01,Aqua,MODIS,23.0,0,283.3,99,2013,8,2013-08-01,1,high,medium-low
41.3299,-123.2134,2013-08-04,Terra,MODIS,110.3,0,297.9,71,2013,8,2013-08-04,4,high,medium-high
41.33,-123.2142,2013-08-05,Aqua,MODIS,214.1,0,303.6,100,2013,8,2013-08-05,5,high,high
41.3301,-123.2364,2013-08-03,Aqua,MODIS,64.5,0,286.7,100,2013,8,2013-08-03,3,high,medium-high
41.3302,-123.1507,2013-08-03,Aqua,MODIS,62.4,0,298.5,92,2013,8,2013-08-03,3,high,medium-high
41.3303,-123.3837,2013-08-01,Terra,MODIS,12.3,0,286.8,64,2013,8,2013-08-01,1,medium,low
41.3305,-123.1401,2013-08-03,Aqua,MODIS,20.2,0,295.5,65,2013,8,2013-08-03,3,medium,low
41.3306,-123.1647,2013-08-02,Aqua,MODIS,63.3,0,292.8,60,2013,8,2013-08-02,2,medium,medium-high
41.3309,-123.396,2013-08-05,Terra,MODIS,7.0,0,295.5,51,2013,8,2013-08-05,5,medium,low
41.3309,-123.2253,2013-08-04,Terra,MODIS,19.3,0,288.2,94,2013,8,2013-08-04,4,high,low
41.331,-123.1202,2013-08-08,Aqua,MODIS,8.5,0,287.3,56,2013,8,2013-08-08,8,medium,low
41.3311,-123.2077,2013-08-03,Terra,MODIS,69.3,0,294.3,97,2013,8,2013-08-03,3,high,medium-high
41.3315,-123.2037,2013-08-05,Terra,MODIS,30.0,0,303.8,71,2013,8,2013-08-05,5,high,medium-low
41.3315,-123.1765,2013-08-07,Aqua,MODIS,87.1,0,293.9,57,2013,8,2013-08-07,7,medium,medium-high
41.3316,-123.1486,2013-08-05,Aqua,MODIS,86.2,0,303.7,86,2013,8,2013-08-05,5,high,medium-high
41.332,-123.2083,2013-08-05,Terra,MODIS,70.0,0,290.6,91,2013,8,2013-08-05,5,high,medium-high
41.3326,-123.2372,2013-08-06,Terra,MODIS,14.5,0,287.9,91,2013,8,2013-08-06,6,high,low
41.3327,-123.2099,2013-08-04,Terra,MODIS,20.3,0,290.5,83,2013,8,2013-08-04,4,high,low
41.3329,-123.113,2013-08-08,Terra,MODIS,19.2,0,290.9,65,2013,8,2013-08-08,8,medium,low
41.333,-123.2176,2013-08-05,Aqua,MODIS,94.2,0,289.2,100,2013,8,2013-08-05,5,high,medium-high
41.3331,-123.2152,2013-08-05,Terra,MODIS,312.0,0,312.7,100,2013,8,2013-08-05,5,high,high
41.3338,-123.1308,2013-08-08,Terra,MODIS,18.6,0,289.8,58,2013,8,2013-08-08,8,medium,low
41.3339,-123.2292,2013-08-03,Terra,MODIS,131.0,0,286.8,100,2013,8,2013-08-03,3,high,high
41.3339,-123.2128,2013-08-05,Terra,MODIS,97.5,0,290.2,100,2013,8,2013-08-05,5,high,medium-high
41.3341,-123.2301,2013-08-05,Aqua,MODIS,334.2,0,303.2,100,2013,8,2013-08-05,5,high,high
41.3342,-123.1094,2013-08-20,Terra,MODIS,5.8,0,292.0,50,2013,8,2013-08-20,20,medium,low
41.3343,-123.2254,2013-08-06,Terra,MODIS,34.7,0,293.7,100,2013,8,2013-08-06,6,high,medium-low
41.3344,-123.1944,2013-08-04,Terra,MODIS,19.5,0,291.6,93,2013,8,2013-08-04,4,high,low
41.3347,-123.2412,2013-08-05,Aqua,MODIS,50.0,0,287.3,84,2013,8,2013-08-05,5,high,medium-high
41.3348,-123.2268,2013-08-05,Terra,MODIS,359.5,0,310.3,100,2013,8,2013-08-05,5,high,high
41.3351,-123.2171,2013-08-04,Terra,MODIS,77.5,0,295.2,59,2013,8,2013-08-04,4,medium,medium-high
41.3356,-123.4086,2013-08-06,Terra,MODIS,13.3,0,293.0,93,2013,8,2013-08-06,6,high,low
41.3359,-123.3938,2013-08-04,Aqua,MODIS,13.7,0,290.5,65,2013,8,2013-08-04,4,medium,low
41.336000000000006,-123.2136,2013-08-06,Terra,MODIS,31.6,0,293.7,100,2013,8,2013-08-06,6,high,medium-low
41.3362,-123.1165,2013-08-08,Terra,MODIS,35.8,0,290.3,100,2013,8,2013-08-08,8,high,medium-low
41.3364,-123.2386,2013-08-05,Terra,MODIS,14.1,0,299.7,55,2013,8,2013-08-05,5,medium,low
41.3369,-123.1245,2013-08-05,Aqua,MODIS,47.8,0,299.1,72,2013,8,2013-08-05,5,high,medium-high
41.3374,-123.22,2013-08-06,Aqua,MODIS,14.7,0,289.6,52,2013,8,2013-08-06,6,medium,low
41.3375,-123.135,2013-08-06,Terra,MODIS,22.3,0,292.8,100,2013,8,2013-08-06,6,high,medium-low
41.3377,-123.2018,2013-08-06,Terra,MODIS,24.1,0,294.0,100,2013,8,2013-08-06,6,high,medium-low
41.3378,-123.1576,2013-08-03,Aqua,MODIS,35.3,0,296.1,52,2013,8,2013-08-03,3,medium,medium-low
41.338,-123.2361,2013-08-05,Aqua,MODIS,165.2,0,298.4,96,2013,8,2013-08-05,5,high,high
41.3381,-123.2113,2013-08-05,Aqua,MODIS,133.8,0,299.1,94,2013,8,2013-08-05,5,high,high
41.3382,-123.1059,2013-08-08,Aqua,MODIS,18.7,0,287.2,99,2013,8,2013-08-08,8,high,low
41.3383,-123.1145,2013-08-15,Aqua,MODIS,31.9,0,301.7,86,2013,8,2013-08-15,15,high,medium-low
41.3388,-123.1899,2013-08-05,Terra,MODIS,98.3,0,303.0,100,2013,8,2013-08-05,5,high,medium-high
41.3391,-123.1537,2013-08-04,Terra,MODIS,16.0,0,290.6,89,2013,8,2013-08-04,4,high,low
41.3393,-123.19,2013-08-06,Terra,MODIS,11.9,0,292.9,86,2013,8,2013-08-06,6,high,low
41.3396,-123.144,2013-08-05,Aqua,MODIS,110.6,0,300.8,90,2013,8,2013-08-05,5,high,medium-high
41.3404,-123.2014,2013-08-05,Terra,MODIS,172.0,0,307.3,100,2013,8,2013-08-05,5,high,high
41.3406,-123.1407,2013-08-04,Terra,MODIS,15.5,0,290.0,86,2013,8,2013-08-04,4,high,low
41.3409,-123.1411,2013-08-03,Aqua,MODIS,34.6,0,295.4,65,2013,8,2013-08-03,3,medium,medium-low
41.341,-123.1782,2013-08-06,Terra,MODIS,8.1,0,291.1,72,2013,8,2013-08-06,6,high,low
41.342,-123.2129,2013-08-05,Terra,MODIS,201.1,0,308.2,100,2013,8,2013-08-05,5,high,high
41.3421,-123.2064,2013-08-12,Aqua,MODIS,20.2,0,295.0,64,2013,8,2013-08-12,12,medium,low
41.3424,-123.2154,2013-08-05,Aqua,MODIS,106.3,0,296.1,90,2013,8,2013-08-05,5,high,medium-high
41.3432,-123.2277,2013-08-06,Terra,MODIS,22.2,0,289.3,100,2013,8,2013-08-06,6,high,medium-low
41.3437,-123.2245,2013-08-05,Terra,MODIS,235.3,0,304.6,100,2013,8,2013-08-05,5,high,high
41.3448,-123.216,2013-08-06,Terra,MODIS,18.3,0,290.7,99,2013,8,2013-08-06,6,high,low
41.3456,-123.1185,2013-08-08,Terra,MODIS,11.6,0,286.9,73,2013,8,2013-08-08,8,high,low
41.3458,-123.2141,2013-08-05,Aqua,MODIS,51.6,0,287.3,95,2013,8,2013-08-05,5,high,medium-high
41.3465,-123.2041,2013-08-06,Terra,MODIS,58.2,0,294.1,100,2013,8,2013-08-06,6,high,medium-high
41.3466,-123.1657,2013-08-08,Aqua,MODIS,9.2,0,286.6,70,2013,8,2013-08-08,8,medium,low
41.3471,-123.1186,2013-08-07,Terra,MODIS,26.4,0,297.8,80,2013,8,2013-08-07,7,high,medium-low
41.3477,-123.1313,2013-08-06,Terra,MODIS,22.1,0,289.7,100,2013,8,2013-08-06,6,high,medium-low
41.3482,-123.1923,2013-08-06,Terra,MODIS,41.2,0,293.7,100,2013,8,2013-08-06,6,high,medium-low
41.3489,-123.1341,2013-08-07,Terra,MODIS,12.6,0,297.6,55,2013,8,2013-08-07,7,medium,low
41.3511,-123.1864,2013-08-06,Aqua,MODIS,13.7,0,290.3,76,2013,8,2013-08-06,6,high,low
41.3681,-116.4272,2013-08-18,Aqua,MODIS,181.2,0,304.7,97,2013,8,2013-08-18,18,high,high
41.3725,-116.3862,2013-08-18,Terra,MODIS,20.5,0,313.2,70,2013,8,2013-08-18,18,medium,low
41.374,-116.4009,2013-08-18,Aqua,MODIS,447.4,0,308.6,100,2013,8,2013-08-18,18,high,high
41.3745,-116.4582,2013-08-18,Aqua,MODIS,134.4,0,309.5,93,2013,8,2013-08-18,18,high,high
41.377,-123.9703,2013-01-23,Terra,MODIS,48.9,0,269.6,79,2013,1,2013-01-23,23,high,medium-high
41.3801,-120.5609,2013-10-24,Aqua,MODIS,11.0,0,301.6,72,2013,10,2013-10-24,24,high,low
41.3804,-116.4318,2013-08-18,Aqua,MODIS,261.2,0,305.7,100,2013,8,2013-08-18,18,high,high
41.3809,-116.3902,2013-08-18,Terra,MODIS,146.0,0,316.3,100,2013,8,2013-08-18,18,high,high
41.3824,-116.3831,2013-08-18,Terra,MODIS,123.3,0,289.6,100,2013,8,2013-08-18,18,high,high
41.3825,-116.4023,2013-08-18,Terra,MODIS,126.4,0,310.4,100,2013,8,2013-08-18,18,high,high
41.3841,-116.4146,2013-08-18,Terra,MODIS,145.7,0,307.8,100,2013,8,2013-08-18,18,high,high
41.3847,-114.724,2013-03-02,Aqua,MODIS,15.3,0,282.3,56,2013,3,2013-03-02,2,medium,low
41.3858,-116.4273,2013-08-18,Terra,MODIS,85.5,0,306.2,100,2013,8,2013-08-18,18,high,medium-high
41.3863,-116.4053,2013-08-18,Aqua,MODIS,143.1,0,305.0,93,2013,8,2013-08-18,18,high,high
41.387,-116.4624,2013-08-18,Aqua,MODIS,73.4,0,309.7,82,2013,8,2013-08-18,18,high,medium-high
41.3874,-116.4396,2013-08-18,Terra,MODIS,46.5,0,310.6,92,2013,8,2013-08-18,18,high,medium-low
41.3874,-116.4269,2013-08-18,Terra,MODIS,522.0,0,292.9,100,2013,8,2013-08-18,18,high,high
41.3889,-116.3972,2013-08-18,Aqua,MODIS,197.1,0,289.6,100,2013,8,2013-08-18,18,high,high
41.3908,-116.4271,2013-08-18,Aqua,MODIS,176.4,0,288.4,100,2013,8,2013-08-18,18,high,high
41.3911,-116.444,2013-08-18,Terra,MODIS,132.9,0,287.7,96,2013,8,2013-08-18,18,high,high
41.3916,-116.4004,2013-08-18,Terra,MODIS,40.9,0,311.8,90,2013,8,2013-08-18,18,high,medium-low
41.3929,-116.4361,2013-08-18,Aqua,MODIS,247.4,0,306.5,100,2013,8,2013-08-18,18,high,high
41.3929,-116.3937,2013-08-18,Terra,MODIS,289.3,0,289.2,100,2013,8,2013-08-18,18,high,high
41.3932,-116.4126,2013-08-18,Terra,MODIS,69.2,0,307.4,99,2013,8,2013-08-18,18,high,medium-high
41.3943,-116.4511,2013-08-18,Terra,MODIS,124.0,0,287.2,95,2013,8,2013-08-18,18,high,high
41.3948,-116.425,2013-08-18,Terra,MODIS,122.7,0,310.3,100,2013,8,2013-08-18,18,high,high
41.3958,-116.4018,2013-08-18,Terra,MODIS,375.3,0,289.9,100,2013,8,2013-08-18,18,high,high
41.3964,-116.4374,2013-08-18,Terra,MODIS,68.1,0,307.9,99,2013,8,2013-08-18,18,high,medium-high
41.3965,-116.3909,2013-08-18,Terra,MODIS,1209.3,0,300.6,100,2013,8,2013-08-18,18,high,high
41.3993,-116.437,2013-08-18,Terra,MODIS,116.8,0,289.4,100,2013,8,2013-08-18,18,high,medium-high
41.402,-116.4335,2013-08-18,Terra,MODIS,147.6,0,289.5,100,2013,8,2013-08-18,18,high,high
41.4023,-116.4108,2013-08-18,Terra,MODIS,49.6,0,308.3,93,2013,8,2013-08-18,18,high,medium-high
41.4027,-116.3976,2013-08-18,Aqua,MODIS,144.4,0,289.9,100,2013,8,2013-08-18,18,high,high
41.4039,-116.4231,2013-08-18,Terra,MODIS,88.0,0,308.8,100,2013,8,2013-08-18,18,high,medium-high
41.4045,-116.4261,2013-08-18,Aqua,MODIS,159.7,0,287.1,100,2013,8,2013-08-18,18,high,high
41.4065,-116.372,2013-08-18,Terra,MODIS,23.0,0,316.4,79,2013,8,2013-08-18,18,high,medium-low
41.4082,-116.4025,2013-08-18,Terra,MODIS,226.7,0,293.3,100,2013,8,2013-08-18,18,high,high
41.4106,-116.3991,2013-08-18,Terra,MODIS,126.4,0,292.0,100,2013,8,2013-08-18,18,high,high
41.4114,-116.4515,2013-08-18,Terra,MODIS,57.7,0,286.1,63,2013,8,2013-08-18,18,medium,medium-high
41.4118,-116.457,2013-08-17,Terra,MODIS,108.7,0,307.8,76,2013,8,2013-08-17,17,high,medium-high
41.4156,-116.3701,2013-08-18,Terra,MODIS,12.9,0,315.1,54,2013,8,2013-08-18,18,medium,low
41.4161,-116.4418,2013-08-18,Terra,MODIS,33.3,0,289.0,59,2013,8,2013-08-18,18,medium,medium-low
41.4176,-116.4375,2013-08-17,Terra,MODIS,134.5,0,301.8,73,2013,8,2013-08-17,17,high,high
41.4182,-116.4527,2013-08-17,Aqua,MODIS,192.2,0,312.6,100,2013,8,2013-08-17,17,high,high
41.4184,-116.4888,2013-08-18,Terra,MODIS,66.4,0,288.2,86,2013,8,2013-08-18,18,high,medium-high
41.4214,-116.4854,2013-08-18,Terra,MODIS,69.8,0,288.5,89,2013,8,2013-08-18,18,high,medium-high
41.4221,-116.4112,2013-08-18,Terra,MODIS,76.7,0,290.3,91,2013,8,2013-08-18,18,high,medium-high
41.4226,-116.4622,2013-08-17,Terra,MODIS,86.8,0,307.7,72,2013,8,2013-08-17,17,high,medium-high
41.4247,-116.4075,2013-08-18,Terra,MODIS,65.8,0,289.9,86,2013,8,2013-08-18,18,high,medium-high
41.4258,-122.8475,2013-09-16,Aqua,MODIS,8.6,0,307.1,53,2013,9,2013-09-16,16,medium,low
41.4282,-116.4506,2013-08-18,Terra,MODIS,79.0,0,288.9,90,2013,8,2013-08-18,18,high,medium-high
41.4284,-116.453,2013-08-18,Terra,MODIS,106.0,0,286.8,88,2013,8,2013-08-18,18,high,medium-high
41.4288,-116.4551,2013-08-17,Aqua,MODIS,99.7,0,313.7,56,2013,8,2013-08-17,17,medium,medium-high
41.4305,-116.4378,2013-08-17,Aqua,MODIS,135.6,0,301.9,100,2013,8,2013-08-17,17,high,high
41.431,-116.4466,2013-08-18,Terra,MODIS,68.9,0,288.9,78,2013,8,2013-08-18,18,high,medium-high
41.4314,-116.4587,2013-08-18,Terra,MODIS,97.0,0,286.7,55,2013,8,2013-08-18,18,medium,medium-high
41.4385,-121.8251,2013-04-23,Aqua,MODIS,32.9,0,294.6,77,2013,4,2013-04-23,23,high,medium-low
41.4441,-116.4051,2013-08-19,Terra,MODIS,10.6,0,287.8,78,2013,8,2013-08-19,19,high,low
41.4458,-123.5072,2013-09-11,Aqua,MODIS,189.9,0,310.8,100,2013,9,2013-09-11,11,high,high
41.4459,-116.3934,2013-08-19,Terra,MODIS,10.2,0,287.9,78,2013,8,2013-08-19,19,high,low
41.4475,-121.8322,2013-04-23,Aqua,MODIS,16.4,0,294.5,59,2013,4,2013-04-23,23,medium,low
41.4481,-123.4937,2013-09-11,Aqua,MODIS,49.2,0,304.0,89,2013,9,2013-09-11,11,high,medium-high
41.4504,-121.8348,2013-04-24,Terra,MODIS,44.8,0,299.5,92,2013,4,2013-04-24,24,high,medium-low
41.4548,-121.838,2013-10-22,Aqua,MODIS,35.4,0,296.4,87,2013,10,2013-10-22,22,high,medium-low
41.4563,-121.8276,2013-10-22,Terra,MODIS,8.8,0,291.8,61,2013,10,2013-10-22,22,medium,low
41.4588,-121.8415,2013-10-22,Terra,MODIS,29.0,0,292.5,83,2013,10,2013-10-22,22,high,medium-low
41.4624,-121.8203,2013-10-19,Terra,MODIS,11.2,0,290.5,64,2013,10,2013-10-19,19,medium,low
41.4642,-121.8409,2013-10-22,Aqua,MODIS,12.5,0,292.6,71,2013,10,2013-10-22,22,high,low
41.4665,-121.8273,2013-10-22,Aqua,MODIS,17.7,0,292.0,76,2013,10,2013-10-22,22,high,low
41.4668,-122.8409,2013-08-30,Terra,MODIS,14.8,0,308.3,79,2013,8,2013-08-30,30,high,low
41.4684,-122.8535,2013-08-30,Terra,MODIS,14.7,0,303.7,80,2013,8,2013-08-30,30,high,low
41.4802,-121.7289,2013-10-18,Aqua,MODIS,40.4,0,292.7,88,2013,10,2013-10-18,18,high,medium-low
41.4952,-121.7544,2013-09-20,Terra,MODIS,31.1,0,294.4,82,2013,9,2013-09-20,20,high,medium-low
41.5484,-120.1807,2013-11-30,Aqua,MODIS,5.9,0,285.4,52,2013,11,2013-11-30,30,medium,low
41.5676,-120.957,2013-09-06,Terra,MODIS,31.9,0,282.2,68,2013,9,2013-09-06,6,medium,medium-low
41.568000000000005,-120.9625,2013-09-06,Terra,MODIS,28.2,0,282.0,60,2013,9,2013-09-06,6,medium,medium-low
41.5701,-120.4362,2013-03-25,Terra,MODIS,12.3,0,295.8,77,2013,3,2013-03-25,25,high,low
41.5797,-117.8291,2013-09-19,Aqua,MODIS,48.4,0,306.2,76,2013,9,2013-09-19,19,high,medium-high
41.5868,-117.8251,2013-09-19,Aqua,MODIS,82.9,0,307.0,83,2013,9,2013-09-19,19,high,medium-high
41.5896,-117.8405,2013-10-02,Aqua,MODIS,72.6,0,296.6,87,2013,10,2013-10-02,2,high,medium-high
41.6085,-121.3833,2013-04-13,Terra,MODIS,15.2,0,279.7,73,2013,4,2013-04-13,13,high,low
41.6112,-121.3981,2013-04-13,Terra,MODIS,82.2,0,282.2,95,2013,4,2013-04-13,13,high,medium-high
41.6114,-120.3255,2013-12-12,Aqua,MODIS,20.6,0,275.8,53,2013,12,2013-12-12,12,medium,low
41.6243,-121.892,2013-04-24,Terra,MODIS,8.4,0,302.0,73,2013,4,2013-04-24,24,high,low
41.6259,-121.9041,2013-04-24,Terra,MODIS,11.2,0,302.2,77,2013,4,2013-04-24,24,high,low
41.6272,-121.907,2013-04-25,Aqua,MODIS,17.7,0,304.4,80,2013,4,2013-04-25,25,high,low
41.6321,-122.9207,2013-02-15,Aqua,MODIS,7.9,0,289.1,51,2013,2,2013-02-15,15,medium,low
41.6333,-121.9123,2013-04-23,Aqua,MODIS,25.3,0,300.4,76,2013,4,2013-04-23,23,high,medium-low
41.6347,-121.8874,2013-04-23,Terra,MODIS,54.6,0,291.1,56,2013,4,2013-04-23,23,medium,medium-high
41.6349,-121.9088,2013-04-23,Terra,MODIS,154.4,0,292.5,84,2013,4,2013-04-23,23,high,high
41.638000000000005,-117.9481,2013-05-14,Aqua,MODIS,87.6,0,315.9,85,2013,5,2013-05-14,14,high,medium-high
41.6385,-121.913,2013-04-22,Aqua,MODIS,83.6,0,301.0,95,2013,4,2013-04-22,22,high,medium-high
41.6407,-121.916,2013-04-22,Terra,MODIS,35.8,0,297.9,90,2013,4,2013-04-22,22,high,medium-low
41.6412,-121.8989,2013-04-23,Terra,MODIS,140.4,0,294.6,83,2013,4,2013-04-23,23,high,high
41.6415,-121.8947,2013-04-23,Terra,MODIS,69.4,0,291.4,67,2013,4,2013-04-23,23,medium,medium-high
41.6451,-117.9184,2013-05-14,Aqua,MODIS,125.0,0,314.7,90,2013,5,2013-05-14,14,high,high
41.6456,-121.9317,2013-04-22,Aqua,MODIS,17.7,0,302.7,77,2013,4,2013-04-22,22,high,low
41.6458,-117.9445,2013-05-14,Aqua,MODIS,116.1,0,315.3,89,2013,5,2013-05-14,14,high,medium-high
41.6484,-121.9164,2013-04-22,Aqua,MODIS,46.3,0,302.3,89,2013,4,2013-04-22,22,high,medium-low
41.6498,-121.9134,2013-04-22,Terra,MODIS,6.2,0,300.2,55,2013,4,2013-04-22,22,medium,low
41.6518,-117.9127,2013-05-14,Terra,MODIS,19.4,0,317.5,80,2013,5,2013-05-14,14,high,low
41.6521,-117.8441,2013-11-11,Terra,MODIS,7.1,0,290.6,65,2013,11,2013-11-11,11,medium,low
41.6527,-117.9148,2013-05-14,Aqua,MODIS,56.3,0,312.5,79,2013,5,2013-05-14,14,high,medium-high
41.6535,-117.9267,2013-05-14,Terra,MODIS,83.8,0,319.5,100,2013,5,2013-05-14,14,high,medium-high
41.6769,-115.7525,2013-11-08,Terra,MODIS,25.0,0,282.6,78,2013,11,2013-11-08,8,high,medium-low
41.6786,-115.7681,2013-11-08,Terra,MODIS,9.4,0,283.2,50,2013,11,2013-11-08,8,medium,low
41.6817,-123.1466,2013-10-24,Terra,MODIS,11.1,0,290.0,71,2013,10,2013-10-24,24,high,low
41.6857,-123.1484,2013-10-24,Aqua,MODIS,15.8,0,288.1,54,2013,10,2013-10-24,24,medium,low
41.6906,-123.1441,2013-10-24,Terra,MODIS,8.7,0,290.8,65,2013,10,2013-10-24,24,medium,low
41.6911,-122.9376,2013-12-10,Terra,MODIS,16.4,0,267.3,63,2013,12,2013-12-10,10,medium,low
41.6928,-122.9233,2013-12-10,Terra,MODIS,21.8,0,267.0,82,2013,12,2013-12-10,10,high,medium-low
41.7037,-123.0999,2013-02-13,Aqua,MODIS,8.4,0,281.8,54,2013,2,2013-02-13,13,medium,low
41.718,-118.1882,2013-03-18,Terra,MODIS,16.5,0,297.6,81,2013,3,2013-03-18,18,high,low
41.7646,-123.9519,2013-10-29,Aqua,MODIS,9.7,0,285.3,55,2013,10,2013-10-29,29,medium,low
41.7694,-123.9498,2013-10-29,Terra,MODIS,18.3,0,286.0,75,2013,10,2013-10-29,29,high,low
41.7722,-123.9674,2013-10-30,Aqua,MODIS,17.3,0,284.1,54,2013,10,2013-10-30,30,medium,low
41.7724,-123.9688,2013-11-01,Aqua,MODIS,22.3,0,290.7,77,2013,11,2013-11-01,1,high,medium-low
41.774,-123.9531,2013-11-01,Aqua,MODIS,21.4,0,291.1,76,2013,11,2013-11-01,1,high,medium-low
41.775,-122.4061,2013-03-17,Terra,MODIS,14.9,0,294.2,69,2013,3,2013-03-17,17,medium,low
41.7787,-122.4396,2013-09-04,Terra,MODIS,11.3,0,314.4,61,2013,9,2013-09-04,4,medium,low
41.7791,-123.9451,2013-10-31,Terra,MODIS,7.0,0,289.3,58,2013,10,2013-10-31,31,medium,low
41.7808,-123.9569,2013-10-31,Terra,MODIS,7.0,0,288.6,58,2013,10,2013-10-31,31,medium,low
41.781000000000006,-122.4529,2013-09-04,Terra,MODIS,14.8,0,312.5,71,2013,9,2013-09-04,4,high,low
41.8063,-122.1336,2013-10-31,Aqua,MODIS,82.6,0,285.2,94,2013,10,2013-10-31,31,high,medium-high
41.8089,-122.1197,2013-10-31,Aqua,MODIS,30.3,0,285.2,80,2013,10,2013-10-31,31,high,medium-low
41.8163,-120.1881,2013-12-16,Aqua,MODIS,10.9,0,274.3,54,2013,12,2013-12-16,16,medium,low
41.8354,-121.524,2013-03-18,Aqua,MODIS,110.2,0,289.7,71,2013,3,2013-03-18,18,high,medium-high
41.8396,-121.8711,2013-12-04,Terra,MODIS,15.2,0,268.6,68,2013,12,2013-12-04,4,medium,low
41.851000000000006,-121.5091,2013-03-15,Aqua,MODIS,27.6,0,301.2,72,2013,3,2013-03-15,15,high,medium-low
41.8578,-121.5045,2013-03-15,Aqua,MODIS,39.7,0,299.3,75,2013,3,2013-03-15,15,high,medium-low
41.8609,-121.5481,2013-04-26,Aqua,MODIS,33.7,0,305.7,53,2013,4,2013-04-26,26,medium,medium-low
41.8615,-121.5109,2013-03-15,Aqua,MODIS,99.0,0,302.5,73,2013,3,2013-03-15,15,high,medium-high
41.8649,-122.4507,2013-09-10,Terra,MODIS,27.8,0,313.4,71,2013,9,2013-09-10,10,high,medium-low
41.8663,-122.4565,2013-09-10,Terra,MODIS,29.8,0,313.1,77,2013,9,2013-09-10,10,high,medium-low
41.8705,-116.0725,2013-07-18,Aqua,MODIS,54.9,0,327.1,85,2013,7,2013-07-18,18,high,medium-high
41.8721,-116.0884,2013-07-17,Aqua,MODIS,57.3,0,314.5,55,2013,7,2013-07-17,17,medium,medium-high
41.8721,-116.059,2013-07-18,Aqua,MODIS,36.9,0,319.0,75,2013,7,2013-07-18,18,high,medium-low
41.8721,-116.0545,2013-07-18,Terra,MODIS,122.0,0,313.7,88,2013,7,2013-07-18,18,high,high
41.8723,-114.1871,2013-04-30,Terra,MODIS,5.8,0,300.6,52,2013,4,2013-04-30,30,medium,low
41.8762,-116.0588,2013-07-18,Terra,MODIS,90.5,0,314.7,79,2013,7,2013-07-18,18,high,medium-high
41.8784,-116.0815,2013-07-18,Terra,MODIS,85.0,0,314.5,76,2013,7,2013-07-18,18,high,medium-high
41.8792,-121.4589,2013-04-11,Aqua,MODIS,54.3,0,291.5,95,2013,4,2013-04-11,11,high,medium-high
41.8799,-116.0726,2013-07-17,Terra,MODIS,36.1,0,312.5,84,2013,7,2013-07-17,17,high,medium-low
41.8815,-116.061,2013-07-18,Aqua,MODIS,36.5,0,321.7,79,2013,7,2013-07-18,18,high,medium-low
41.8816,-116.0848,2013-07-17,Terra,MODIS,30.1,0,320.0,82,2013,7,2013-07-17,17,high,medium-low
41.8827,-116.0606,2013-07-18,Terra,MODIS,27.4,0,293.3,100,2013,7,2013-07-18,18,high,medium-low
41.8832,-116.0971,2013-07-17,Terra,MODIS,21.2,0,321.5,65,2013,7,2013-07-17,17,medium,medium-low
41.8838,-116.0747,2013-07-17,Aqua,MODIS,87.0,0,288.1,100,2013,7,2013-07-17,17,high,medium-high
41.8841,-116.0928,2013-07-17,Aqua,MODIS,103.7,0,317.7,81,2013,7,2013-07-17,17,high,medium-high
41.8857,-121.4032,2013-10-23,Aqua,MODIS,14.4,0,299.3,65,2013,10,2013-10-23,23,medium,low
41.8857,-116.1036,2013-07-17,Aqua,MODIS,36.0,0,287.8,73,2013,7,2013-07-17,17,high,medium-low
41.8872,-121.4615,2013-04-30,Aqua,MODIS,33.2,0,305.1,67,2013,4,2013-04-30,30,medium,medium-low
41.89,-121.4279,2013-03-18,Aqua,MODIS,23.0,0,289.8,52,2013,3,2013-03-18,18,medium,medium-low
41.8915,-116.0629,2013-07-18,Terra,MODIS,41.5,0,292.8,100,2013,7,2013-07-18,18,high,medium-low
41.892,-116.1018,2013-07-17,Terra,MODIS,37.1,0,322.2,88,2013,7,2013-07-17,17,high,medium-low
41.8933,-121.4254,2013-03-18,Aqua,MODIS,18.9,0,288.8,54,2013,3,2013-03-18,18,medium,low
41.8959,-120.7647,2013-11-13,Aqua,MODIS,95.4,0,288.7,82,2013,11,2013-11-13,13,high,medium-high
41.896,-116.0977,2013-07-17,Aqua,MODIS,59.9,0,320.4,54,2013,7,2013-07-17,17,medium,medium-high
41.8967,-120.7724,2013-11-13,Aqua,MODIS,48.9,0,288.3,67,2013,11,2013-11-13,13,medium,medium-high
41.8986,-116.0771,2013-07-18,Terra,MODIS,15.4,0,291.8,68,2013,7,2013-07-18,18,medium,low
41.9004,-116.0653,2013-07-18,Terra,MODIS,19.1,0,292.9,88,2013,7,2013-07-18,18,high,low
41.9012,-120.6718,2013-11-14,Terra,MODIS,18.5,0,285.9,66,2013,11,2013-11-14,14,medium,low
41.9021,-120.7503,2013-10-17,Aqua,MODIS,58.8,0,296.9,82,2013,10,2013-10-17,17,high,medium-high
41.9043,-120.7306,2013-11-13,Aqua,MODIS,179.0,0,291.2,90,2013,11,2013-11-13,13,high,high
41.9044,-120.6729,2013-11-14,Aqua,MODIS,8.6,0,289.1,55,2013,11,2013-11-14,14,medium,low
41.9052,-120.7382,2013-11-13,Aqua,MODIS,242.8,0,291.6,88,2013,11,2013-11-13,13,high,high
41.9061,-120.6611,2013-11-14,Aqua,MODIS,18.2,0,288.6,81,2013,11,2013-11-14,14,high,low
41.9078,-120.6492,2013-11-14,Aqua,MODIS,32.3,0,287.7,88,2013,11,2013-11-14,14,high,medium-low
41.9082,-120.6495,2013-11-14,Terra,MODIS,75.5,0,288.0,90,2013,11,2013-11-14,14,high,medium-high
41.9091,-120.7737,2013-10-17,Aqua,MODIS,34.1,0,293.7,80,2013,10,2013-10-17,17,high,medium-low
41.9095,-120.7498,2013-11-13,Aqua,MODIS,180.0,0,291.0,82,2013,11,2013-11-13,13,high,high
41.9102,-119.6512,2013-07-05,Aqua,MODIS,26.8,0,310.8,72,2013,7,2013-07-05,5,high,medium-low
41.9109,-116.0723,2013-07-17,Aqua,MODIS,219.3,0,292.6,100,2013,7,2013-07-17,17,high,high
41.911,-120.7542,2013-10-18,Terra,MODIS,59.4,0,295.3,70,2013,10,2013-10-18,18,medium,medium-high
41.9111,-120.758,2013-11-13,Aqua,MODIS,161.1,0,290.8,81,2013,11,2013-11-13,13,high,high
41.9129,-116.1027,2013-07-17,Aqua,MODIS,96.7,0,288.5,100,2013,7,2013-07-17,17,high,medium-high
41.9131,-120.7541,2013-10-17,Aqua,MODIS,406.1,0,302.7,100,2013,10,2013-10-17,17,high,high
41.9139,-120.7291,2013-10-17,Terra,MODIS,52.4,0,300.3,95,2013,10,2013-10-17,17,high,medium-high
41.9155,-120.7307,2013-11-13,Terra,MODIS,11.9,0,292.2,66,2013,11,2013-11-13,13,medium,low
41.9157,-120.741,2013-10-17,Terra,MODIS,64.1,0,300.2,97,2013,10,2013-10-17,17,high,medium-high
41.9161,-120.6901,2013-11-05,Aqua,MODIS,23.9,0,267.2,60,2013,11,2013-11-05,5,medium,medium-low
41.9163,-120.7457,2013-11-14,Terra,MODIS,16.1,0,288.6,64,2013,11,2013-11-14,14,medium,low
41.9171,-120.7346,2013-10-17,Aqua,MODIS,91.1,0,301.0,93,2013,10,2013-10-17,17,high,medium-high
41.9173,-120.7257,2013-10-15,Aqua,MODIS,84.1,0,300.0,97,2013,10,2013-10-15,15,high,medium-high
41.9174,-120.7528,2013-10-17,Terra,MODIS,11.0,0,297.2,73,2013,10,2013-10-17,17,high,low
41.9189,-120.7628,2013-11-14,Aqua,MODIS,6.2,0,286.4,55,2013,11,2013-11-14,14,medium,low
41.9197,-120.712,2013-10-15,Aqua,MODIS,13.8,0,296.3,76,2013,10,2013-10-15,15,high,low
41.9199,-116.067,2013-07-17,Aqua,MODIS,74.7,0,287.9,100,2013,7,2013-07-17,17,high,medium-high
41.92,-120.7547,2013-10-18,Terra,MODIS,187.0,0,292.8,82,2013,10,2013-10-18,18,high,high
41.9207,-120.751,2013-11-14,Aqua,MODIS,5.8,0,288.2,50,2013,11,2013-11-14,14,medium,low
41.9211,-120.7631,2013-10-18,Terra,MODIS,146.0,0,292.1,63,2013,10,2013-10-18,18,medium,high
41.9218,-116.0974,2013-07-17,Aqua,MODIS,56.1,0,286.2,90,2013,7,2013-07-17,17,high,medium-high
41.9219,-120.7564,2013-10-15,Aqua,MODIS,13.5,0,293.7,63,2013,10,2013-10-15,15,medium,low
41.922,-120.718,2013-10-15,Terra,MODIS,195.3,0,299.3,100,2013,10,2013-10-15,15,high,high
41.9228,-120.7268,2013-10-17,Terra,MODIS,26.1,0,300.5,87,2013,10,2013-10-17,17,high,medium-low
41.9234,-120.7076,2013-10-11,Terra,MODIS,53.2,0,286.8,76,2013,10,2013-10-11,11,high,medium-high
41.9241,-120.7565,2013-10-18,Aqua,MODIS,23.2,0,297.0,74,2013,10,2013-10-18,18,high,medium-low
41.9243,-120.7425,2013-10-15,Aqua,MODIS,91.0,0,297.9,98,2013,10,2013-10-15,15,high,medium-high
41.9244,-120.7315,2013-10-15,Terra,MODIS,276.0,0,300.7,100,2013,10,2013-10-15,15,high,high
41.9244,-120.7113,2013-11-01,Aqua,MODIS,57.8,0,297.2,84,2013,11,2013-11-01,1,high,medium-high
41.9245,-120.7387,2013-10-17,Terra,MODIS,48.8,0,299.0,94,2013,10,2013-10-17,17,high,medium-high
41.9262,-120.6881,2013-11-01,Aqua,MODIS,35.5,0,296.5,78,2013,11,2013-11-01,1,high,medium-low
41.9263,-120.7505,2013-10-17,Terra,MODIS,8.0,0,295.0,52,2013,10,2013-10-17,17,medium,low
41.9267,-120.7448,2013-10-15,Terra,MODIS,131.5,0,294.4,100,2013,10,2013-10-15,15,high,high
41.9267,-120.7286,2013-10-15,Aqua,MODIS,44.6,0,296.5,90,2013,10,2013-10-15,15,high,medium-low
41.9268,-120.7153,2013-10-10,Terra,MODIS,4.5,0,291.3,59,2013,10,2013-10-10,10,medium,low
41.9292,-120.6917,2013-11-14,Aqua,MODIS,113.7,0,295.3,100,2013,11,2013-11-14,14,high,medium-high
41.9297,-120.7348,2013-10-11,Terra,MODIS,63.3,0,285.9,79,2013,10,2013-10-11,11,high,medium-high
41.931,-120.6799,2013-11-14,Aqua,MODIS,380.6,0,301.3,100,2013,11,2013-11-14,14,high,high
41.931,-120.6773,2013-11-25,Aqua,MODIS,39.4,0,287.5,84,2013,11,2013-11-25,25,high,medium-low
41.9323,-120.6886,2013-11-06,Aqua,MODIS,119.7,0,278.5,56,2013,11,2013-11-06,6,medium,high
41.9327,-120.668,2013-11-14,Aqua,MODIS,102.1,0,290.2,100,2013,11,2013-11-14,14,high,medium-high
41.9327,-120.6596,2013-11-26,Terra,MODIS,176.1,0,280.3,80,2013,11,2013-11-26,26,high,high
41.9333,-120.6617,2013-11-25,Terra,MODIS,14.6,0,282.9,74,2013,11,2013-11-25,25,high,low
41.9337,-120.7286,2013-10-15,Terra,MODIS,17.8,0,293.2,78,2013,10,2013-10-15,15,high,low
41.934,-120.0667,2013-03-17,Aqua,MODIS,7.9,0,291.5,68,2013,3,2013-03-17,17,medium,low
41.9342,-120.7008,2013-10-10,Terra,MODIS,57.0,0,291.4,95,2013,10,2013-10-10,10,high,medium-high
41.9345,-120.0615,2013-03-18,Aqua,MODIS,103.7,0,289.8,84,2013,3,2013-03-18,18,high,medium-high
41.9353,-120.674,2013-11-25,Terra,MODIS,35.2,0,286.0,88,2013,11,2013-11-25,25,high,medium-low
41.9358,-120.7131,2013-10-10,Terra,MODIS,89.4,0,293.8,100,2013,10,2013-10-10,10,high,medium-high
41.9358,-120.6541,2013-11-26,Aqua,MODIS,38.4,0,269.6,73,2013,11,2013-11-26,26,high,medium-low
41.9359,-121.4484,2013-04-11,Aqua,MODIS,7.7,0,294.7,76,2013,4,2013-04-11,11,high,low
41.9362,-120.7027,2013-10-11,Terra,MODIS,268.0,0,288.4,98,2013,10,2013-10-11,11,high,high
41.9365,-120.7133,2013-11-01,Aqua,MODIS,95.1,0,298.1,91,2013,11,2013-11-01,1,high,medium-high
41.9371,-120.0888,2013-03-18,Aqua,MODIS,40.8,0,287.5,66,2013,3,2013-03-18,18,medium,medium-low
41.9375,-121.4364,2013-04-11,Aqua,MODIS,6.0,0,295.1,74,2013,4,2013-04-11,11,high,low
41.9377,-120.0598,2013-03-17,Aqua,MODIS,9.2,0,292.1,67,2013,3,2013-03-17,17,medium,low
41.9378,-120.7535,2013-10-18,Terra,MODIS,80.6,0,290.7,60,2013,10,2013-10-18,18,medium,medium-high
41.9381,-120.6941,2013-11-14,Aqua,MODIS,91.6,0,292.8,100,2013,11,2013-11-14,14,high,medium-high
41.9384,-120.6902,2013-11-01,Aqua,MODIS,121.8,0,296.6,93,2013,11,2013-11-01,1,high,high
41.9387,-120.662,2013-11-26,Terra,MODIS,177.9,0,280.7,80,2013,11,2013-11-26,26,high,high
41.9388,-120.6941,2013-11-06,Aqua,MODIS,195.4,0,278.3,83,2013,11,2013-11-06,6,high,high
41.9391,-120.7123,2013-10-18,Aqua,MODIS,35.2,0,299.5,85,2013,10,2013-10-18,18,high,medium-low
41.9395,-120.0591,2013-03-19,Terra,MODIS,33.1,0,281.5,77,2013,3,2013-03-19,19,high,medium-low
41.9398,-120.6822,2013-11-14,Aqua,MODIS,49.7,0,288.8,94,2013,11,2013-11-14,14,high,medium-high
41.941,-120.0682,2013-03-17,Terra,MODIS,56.2,0,285.4,72,2013,3,2013-03-17,17,high,medium-high
41.9414,-120.0398,2013-03-17,Terra,MODIS,34.7,0,286.9,65,2013,3,2013-03-17,17,medium,medium-low
41.9425,-120.7297,2013-10-11,Terra,MODIS,354.3,0,289.2,100,2013,10,2013-10-11,11,high,high
41.9425,-120.6268,2013-11-22,Aqua,MODIS,130.2,0,278.2,75,2013,11,2013-11-22,22,high,high
41.9432,-120.6986,2013-10-10,Terra,MODIS,72.3,0,291.3,97,2013,10,2013-10-10,10,high,medium-high
41.9444,-120.7061,2013-10-10,Aqua,MODIS,43.5,0,282.5,52,2013,10,2013-10-10,10,medium,medium-low
41.9444,-120.0583,2013-03-18,Aqua,MODIS,81.9,0,288.0,81,2013,3,2013-03-18,18,high,medium-high
41.9446,-120.7045,2013-10-18,Terra,MODIS,99.5,0,299.1,70,2013,10,2013-10-18,18,medium,medium-high
41.9448,-120.711,2013-10-10,Terra,MODIS,61.6,0,292.3,96,2013,10,2013-10-10,10,high,medium-high
41.9456,-120.7388,2013-10-30,Aqua,MODIS,213.6,0,288.4,92,2013,10,2013-10-30,30,high,high
41.9461,-120.6969,2013-10-18,Terra,MODIS,129.2,0,299.1,88,2013,10,2013-10-18,18,high,high
41.9469,-120.6964,2013-11-14,Aqua,MODIS,12.0,0,288.9,74,2013,11,2013-11-14,14,high,low
41.9474,-120.7039,2013-10-30,Aqua,MODIS,29.4,0,284.6,56,2013,10,2013-10-30,30,medium,medium-low
41.9477,-120.7027,2013-10-24,Aqua,MODIS,45.9,0,304.0,88,2013,10,2013-10-24,24,high,medium-low
41.9478,-120.6245,2013-11-22,Terra,MODIS,75.0,0,277.6,89,2013,11,2013-11-22,22,high,medium-high
41.9483,-121.3843,2013-08-31,Aqua,MODIS,18.1,0,311.8,59,2013,8,2013-08-31,31,medium,low
41.9488,-120.0711,2013-03-17,Terra,MODIS,46.5,0,285.6,72,2013,3,2013-03-17,17,high,medium-low
41.9489,-120.6401,2013-11-22,Aqua,MODIS,570.8,0,280.7,100,2013,11,2013-11-22,22,high,high
41.9491,-120.7144,2013-10-18,Aqua,MODIS,114.5,0,298.9,99,2013,10,2013-10-18,18,high,medium-high
41.9496,-120.6437,2013-11-22,Terra,MODIS,97.7,0,277.4,92,2013,11,2013-11-22,22,high,medium-high
41.95,-120.7603,2013-10-30,Aqua,MODIS,220.4,0,282.6,79,2013,10,2013-10-30,30,high,high
41.9502,-121.3755,2013-08-31,Aqua,MODIS,22.7,0,310.3,52,2013,8,2013-08-31,31,medium,medium-low
41.9507,-120.6867,2013-10-24,Aqua,MODIS,35.2,0,299.1,85,2013,10,2013-10-24,24,high,medium-low
41.9508,-120.6989,2013-10-18,Aqua,MODIS,86.3,0,296.5,96,2013,10,2013-10-18,18,high,medium-high
41.9508,-120.684,2013-10-24,Terra,MODIS,24.9,0,299.4,85,2013,10,2013-10-24,24,high,medium-low
41.9513,-120.7638,2013-10-30,Aqua,MODIS,169.5,0,282.2,80,2013,10,2013-10-30,30,high,high
41.9516,-120.0672,2013-03-16,Aqua,MODIS,17.6,0,286.9,65,2013,3,2013-03-16,16,medium,low
41.9522,-120.6965,2013-10-10,Terra,MODIS,45.2,0,291.2,92,2013,10,2013-10-10,10,high,medium-low
41.9528,-120.6962,2013-10-24,Terra,MODIS,103.4,0,304.9,100,2013,10,2013-10-24,24,high,medium-high
41.9543,-120.7294,2013-10-18,Terra,MODIS,144.9,0,296.7,89,2013,10,2013-10-18,18,high,high
41.9549,-120.6957,2013-11-06,Aqua,MODIS,102.5,0,275.6,65,2013,11,2013-11-06,6,medium,medium-high
41.9571,-120.6736,2013-11-22,Aqua,MODIS,68.5,0,278.2,51,2013,11,2013-11-22,22,medium,medium-high
41.9577,-120.6481,2013-11-22,Aqua,MODIS,146.8,0,278.3,82,2013,11,2013-11-22,22,high,high
41.9579,-120.706,2013-10-24,Aqua,MODIS,25.8,0,302.0,80,2013,10,2013-10-24,24,high,medium-low
41.9586,-120.6988,2013-10-18,Terra,MODIS,319.5,0,298.1,97,2013,10,2013-10-18,18,high,high
41.9588,-120.6288,2013-11-22,Aqua,MODIS,158.6,0,278.0,82,2013,11,2013-11-22,22,high,high
41.9589,-120.6223,2013-11-22,Terra,MODIS,123.5,0,279.3,95,2013,11,2013-11-22,22,high,high
41.9591,-120.7239,2013-10-30,Terra,MODIS,113.6,0,282.8,91,2013,10,2013-10-30,30,high,medium-high
41.9592,-120.7164,2013-10-18,Aqua,MODIS,102.0,0,298.6,98,2013,10,2013-10-18,18,high,medium-high
41.9595,-120.6491,2013-11-21,Aqua,MODIS,47.9,0,275.9,91,2013,11,2013-11-21,21,high,medium-high
41.96,-120.6912,2013-10-18,Terra,MODIS,214.5,0,296.6,93,2013,10,2013-10-18,18,high,high
41.9601,-120.6202,2013-11-21,Terra,MODIS,39.3,0,272.3,71,2013,11,2013-11-21,21,high,medium-low
41.9602,-120.7403,2013-10-30,Aqua,MODIS,437.5,0,287.8,100,2013,10,2013-10-30,30,high,high
41.9602,-120.6881,2013-10-24,Terra,MODIS,48.6,0,299.0,93,2013,10,2013-10-24,24,high,medium-high
41.9603,-117.6362,2013-05-02,Aqua,MODIS,72.4,0,311.9,84,2013,5,2013-05-02,2,high,medium-high
41.9607,-120.6415,2013-11-22,Terra,MODIS,284.4,0,282.5,100,2013,11,2013-11-22,22,high,high
41.9609,-120.7009,2013-10-18,Aqua,MODIS,28.0,0,297.2,81,2013,10,2013-10-18,18,high,medium-low
41.9609,-120.69,2013-10-24,Aqua,MODIS,10.1,0,298.3,59,2013,10,2013-10-24,24,medium,low
41.961000000000006,-120.7484,2013-10-30,Terra,MODIS,32.7,0,279.0,72,2013,10,2013-10-30,30,high,medium-low
41.9611,-120.7178,2013-11-25,Terra,MODIS,8.6,0,283.2,61,2013,11,2013-11-25,25,medium,low
41.9611,-120.6368,2013-11-21,Aqua,MODIS,112.2,0,278.4,100,2013,11,2013-11-21,21,high,medium-high
41.9621,-120.7057,2013-10-30,Aqua,MODIS,124.0,0,283.9,85,2013,10,2013-10-30,30,high,high
41.9621,-120.7003,2013-10-24,Terra,MODIS,45.7,0,301.7,93,2013,10,2013-10-24,24,high,medium-low
41.9621,-117.6083,2013-05-02,Aqua,MODIS,27.3,0,311.0,64,2013,5,2013-05-02,2,medium,medium-low
41.9624,-120.7277,2013-11-25,Aqua,MODIS,41.8,0,286.3,85,2013,11,2013-11-25,25,high,medium-low
41.9627,-120.6245,2013-11-21,Aqua,MODIS,174.5,0,279.4,100,2013,11,2013-11-21,21,high,high
41.9638,-120.7474,2013-11-01,Aqua,MODIS,16.2,0,291.2,55,2013,11,2013-11-01,1,medium,low
41.9639,-120.7048,2013-11-06,Aqua,MODIS,119.0,0,276.2,71,2013,11,2013-11-06,6,high,medium-high
41.9643,-120.7092,2013-10-30,Aqua,MODIS,97.3,0,283.0,70,2013,10,2013-10-30,30,medium,medium-high
41.9651,-120.6428,2013-11-21,Terra,MODIS,110.8,0,273.9,90,2013,11,2013-11-21,21,high,medium-high
41.9654,-120.7119,2013-11-25,Aqua,MODIS,49.7,0,286.0,87,2013,11,2013-11-25,25,high,medium-high
41.9655,-120.7247,2013-11-01,Aqua,MODIS,34.4,0,293.6,77,2013,11,2013-11-01,1,high,medium-low
41.9659,-120.7129,2013-10-30,Aqua,MODIS,98.2,0,282.9,71,2013,10,2013-10-30,30,high,medium-high
41.9665,-120.7311,2013-10-18,Terra,MODIS,83.8,0,294.2,82,2013,10,2013-10-18,18,high,medium-high
41.9678,-120.644,2013-11-21,Aqua,MODIS,15.1,0,274.5,70,2013,11,2013-11-21,21,medium,low
41.9681,-120.7236,2013-10-18,Terra,MODIS,158.5,0,294.4,90,2013,10,2013-10-18,18,high,high
41.9681,-120.7031,2013-11-25,Terra,MODIS,30.6,0,284.7,86,2013,11,2013-11-25,25,high,medium-low
41.9689,-120.7384,2013-11-01,Terra,MODIS,71.2,0,288.8,68,2013,11,2013-11-01,1,medium,medium-high
41.9694,-120.6316,2013-11-21,Aqua,MODIS,52.4,0,276.5,92,2013,11,2013-11-21,21,high,medium-high
41.9701,-120.7152,2013-11-25,Terra,MODIS,136.0,0,287.0,100,2013,11,2013-11-25,25,high,high
41.9711,-120.7416,2013-11-01,Aqua,MODIS,21.7,0,290.9,63,2013,11,2013-11-01,1,medium,medium-low
41.972,-120.7274,2013-11-25,Terra,MODIS,41.1,0,283.9,90,2013,11,2013-11-25,25,high,medium-low
41.9723,-120.7329,2013-11-01,Terra,MODIS,83.2,0,288.8,71,2013,11,2013-11-01,1,high,medium-high
41.9753,-120.7151,2013-11-01,Terra,MODIS,77.8,0,287.8,77,2013,11,2013-11-01,1,high,medium-high
41.9773,-120.7528,2013-11-01,Terra,MODIS,26.5,0,285.3,51,2013,11,2013-11-01,1,medium,medium-low
41.9776,-121.5521,2013-04-11,Aqua,MODIS,53.1,0,285.3,95,2013,4,2013-04-11,11,high,medium-high
41.9792,-121.5402,2013-04-11,Aqua,MODIS,7.9,0,286.6,73,2013,4,2013-04-11,11,high,low
41.9851,-114.0223,2013-07-02,Aqua,MODIS,155.2,0,326.4,100,2013,7,2013-07-02,2,high,high
41.9865,-121.5544,2013-04-11,Aqua,MODIS,27.9,0,288.9,88,2013,4,2013-04-11,11,high,medium-low
41.9869,-114.0054,2013-07-02,Aqua,MODIS,26.5,0,320.3,62,2013,7,2013-07-02,2,medium,medium-low
41.9881,-121.5424,2013-04-11,Aqua,MODIS,7.9,0,290.2,61,2013,4,2013-04-11,11,medium,low
41.989,-121.5148,2013-08-30,Aqua,MODIS,21.3,0,305.1,62,2013,8,2013-08-30,30,medium,medium-low
41.9955,-114.0241,2013-07-02,Aqua,MODIS,26.6,0,324.7,82,2013,7,2013-07-02,2,high,medium-low
